METAL,x,y,width,heigth
M1,2.298E-5,1.5585E-5,6.4E-7,2.4000000000000003E-7,M1,2.3575E-5,1.8885E-5,6.4E-7,2.4000000000000003E-7,M1,8.91E-6,1.7645E-5,9.575E-6,1.6E-7,M1,1.8085E-5,1.7605000000000002E-5,6.4E-7,2.4000000000000003E-7,M1,1.952E-5,1.168E-5,6.4E-7,2.4000000000000003E-7,M1,2.688E-5,1.805E-6,1.6E-7,1.75E-7,M1,2.195E-5,1.805E-6,5.09E-6,1.6E-7,M1,2.535E-5,2.34E-6,6.4E-7,2.4000000000000003E-7,M1,9.75E-6,2.34E-6,6.4E-7,2.4000000000000003E-7,M1,1.283E-5,1.296E-5,6.4E-7,2.4000000000000003E-7,M1,1.632E-5,1.014E-5,2.4000000000000003E-7,6.4E-7,M1,1.8E-7,1.6065E-5,2.4000000000000003E-7,6.4E-7,M1,4.4E-7,2.0025E-5,2.4000000000000003E-7,6.4E-7,M1,2.6150000000000002E-5,4.77E-6,1.6E-7,1.9E-7,M1,2.327E-5,4.77E-6,3.04E-6,1.6E-7,M1,1.3880000000000001E-5,2.35E-6,1.7000000000000001E-7,1.6E-7,M1,1.389E-5,2.35E-6,1.6E-7,1.44E-6,M1,1.444E-5,2.0065000000000002E-5,6.86E-6,1.6E-7,M1,1.918E-5,1.014E-5,2.4000000000000003E-7,6.4E-7,M1,2.2270000000000002E-5,1.296E-5,6.4E-7,2.4000000000000003E-7,M1,2.322E-5,1.3000000000000001E-5,1.6E-7,8.6E-7,M1,2.322E-5,1.3700000000000001E-5,2.7E-7,1.6E-7,M1,3.532E-5,1.6065E-5,2.4000000000000003E-7,6.4E-7,M1,3.506E-5,2.0025E-5,2.4000000000000003E-7,6.4E-7,M1,2.259E-5,1.4485000000000001E-5,2.4000000000000003E-7,6.4E-7,M1,2.11E-5,2.0025E-5,2.4000000000000003E-7,6.4E-7,M1,2.169E-5,2.35E-6,1.7000000000000001E-7,1.6E-7,M1,2.169E-5,2.35E-6,1.6E-7,1.44E-6,M1,1.291E-5,1.4485000000000001E-5,2.4000000000000003E-7,6.4E-7,M1,1.4400000000000001E-5,2.0025E-5,2.4000000000000003E-7,6.4E-7,M1,1.363E-5,1.805E-6,1.6E-7,1.75E-7,M1,8.7E-6,1.82E-6,5.09E-6,1.6E-7,M1,1.558E-5,1.168E-5,6.4E-7,2.4000000000000003E-7,M1,2.663E-5,1.7605000000000002E-5,6.4E-7,2.4000000000000003E-7,M1,1.2120000000000001E-5,1.5585E-5,6.4E-7,2.4000000000000003E-7,M1,1.1525E-5,1.8885E-5,6.4E-7,2.4000000000000003E-7,M1,1.231E-5,4.77E-6,1.6E-7,1.9E-7,M1,9.43E-6,4.8E-6,3.04E-6,1.6E-7,M1,1.227E-5,4.7300000000000005E-6,2.4000000000000003E-7,6.4E-7,M1,1.219E-5,9.25E-7,2.4000000000000003E-7,6.4E-7,M1,1.225E-5,1.3000000000000001E-5,1.6E-7,8.6E-7,M1,1.225E-5,1.3000000000000001E-5,2.7E-7,1.6E-7,M1,2.887E-5,5.800000000000001E-7,2.4000000000000003E-7,6.4E-7,M1,2.893E-5,1.9585E-5,2.4000000000000003E-7,6.4E-7,M1,1.691E-5,1.805E-6,1.9200000000000003E-6,1.6E-7,M1,2.323E-5,4.7300000000000005E-6,2.4000000000000003E-7,6.4E-7,M1,2.3310000000000002E-5,9.25E-7,2.4000000000000003E-7,6.4E-7,M1,6.63E-6,5.800000000000001E-7,2.4000000000000003E-7,6.4E-7,M1,6.57E-6,1.9585E-5,2.4000000000000003E-7,6.4E-7,M2,2.3E-5,1.5605E-5,6.0E-7,2.0E-7,M2,2.32E-5,1.5605E-5,7.95E-7,2.0E-7,M2,2.3795000000000002E-5,1.5605E-5,2.0E-7,3.5E-6,M2,2.3595E-5,1.8905E-5,6.0E-7,2.0E-7,M2,1.8045E-5,1.7565E-5,7.2E-7,3.2E-7,M2,1.948E-5,1.164E-5,7.2E-7,3.2E-7,M2,2.537E-5,2.36E-6,6.0E-7,2.0E-7,M2,1.0170000000000001E-5,2.36E-6,1.54E-5,2.0E-7,M2,9.77E-6,2.36E-6,6.0E-7,2.0E-7,M2,1.279E-5,1.292E-5,7.2E-7,3.2E-7,M2,1.628E-5,1.01E-5,3.2E-7,7.2E-7,M2,2.0E-7,1.6085E-5,2.0E-7,6.0E-7,M2,2.0E-7,1.6485E-5,2.0E-7,3.76E-6,M2,2.0E-7,2.0045000000000002E-5,4.6E-7,2.0E-7,M2,4.6E-7,2.0045000000000002E-5,2.0E-7,6.0E-7,M2,1.914E-5,1.01E-5,3.2E-7,7.2E-7,M2,2.163E-5,1.05E-5,1.12E-6,3.2E-7,M2,2.243E-5,1.05E-5,3.2E-7,1.12E-6,M2,2.249E-5,1.056E-5,2.0E-7,2.62E-6,M2,2.2290000000000002E-5,1.2980000000000001E-5,6.0E-7,2.0E-7,M2,3.5340000000000004E-5,1.6085E-5,2.0E-7,6.0E-7,M2,3.5340000000000004E-5,1.6485E-5,2.0E-7,3.76E-6,M2,3.508E-5,2.0045000000000002E-5,4.6E-7,2.0E-7,M2,3.508E-5,2.0045000000000002E-5,2.0E-7,6.0E-7,M2,2.2610000000000002E-5,1.4505000000000001E-5,2.0E-7,6.0E-7,M2,2.112E-5,1.4905E-5,1.6900000000000001E-6,2.0E-7,M2,2.112E-5,1.4905E-5,2.0E-7,5.34E-6,M2,2.112E-5,2.0045000000000002E-5,2.0E-7,6.0E-7,M2,1.293E-5,1.4505000000000001E-5,2.0E-7,6.0E-7,M2,1.293E-5,1.4905E-5,1.6900000000000001E-6,2.0E-7,M2,1.4420000000000001E-5,1.4905E-5,2.0E-7,5.34E-6,M2,1.4420000000000001E-5,2.0045000000000002E-5,2.0E-7,6.0E-7,M2,1.554E-5,1.164E-5,7.2E-7,3.2E-7,M2,2.659E-5,1.7565E-5,7.2E-7,3.2E-7,M2,1.214E-5,1.5605E-5,6.0E-7,2.0E-7,M2,1.1745E-5,1.5605E-5,7.95E-7,2.0E-7,M2,1.1745E-5,1.5605E-5,2.0E-7,3.5E-6,M2,1.1545E-5,1.8905E-5,6.0E-7,2.0E-7,M2,1.223E-5,4.69E-6,3.2E-7,7.2E-7,M2,1.215E-5,8.85E-7,3.2E-7,7.2E-7,M2,2.889E-5,6.0E-7,2.0E-7,6.0E-7,M2,2.889E-5,6.0E-7,2.6E-7,2.0E-7,M2,2.895E-5,6.0E-7,2.0E-7,1.9205E-5,M2,2.895E-5,1.9605E-5,2.0E-7,6.0E-7,M2,2.319E-5,4.69E-6,3.2E-7,7.2E-7,M2,2.327E-5,8.85E-7,3.2E-7,7.2E-7,M2,6.65E-6,6.0E-7,2.0E-7,6.0E-7,M2,6.5900000000000004E-6,6.0E-7,2.6E-7,2.0E-7,M2,6.5900000000000004E-6,6.0E-7,2.0E-7,1.9205E-5,M2,6.5900000000000004E-6,1.9605E-5,2.0E-7,6.0E-7,M3,1.8045E-5,1.7565E-5,7.2E-7,3.2E-7,M3,1.948E-5,1.164E-5,7.2E-7,3.2E-7,M3,1.279E-5,1.292E-5,7.2E-7,3.2E-7,M3,1.2990000000000001E-5,1.05E-5,3.2E-7,1.12E-6,M3,1.2990000000000001E-5,1.05E-5,1.12E-6,3.2E-7,M3,1.305E-5,1.056E-5,3.49E-6,2.0E-7,M3,1.634E-5,1.0160000000000001E-5,2.0E-7,6.0E-7,M3,1.914E-5,1.01E-5,3.2E-7,7.2E-7,M3,2.163E-5,1.05E-5,1.12E-6,3.2E-7,M3,2.243E-5,1.05E-5,3.2E-7,1.12E-6,M3,1.56E-5,1.17E-5,6.0E-7,2.0E-7,M3,1.6E-5,1.17E-5,2.0E-7,6.125E-6,M3,1.594E-5,1.7565E-5,1.12E-6,3.2E-7,M3,1.594E-5,1.6765E-5,3.2E-7,1.12E-6,M3,2.659E-5,1.7565E-5,7.2E-7,3.2E-7,M3,1.223E-5,4.69E-6,3.2E-7,7.2E-7,M3,1.215E-5,8.85E-7,3.2E-7,7.2E-7,M3,2.319E-5,4.69E-6,3.2E-7,7.2E-7,M3,2.327E-5,8.85E-7,3.2E-7,7.2E-7,M4,1.8105E-5,1.7625E-5,6.0E-7,2.0E-7,M4,1.8305000000000002E-5,1.7625E-5,1.435E-6,2.0E-7,M4,1.954E-5,1.17E-5,2.0E-7,6.125E-6,M4,1.954E-5,1.17E-5,6.0E-7,2.0E-7,M4,1.285E-5,1.2980000000000001E-5,6.0E-7,2.0E-7,M4,1.305E-5,1.056E-5,2.0E-7,2.62E-6,M4,1.305E-5,1.056E-5,2.0E-7,1.0E-6,M4,1.305E-5,1.056E-5,1.0E-6,2.0E-7,M4,1.92E-5,1.0160000000000001E-5,2.0E-7,6.0E-7,M4,1.92E-5,1.056E-5,3.49E-6,2.0E-7,M4,2.169E-5,1.056E-5,1.0E-6,2.0E-7,M4,2.249E-5,1.056E-5,2.0E-7,1.0E-6,M4,1.594E-5,1.7565E-5,1.12E-6,3.2E-7,M4,1.594E-5,1.6765E-5,3.2E-7,1.12E-6,M4,2.659E-5,1.7565E-5,7.2E-7,3.2E-7,M4,1.2290000000000001E-5,4.75E-6,2.0E-7,6.0E-7,M4,1.2290000000000001E-5,1.345E-6,2.0E-7,3.6050000000000002E-6,M4,1.221E-5,1.345E-6,2.8E-7,2.0E-7,M4,1.221E-5,9.450000000000001E-7,2.0E-7,6.0E-7,M4,2.325E-5,4.75E-6,2.0E-7,6.0E-7,M4,2.325E-5,1.345E-6,2.0E-7,3.6050000000000002E-6,M4,2.325E-5,1.345E-6,2.8E-7,2.0E-7,M4,2.3330000000000002E-5,9.450000000000001E-7,2.0E-7,6.0E-7,M5,1.6E-5,1.7625E-5,1.0E-6,2.0E-7,M5,1.6E-5,1.6825E-5,2.0E-7,1.0E-6,M5,1.6E-5,1.7625E-5,1.435E-6,2.0E-7,M5,1.6975E-5,1.7565E-5,7.2E-7,3.2E-7,M5,2.659E-5,1.7565E-5,7.2E-7,3.2E-7,M6,1.7035E-5,1.7625E-5,6.0E-7,2.0E-7,M6,1.7235E-5,1.7625E-5,9.615E-6,2.0E-7,M6,2.665E-5,1.7625E-5,6.0E-7,2.0E-7,
M1,2.3690000000000002E-5,1.5625E-5,1.6E-7,3.46E-6,M1,2.3690000000000002E-5,1.8925E-5,2.85E-7,1.6E-7,M1,8.47E-6,1.7605000000000002E-5,6.4E-7,2.4000000000000003E-7,M1,1.952E-5,1.168E-5,6.4E-7,2.4000000000000003E-7,M1,2.688E-5,1.805E-6,1.6E-7,1.75E-7,M1,2.195E-5,1.805E-6,5.09E-6,1.6E-7,M1,2.535E-5,2.0E-8,6.4E-7,2.4000000000000003E-7,M1,9.75E-6,2.0E-8,6.4E-7,2.4000000000000003E-7,M1,1.283E-5,1.296E-5,6.4E-7,2.4000000000000003E-7,M1,1.632E-5,1.014E-5,2.4000000000000003E-7,6.4E-7,M1,1.8E-7,1.6065E-5,2.4000000000000003E-7,6.4E-7,M1,4.4E-7,2.0025E-5,2.4000000000000003E-7,6.4E-7,M1,2.6150000000000002E-5,4.77E-6,1.6E-7,1.9E-7,M1,2.327E-5,4.77E-6,3.04E-6,1.6E-7,M1,1.3880000000000001E-5,2.35E-6,1.6E-7,1.44E-6,M1,1.3880000000000001E-5,3.63E-6,1.7000000000000001E-7,1.6E-7,M1,1.444E-5,2.1985E-5,6.86E-6,1.6E-7,M1,1.918E-5,1.014E-5,2.4000000000000003E-7,6.4E-7,M1,2.2270000000000002E-5,1.296E-5,6.4E-7,2.4000000000000003E-7,M1,2.322E-5,1.3000000000000001E-5,1.6E-7,8.6E-7,M1,2.322E-5,1.3700000000000001E-5,2.7E-7,1.6E-7,M1,3.532E-5,1.6065E-5,2.4000000000000003E-7,6.4E-7,M1,3.506E-5,2.0025E-5,2.4000000000000003E-7,6.4E-7,M1,2.114E-5,1.4925E-5,1.65E-6,1.6E-7,M1,2.114E-5,1.4925E-5,1.6E-7,5.3E-6,M1,2.17E-5,2.35E-6,1.6E-7,1.44E-6,M1,2.169E-5,3.63E-6,1.7000000000000001E-7,1.6E-7,M1,1.295E-5,1.4925E-5,1.65E-6,1.6E-7,M1,1.444E-5,1.4925E-5,1.6E-7,5.3E-6,M1,1.359E-5,1.365E-6,2.4000000000000003E-7,6.4E-7,M1,1.359E-5,9.8E-7,2.4000000000000003E-7,1.04E-6,M1,1.279E-5,1.7800000000000001E-6,1.04E-6,2.4000000000000003E-7,M1,8.7E-6,1.82E-6,5.09E-6,1.6E-7,M1,1.558E-5,1.168E-5,6.4E-7,2.4000000000000003E-7,M1,2.663E-5,1.7605000000000002E-5,6.4E-7,2.4000000000000003E-7,M1,1.189E-5,1.5625E-5,1.6E-7,3.46E-6,M1,1.1765E-5,1.8925E-5,2.85E-7,1.6E-7,M1,1.223E-5,4.77E-6,2.4000000000000003E-7,1.6E-7,M1,1.223E-5,4.7300000000000005E-6,1.6E-7,2.0E-7,M1,1.219E-5,4.49E-6,2.4000000000000003E-7,6.4E-7,M1,1.219E-5,9.25E-7,2.4000000000000003E-7,6.4E-7,M1,9.43E-6,4.77E-6,3.04E-6,1.6E-7,M1,9.43E-6,4.77E-6,1.6E-7,1.9E-7,M1,1.225E-5,1.3000000000000001E-5,1.6E-7,8.6E-7,M1,1.225E-5,1.3000000000000001E-5,2.7E-7,1.6E-7,M1,2.491E-5,9.4E-7,2.4000000000000003E-7,6.4E-7,M1,2.553E-5,1.9585E-5,2.4000000000000003E-7,6.4E-7,M1,1.691E-5,1.805E-6,1.9200000000000003E-6,1.6E-7,M1,2.327E-5,4.77E-6,2.4000000000000003E-7,1.6E-7,M1,2.3350000000000002E-5,4.7300000000000005E-6,1.6E-7,2.0E-7,M1,2.3310000000000002E-5,4.49E-6,2.4000000000000003E-7,6.4E-7,M1,2.3310000000000002E-5,9.25E-7,2.4000000000000003E-7,6.4E-7,M1,1.059E-5,9.4E-7,2.4000000000000003E-7,6.4E-7,M1,9.97E-6,1.9585E-5,2.4000000000000003E-7,6.4E-7,M2,8.43E-6,1.7565E-5,7.2E-7,3.2E-7,M2,1.948E-5,1.164E-5,7.2E-7,3.2E-7,M2,2.531E-5,-2.0E-8,7.2E-7,3.2E-7,M2,9.71E-6,-2.0E-8,7.2E-7,3.2E-7,M2,1.285E-5,1.2980000000000001E-5,6.0E-7,2.0E-7,M2,1.305E-5,1.056E-5,2.0E-7,2.62E-6,M2,1.305E-5,1.056E-5,3.49E-6,2.0E-7,M2,1.634E-5,1.0160000000000001E-5,2.0E-7,6.0E-7,M2,2.0E-7,1.6085E-5,2.0E-7,6.0E-7,M2,2.0E-7,1.6485E-5,2.0E-7,3.76E-6,M2,2.0E-7,2.0045000000000002E-5,4.6E-7,2.0E-7,M2,4.6E-7,2.0045000000000002E-5,2.0E-7,6.0E-7,M2,1.914E-5,1.01E-5,3.2E-7,7.2E-7,M2,2.163E-5,1.05E-5,1.12E-6,3.2E-7,M2,2.243E-5,1.05E-5,3.2E-7,1.12E-6,M2,2.249E-5,1.056E-5,2.0E-7,2.62E-6,M2,2.2290000000000002E-5,1.2980000000000001E-5,6.0E-7,2.0E-7,M2,3.5340000000000004E-5,1.6085E-5,2.0E-7,6.0E-7,M2,3.5340000000000004E-5,1.6485E-5,2.0E-7,3.76E-6,M2,3.508E-5,2.0045000000000002E-5,4.6E-7,2.0E-7,M2,3.508E-5,2.0045000000000002E-5,2.0E-7,6.0E-7,M2,1.361E-5,1.385E-6,2.0E-7,6.0E-7,M2,1.361E-5,1.785E-6,2.0E-7,2.15E-7,M2,1.361E-5,1.0E-6,2.0E-7,1.0E-6,M2,1.2810000000000001E-5,1.8000000000000001E-6,1.0E-6,2.0E-7,M2,1.554E-5,1.164E-5,7.2E-7,3.2E-7,M2,2.659E-5,1.7565E-5,7.2E-7,3.2E-7,M2,1.221E-5,4.51E-6,2.0E-7,6.0E-7,M2,1.221E-5,1.345E-6,2.0E-7,3.565E-6,M2,1.221E-5,9.450000000000001E-7,2.0E-7,6.0E-7,M2,2.493E-5,9.600000000000001E-7,2.0E-7,6.0E-7,M2,2.493E-5,1.3600000000000001E-6,2.0E-7,1.8445E-5,M2,2.493E-5,1.9605E-5,8.2E-7,2.0E-7,M2,2.555E-5,1.9605E-5,2.0E-7,6.0E-7,M2,2.3330000000000002E-5,4.51E-6,2.0E-7,6.0E-7,M2,2.3330000000000002E-5,1.345E-6,2.0E-7,3.565E-6,M2,2.3330000000000002E-5,9.450000000000001E-7,2.0E-7,6.0E-7,M2,1.061E-5,9.600000000000001E-7,2.0E-7,6.0E-7,M2,1.061E-5,1.3600000000000001E-6,2.0E-7,1.8445E-5,M2,9.990000000000001E-6,1.9605E-5,8.2E-7,2.0E-7,M2,9.990000000000001E-6,1.9605E-5,2.0E-7,6.0E-7,M3,8.43E-6,1.7565E-5,7.2E-7,3.2E-7,M3,1.948E-5,1.653E-5,3.2E-7,7.2E-7,M3,1.954E-5,1.17E-5,2.0E-7,5.29E-6,M3,1.954E-5,1.17E-5,6.0E-7,2.0E-7,M3,2.537E-5,4.0E-8,6.0E-7,2.0E-7,M3,1.0170000000000001E-5,4.0E-8,1.54E-5,2.0E-7,M3,9.77E-6,4.0E-8,6.0E-7,2.0E-7,M3,1.914E-5,1.01E-5,3.2E-7,7.2E-7,M3,2.163E-5,1.05E-5,1.12E-6,3.2E-7,M3,2.243E-5,1.05E-5,3.2E-7,1.12E-6,M3,1.56E-5,1.17E-5,6.0E-7,2.0E-7,M3,1.6E-5,1.17E-5,2.0E-7,5.29E-6,M3,1.6E-5,1.679E-5,2.0E-7,1.035E-6,M3,1.6E-5,1.7625E-5,1.085E-5,2.0E-7,M3,2.665E-5,1.7625E-5,6.0E-7,2.0E-7,M4,8.49E-6,1.7625E-5,6.0E-7,2.0E-7,M4,8.89E-6,1.7625E-5,1.085E-5,2.0E-7,M4,1.948E-5,1.6765E-5,3.2E-7,1.12E-6,M4,1.868E-5,1.7565E-5,1.12E-6,3.2E-7,M4,1.948E-5,1.653E-5,3.2E-7,7.2E-7,M4,1.92E-5,1.0160000000000001E-5,2.0E-7,6.0E-7,M4,1.92E-5,1.056E-5,3.49E-6,2.0E-7,M4,2.169E-5,1.056E-5,1.0E-6,2.0E-7,M4,2.249E-5,1.056E-5,2.0E-7,1.0E-6,M5,1.948E-5,1.6765E-5,3.2E-7,1.12E-6,M5,1.868E-5,1.7565E-5,1.12E-6,3.2E-7,M5,1.948E-5,1.653E-5,3.2E-7,7.2E-7,M6,1.954E-5,1.6825E-5,2.0E-7,1.0E-6,M6,1.874E-5,1.7625E-5,1.0E-6,2.0E-7,M6,1.954E-5,1.679E-5,2.0E-7,1.035E-6,M6,1.954E-5,1.659E-5,2.0E-7,6.0E-7,
M1,2.44E-6,7.2E-7,2.4000000000000003E-7,6.4E-7,M1,3.17E-6,2.01E-5,2.4000000000000003E-7,6.4E-7,M1,1.8E-7,1.658E-5,2.4000000000000003E-7,6.4E-7,M1,4.4E-7,2.054E-5,2.4000000000000003E-7,6.4E-7,M1,3.766E-5,2.054E-5,2.4000000000000003E-7,6.4E-7,M1,3.792E-5,1.658E-5,2.4000000000000003E-7,6.4E-7,M1,4.800000000000001E-7,2.231E-5,1.6E-7,5.0800000000000005E-6,M1,3.718E-5,2.301E-5,1.6E-7,3.24E-6,M1,2.818E-5,4.4600000000000005E-6,6.4E-7,2.4000000000000003E-7,M1,1.751E-5,3.59E-6,6.4E-7,2.4000000000000003E-7,M1,1.614E-5,2.35E-6,1.6E-7,1.44E-6,M1,1.614E-5,3.63E-6,9.2E-7,1.6E-7,M1,3.671E-5,2.609E-5,1.6E-7,8.6E-7,M1,3.671E-5,2.679E-5,2.7E-7,1.6E-7,M1,2.1760000000000002E-5,1.063E-5,2.4000000000000003E-7,6.4E-7,M1,2.3160000000000002E-5,5.65E-7,2.4000000000000003E-7,6.4E-7,M1,3.091E-5,2.0E-8,6.4E-7,2.4000000000000003E-7,M1,1.0315E-5,2.0E-8,6.4E-7,2.4000000000000003E-7,M1,1.014E-5,6.000000000000001E-8,5.75E-7,1.6E-7,M1,1.344E-5,1.365E-6,2.4000000000000003E-7,6.4E-7,M1,8.44E-6,2.08E-6,2.4000000000000003E-7,6.4E-7,M1,2.466E-5,1.365E-6,2.4000000000000003E-7,6.4E-7,M1,2.966E-5,2.08E-6,2.4000000000000003E-7,6.4E-7,M1,2.204E-5,2.35E-6,1.6E-7,1.44E-6,M1,2.128E-5,3.63E-6,9.2E-7,1.6E-7,M1,1.676E-5,1.805E-6,4.8200000000000004E-6,1.6E-7,M1,3.77E-5,2.231E-5,1.6E-7,5.0800000000000005E-6,M1,2.37E-5,2.187E-5,2.4000000000000003E-7,6.4E-7,M1,1.4400000000000001E-5,2.187E-5,2.4000000000000003E-7,6.4E-7,M1,1.985E-5,2.3670000000000002E-5,2.4000000000000003E-7,6.4E-7,M1,2.4220000000000002E-5,2.2970000000000002E-5,6.4E-7,2.4000000000000003E-7,M1,1.348E-5,2.2970000000000002E-5,6.4E-7,2.4000000000000003E-7,M1,1.825E-5,2.3670000000000002E-5,2.4000000000000003E-7,6.4E-7,M1,1.3600000000000001E-6,2.609E-5,1.6E-7,8.6E-7,M1,1.3600000000000001E-6,2.609E-5,2.7E-7,1.6E-7,M1,1.0E-6,2.301E-5,1.6E-7,3.24E-6,M1,2.61E-5,5.64E-6,1.76E-6,1.6E-7,M1,2.61E-5,1.365E-6,1.6E-7,4.435E-6,M1,2.019E-5,3.59E-6,6.4E-7,2.4000000000000003E-7,M1,9.52E-6,4.4600000000000005E-6,6.4E-7,2.4000000000000003E-7,M1,1.048E-5,5.64E-6,1.76E-6,1.6E-7,M1,1.208E-5,1.365E-6,1.6E-7,4.435E-6,M1,1.4940000000000001E-5,5.65E-7,2.4000000000000003E-7,6.4E-7,M1,1.634E-5,1.063E-5,2.4000000000000003E-7,6.4E-7,M1,3.493E-5,2.01E-5,2.4000000000000003E-7,6.4E-7,M1,3.493E-5,7.2E-7,2.4000000000000003E-7,1.04E-6,M1,3.493E-5,7.2E-7,1.04E-6,2.4000000000000003E-7,M1,3.497E-5,7.6E-7,8.900000000000001E-7,1.6E-7,M2,2.46E-6,7.4E-7,2.0E-7,6.0E-7,M2,2.46E-6,7.4E-7,9.3E-7,2.0E-7,M2,3.19E-6,7.4E-7,2.0E-7,1.958E-5,M2,3.19E-6,2.012E-5,2.0E-7,6.0E-7,M2,1.4E-7,1.654E-5,3.2E-7,7.2E-7,M2,4.0E-7,2.05E-5,3.2E-7,7.2E-7,M2,3.762E-5,2.05E-5,3.2E-7,7.2E-7,M2,3.788E-5,1.654E-5,3.2E-7,7.2E-7,M2,2.814E-5,4.42E-6,7.2E-7,3.2E-7,M2,1.747E-5,3.55E-6,7.2E-7,3.2E-7,M2,2.1720000000000002E-5,1.059E-5,3.2E-7,7.2E-7,M2,2.312E-5,5.250000000000001E-7,3.2E-7,7.2E-7,M2,3.0930000000000004E-5,4.0E-8,6.0E-7,2.0E-7,M2,1.0535E-5,4.0E-8,2.0795E-5,2.0E-7,M2,1.0335E-5,4.0E-8,6.0E-7,2.0E-7,M2,1.346E-5,1.385E-6,2.0E-7,6.0E-7,M2,1.346E-5,1.785E-6,2.0E-7,9.15E-7,M2,8.46E-6,2.5E-6,5.2E-6,2.0E-7,M2,8.46E-6,2.1000000000000002E-6,2.0E-7,6.0E-7,M2,2.468E-5,1.385E-6,2.0E-7,6.0E-7,M2,2.468E-5,1.785E-6,2.0E-7,9.15E-7,M2,2.468E-5,2.5E-6,5.2E-6,2.0E-7,M2,2.968E-5,2.1000000000000002E-6,2.0E-7,6.0E-7,M2,2.372E-5,2.189E-5,2.0E-7,6.0E-7,M2,1.4420000000000001E-5,2.2290000000000002E-5,9.5E-6,2.0E-7,M2,1.4420000000000001E-5,2.189E-5,2.0E-7,6.0E-7,M2,1.9810000000000002E-5,2.363E-5,3.2E-7,7.2E-7,M2,2.418E-5,2.293E-5,7.2E-7,3.2E-7,M2,1.344E-5,2.293E-5,7.2E-7,3.2E-7,M2,1.821E-5,2.363E-5,3.2E-7,7.2E-7,M2,2.0150000000000002E-5,3.55E-6,7.2E-7,3.2E-7,M2,2.0150000000000002E-5,3.62E-6,3.2E-7,1.12E-6,M2,1.935E-5,4.42E-6,1.12E-6,3.2E-7,M2,9.94E-6,4.48E-6,1.047E-5,2.0E-7,M2,9.54E-6,4.48E-6,6.0E-7,2.0E-7,M2,1.49E-5,5.250000000000001E-7,3.2E-7,7.2E-7,M2,1.63E-5,1.059E-5,3.2E-7,7.2E-7,M2,3.489E-5,2.006E-5,3.2E-7,7.2E-7,M2,3.489E-5,6.800000000000001E-7,3.2E-7,1.12E-6,M2,3.489E-5,6.800000000000001E-7,1.12E-6,3.2E-7,M3,2.0E-7,1.66E-5,2.0E-7,6.0E-7,M3,2.0E-7,1.7E-5,2.0E-7,3.76E-6,M3,2.0E-7,2.056E-5,4.6E-7,2.0E-7,M3,4.6E-7,2.056E-5,2.0E-7,6.0E-7,M3,3.768E-5,2.056E-5,2.0E-7,6.0E-7,M3,3.768E-5,2.056E-5,4.6E-7,2.0E-7,M3,3.794E-5,1.7E-5,2.0E-7,3.76E-6,M3,3.794E-5,1.66E-5,2.0E-7,6.0E-7,M3,2.814E-5,4.42E-6,7.2E-7,3.2E-7,M3,1.787E-5,4.42E-6,1.12E-6,3.2E-7,M3,1.787E-5,3.62E-6,3.2E-7,1.12E-6,M3,1.793E-5,3.61E-6,2.0E-7,1.07E-6,M3,1.753E-5,3.61E-6,6.0E-7,2.0E-7,M3,2.178E-5,1.065E-5,2.0E-7,6.0E-7,M3,2.178E-5,5.85E-7,2.0E-7,1.0465E-5,M3,2.178E-5,5.85E-7,1.6E-6,2.0E-7,M3,2.318E-5,5.85E-7,2.0E-7,6.0E-7,M3,1.987E-5,2.3690000000000002E-5,2.0E-7,6.0E-7,M3,1.987E-5,2.2990000000000002E-5,2.0E-7,1.3E-6,M3,1.987E-5,2.2990000000000002E-5,4.57E-6,2.0E-7,M3,2.4240000000000002E-5,2.2990000000000002E-5,6.0E-7,2.0E-7,M3,1.35E-5,2.2990000000000002E-5,6.0E-7,2.0E-7,M3,1.39E-5,2.2990000000000002E-5,4.57E-6,2.0E-7,M3,1.827E-5,2.2990000000000002E-5,2.0E-7,1.3E-6,M3,1.827E-5,2.3690000000000002E-5,2.0E-7,6.0E-7,M3,2.021E-5,3.61E-6,6.0E-7,2.0E-7,M3,2.021E-5,3.61E-6,2.0E-7,1.07E-6,M3,2.021E-5,3.68E-6,2.0E-7,1.0E-6,M3,1.941E-5,4.48E-6,1.0E-6,2.0E-7,M3,1.496E-5,5.85E-7,2.0E-7,6.0E-7,M3,1.496E-5,5.85E-7,2.0E-7,1.0465E-5,M3,1.496E-5,1.085E-5,1.6E-6,2.0E-7,M3,1.636E-5,1.065E-5,2.0E-7,6.0E-7,M3,3.495E-5,2.012E-5,2.0E-7,6.0E-7,M3,3.495E-5,7.4E-7,2.0E-7,1.958E-5,M3,3.495E-5,7.4E-7,2.0E-7,1.0E-6,M3,3.495E-5,7.4E-7,1.0E-6,2.0E-7,M4,2.82E-5,4.48E-6,6.0E-7,2.0E-7,M4,1.793E-5,4.48E-6,1.047E-5,2.0E-7,M4,1.793E-5,4.48E-6,1.0E-6,2.0E-7,M4,1.793E-5,3.68E-6,2.0E-7,1.0E-6,
M1,1.185E-5,2.35E-6,1.8E-7,1.6E-7,M1,1.185E-5,2.35E-6,1.6E-7,1.44E-6,M1,1.4390000000000001E-5,1.805E-6,4.58E-6,1.6E-7,M1,2.081E-5,1.33E-5,1.6E-7,8.6E-7,M1,2.0700000000000002E-5,1.33E-5,2.7E-7,1.6E-7,M1,1.502E-5,1.198E-5,6.4E-7,2.4000000000000003E-7,M1,2.411E-5,1.765E-5,6.4E-7,2.4000000000000003E-7,M1,1.309E-5,1.5225E-5,7.18E-6,1.6E-7,M1,1.214E-5,2.197E-5,2.4000000000000003E-7,6.4E-7,M1,1.147E-5,1.4785E-5,2.4000000000000003E-7,6.4E-7,M1,3.268E-5,2.007E-5,2.4000000000000003E-7,6.4E-7,M1,3.294E-5,1.611E-5,2.4000000000000003E-7,6.4E-7,M1,1.301E-5,1.326E-5,6.4E-7,2.4000000000000003E-7,M1,1.576E-5,1.044E-5,2.4000000000000003E-7,6.4E-7,M1,4.4E-7,2.007E-5,2.4000000000000003E-7,6.4E-7,M1,1.8E-7,1.611E-5,2.4000000000000003E-7,6.4E-7,M1,1.099E-5,1.805E-6,1.6E-7,2.05E-7,M1,6.54E-6,1.85E-6,4.61E-6,1.6E-7,M1,2.04E-5,1.5925E-5,2.2E-7,1.6E-7,M1,2.04E-5,1.5925E-5,1.6E-7,3.2050000000000002E-6,M1,2.098E-5,2.197E-5,2.4000000000000003E-7,6.4E-7,M1,2.165E-5,1.4785E-5,2.4000000000000003E-7,6.4E-7,M1,9.53E-6,4.8200000000000004E-6,2.4000000000000003E-7,6.4E-7,M1,9.49E-6,9.25E-7,2.4000000000000003E-7,6.4E-7,M1,2.363E-5,4.77E-6,1.6E-7,2.5E-7,M1,2.187E-5,4.77E-6,1.9200000000000003E-6,1.6E-7,M1,1.25E-5,1.33E-5,1.6E-7,8.6E-7,M1,1.239E-5,1.4E-5,2.7E-7,1.6E-7,M1,2.359E-5,4.8200000000000004E-6,2.4000000000000003E-7,6.4E-7,M1,2.363E-5,9.25E-7,2.4000000000000003E-7,6.4E-7,M1,2.523E-5,9.7E-7,2.4000000000000003E-7,6.4E-7,M1,2.578E-5,1.963E-5,2.4000000000000003E-7,6.4E-7,M1,2.567E-5,2.0E-8,6.4E-7,2.4000000000000003E-7,M1,7.05E-6,2.0E-8,6.4E-7,2.4000000000000003E-7,M1,1.736E-5,1.044E-5,2.4000000000000003E-7,6.4E-7,M1,1.971E-5,1.326E-5,6.4E-7,2.4000000000000003E-7,M1,1.274E-5,1.5925E-5,2.2E-7,1.6E-7,M1,1.28E-5,1.5925E-5,1.6E-7,3.2050000000000002E-6,M1,7.89E-6,9.7E-7,2.4000000000000003E-7,6.4E-7,M1,7.34E-6,1.963E-5,2.4000000000000003E-7,6.4E-7,M1,1.774E-5,1.202E-5,1.6E-7,2.1850000000000003E-6,M1,1.77E-5,1.3805E-5,2.4000000000000003E-7,6.4E-7,M1,8.61E-6,1.765E-5,6.4E-7,2.4000000000000003E-7,M1,2.221E-5,1.805E-6,1.6E-7,2.05E-7,M1,2.221E-5,1.85E-6,4.61E-6,1.6E-7,M1,2.133E-5,2.35E-6,1.8E-7,1.6E-7,M1,2.135E-5,2.35E-6,1.6E-7,1.44E-6,M1,9.57E-6,4.77E-6,1.6E-7,2.5E-7,M1,9.57E-6,4.77E-6,1.9200000000000003E-6,1.6E-7,M2,1.504E-5,1.2E-5,6.0E-7,2.0E-7,M2,1.544E-5,1.2E-5,2.0E-7,2.225E-6,M2,1.5380000000000002E-5,1.3765E-5,3.2E-7,7.2E-7,M2,2.407E-5,1.761E-5,7.2E-7,3.2E-7,M2,1.216E-5,2.199E-5,2.0E-7,6.0E-7,M2,1.149E-5,2.239E-5,8.7E-7,2.0E-7,M2,1.149E-5,1.5205000000000001E-5,2.0E-7,7.3850000000000004E-6,M2,1.149E-5,1.4805E-5,2.0E-7,6.0E-7,M2,3.27E-5,2.009E-5,2.0E-7,6.0E-7,M2,3.27E-5,1.653E-5,2.0E-7,3.76E-6,M2,3.27E-5,1.653E-5,4.6E-7,2.0E-7,M2,3.296E-5,1.613E-5,2.0E-7,6.0E-7,M2,1.297E-5,1.322E-5,7.2E-7,3.2E-7,M2,1.5720000000000002E-5,1.04E-5,3.2E-7,7.2E-7,M2,4.6E-7,2.009E-5,2.0E-7,6.0E-7,M2,4.6E-7,1.653E-5,2.0E-7,3.76E-6,M2,2.0E-7,1.653E-5,4.6E-7,2.0E-7,M2,2.0E-7,1.613E-5,2.0E-7,6.0E-7,M2,2.1E-5,2.199E-5,2.0E-7,6.0E-7,M2,2.1E-5,2.239E-5,8.7E-7,2.0E-7,M2,2.167E-5,1.5205000000000001E-5,2.0E-7,7.3850000000000004E-6,M2,2.167E-5,1.4805E-5,2.0E-7,6.0E-7,M2,9.49E-6,4.78E-6,3.2E-7,7.2E-7,M2,9.450000000000001E-6,8.85E-7,3.2E-7,7.2E-7,M2,2.355E-5,4.78E-6,3.2E-7,7.2E-7,M2,2.359E-5,8.85E-7,3.2E-7,7.2E-7,M2,2.525E-5,9.9E-7,2.0E-7,6.0E-7,M2,2.525E-5,1.39E-6,2.0E-7,1.846E-5,M2,2.525E-5,1.965E-5,7.5E-7,2.0E-7,M2,2.58E-5,1.965E-5,2.0E-7,6.0E-7,M2,2.569E-5,4.0E-8,6.0E-7,2.0E-7,M2,7.4700000000000005E-6,4.0E-8,1.842E-5,2.0E-7,M2,7.07E-6,4.0E-8,6.0E-7,2.0E-7,M2,1.738E-5,1.046E-5,2.0E-7,6.0E-7,M2,1.738E-5,1.0860000000000001E-5,2.55E-6,2.0E-7,M2,1.973E-5,1.0860000000000001E-5,2.0E-7,2.62E-6,M2,1.973E-5,1.328E-5,6.0E-7,2.0E-7,M2,7.91E-6,9.9E-7,2.0E-7,6.0E-7,M2,7.91E-6,1.39E-6,2.0E-7,1.846E-5,M2,7.36E-6,1.965E-5,7.5E-7,2.0E-7,M2,7.36E-6,1.965E-5,2.0E-7,6.0E-7,M2,1.766E-5,1.3765E-5,3.2E-7,7.2E-7,M2,9.95E-6,1.761E-5,7.2E-7,3.2E-7,M2,9.03E-6,1.7670000000000002E-5,1.3800000000000001E-6,2.0E-7,M2,8.63E-6,1.7670000000000002E-5,6.0E-7,2.0E-7,M3,1.5380000000000002E-5,1.3765E-5,3.2E-7,7.2E-7,M3,2.269E-5,1.761E-5,7.2E-7,3.2E-7,M3,2.295E-5,1.7670000000000002E-5,1.3800000000000001E-6,2.0E-7,M3,2.413E-5,1.7670000000000002E-5,6.0E-7,2.0E-7,M3,1.303E-5,1.328E-5,6.0E-7,2.0E-7,M3,1.343E-5,1.0860000000000001E-5,2.0E-7,2.62E-6,M3,1.343E-5,1.0860000000000001E-5,2.55E-6,2.0E-7,M3,1.578E-5,1.046E-5,2.0E-7,6.0E-7,M3,9.49E-6,4.78E-6,3.2E-7,7.2E-7,M3,9.450000000000001E-6,8.85E-7,3.2E-7,7.2E-7,M3,2.355E-5,4.78E-6,3.2E-7,7.2E-7,M3,2.359E-5,8.85E-7,3.2E-7,7.2E-7,M3,1.766E-5,1.3765E-5,3.2E-7,7.2E-7,M3,9.95E-6,1.761E-5,7.2E-7,3.2E-7,M4,1.5380000000000002E-5,1.3765E-5,3.2E-7,7.2E-7,M4,2.269E-5,1.761E-5,7.2E-7,3.2E-7,M4,9.55E-6,4.84E-6,2.0E-7,6.0E-7,M4,9.55E-6,1.345E-6,2.0E-7,3.695E-6,M4,9.51E-6,1.345E-6,2.4000000000000003E-7,2.0E-7,M4,9.51E-6,9.450000000000001E-7,2.0E-7,6.0E-7,M4,2.361E-5,4.84E-6,2.0E-7,6.0E-7,M4,2.361E-5,1.345E-6,2.0E-7,3.695E-6,M4,2.361E-5,1.345E-6,2.4000000000000003E-7,2.0E-7,M4,2.365E-5,9.450000000000001E-7,2.0E-7,6.0E-7,M4,1.772E-5,1.3825E-5,2.0E-7,6.0E-7,M4,1.772E-5,1.4025E-5,2.0E-7,3.8450000000000005E-6,M4,1.021E-5,1.7670000000000002E-5,7.71E-6,2.0E-7,M4,1.001E-5,1.7670000000000002E-5,6.0E-7,2.0E-7,M5,1.544E-5,1.3825E-5,2.0E-7,6.0E-7,M5,1.544E-5,1.4025E-5,2.0E-7,3.8450000000000005E-6,M5,1.544E-5,1.7670000000000002E-5,7.71E-6,2.0E-7,M5,2.275E-5,1.7670000000000002E-5,6.0E-7,2.0E-7,
M1,1.2450000000000001E-5,2.35E-6,2.15E-7,1.6E-7,M1,1.2450000000000001E-5,2.35E-6,1.6E-7,1.44E-6,M1,1.4390000000000001E-5,1.805E-6,4.58E-6,1.6E-7,M1,2.077E-5,1.396E-5,2.4000000000000003E-7,6.4E-7,M1,2.022E-5,1.326E-5,6.4E-7,2.4000000000000003E-7,M1,1.4615E-5,1.198E-5,6.4E-7,2.4000000000000003E-7,M1,2.411E-5,3.68E-6,6.4E-7,2.4000000000000003E-7,M1,1.309E-5,1.5225E-5,7.18E-6,1.6E-7,M1,1.214E-5,2.197E-5,2.4000000000000003E-7,6.4E-7,M1,1.147E-5,1.4785E-5,2.4000000000000003E-7,6.4E-7,M1,3.268E-5,2.007E-5,2.4000000000000003E-7,6.4E-7,M1,3.268E-5,1.668E-5,2.4000000000000003E-7,6.4E-7,M1,3.272E-5,1.655E-5,1.6E-7,5.3E-7,M1,3.272E-5,1.655E-5,4.2E-7,1.6E-7,M1,1.301E-5,1.326E-5,6.4E-7,2.4000000000000003E-7,M1,1.576E-5,1.044E-5,2.4000000000000003E-7,6.4E-7,M1,4.4E-7,2.007E-5,2.4000000000000003E-7,6.4E-7,M1,4.4E-7,1.668E-5,2.4000000000000003E-7,6.4E-7,M1,4.800000000000001E-7,1.655E-5,1.6E-7,5.3E-7,M1,2.2E-7,1.655E-5,4.2E-7,1.6E-7,M1,1.095E-5,1.365E-6,2.4000000000000003E-7,6.4E-7,M1,6.5000000000000004E-6,1.41E-6,2.4000000000000003E-7,6.4E-7,M1,2.046E-5,1.5925E-5,1.6E-7,3.2050000000000002E-6,M1,2.04E-5,1.897E-5,2.2E-7,1.6E-7,M1,2.098E-5,2.197E-5,2.4000000000000003E-7,6.4E-7,M1,2.165E-5,1.4785E-5,2.4000000000000003E-7,6.4E-7,M1,9.57E-6,1.365E-6,1.6E-7,3.655E-6,M1,9.53E-6,1.365E-6,2.0E-7,1.6E-7,M1,2.187E-5,4.86E-6,1.9200000000000003E-6,1.6E-7,M1,2.187E-5,4.77E-6,1.6E-7,2.5E-7,M1,1.226E-5,1.326E-5,6.4E-7,2.4000000000000003E-7,M1,1.375E-5,1.396E-5,2.4000000000000003E-7,6.4E-7,M1,2.363E-5,1.365E-6,1.6E-7,3.655E-6,M1,2.363E-5,1.365E-6,2.0E-7,1.6E-7,M1,2.523E-5,9.7E-7,2.4000000000000003E-7,6.4E-7,M1,2.578E-5,1.963E-5,2.4000000000000003E-7,6.4E-7,M1,2.567E-5,2.0E-8,6.4E-7,2.4000000000000003E-7,M1,7.05E-6,2.0E-8,6.4E-7,2.4000000000000003E-7,M1,1.736E-5,1.044E-5,2.4000000000000003E-7,6.4E-7,M1,1.736E-5,1.326E-5,1.04E-6,2.4000000000000003E-7,M1,1.736E-5,1.2460000000000001E-5,2.4000000000000003E-7,1.04E-6,M1,1.74E-5,1.33E-5,2.51E-6,1.6E-7,M1,1.274E-5,1.5925E-5,1.6E-7,3.2050000000000002E-6,M1,1.274E-5,1.897E-5,2.2E-7,1.6E-7,M1,7.89E-6,9.7E-7,2.4000000000000003E-7,6.4E-7,M1,7.34E-6,1.963E-5,2.4000000000000003E-7,6.4E-7,M1,1.8105E-5,1.198E-5,6.4E-7,2.4000000000000003E-7,M1,8.61E-6,3.68E-6,6.4E-7,2.4000000000000003E-7,M1,2.217E-5,1.365E-6,2.4000000000000003E-7,6.4E-7,M1,2.662E-5,1.41E-6,2.4000000000000003E-7,6.4E-7,M1,2.0695E-5,2.35E-6,2.15E-7,1.6E-7,M1,2.075E-5,2.35E-6,1.6E-7,1.44E-6,M1,9.57E-6,4.86E-6,1.9200000000000003E-6,1.6E-7,M1,1.133E-5,4.77E-6,1.6E-7,2.5E-7,M2,2.079E-5,1.398E-5,2.0E-7,6.0E-7,M2,2.062E-5,1.398E-5,3.7E-7,2.0E-7,M2,2.062E-5,1.34E-5,2.0E-7,7.8E-7,M2,2.044E-5,1.34E-5,3.8E-7,2.0E-7,M2,2.044E-5,1.328E-5,2.0E-7,3.2E-7,M2,2.024E-5,1.328E-5,6.0E-7,2.0E-7,M2,1.4575E-5,1.1940000000000001E-5,7.2E-7,3.2E-7,M2,2.407E-5,3.64E-6,7.2E-7,3.2E-7,M2,1.216E-5,2.199E-5,2.0E-7,6.0E-7,M2,1.216E-5,1.5205000000000001E-5,2.0E-7,7.3850000000000004E-6,M2,1.149E-5,1.5205000000000001E-5,8.7E-7,2.0E-7,M2,1.149E-5,1.4805E-5,2.0E-7,6.0E-7,M2,3.27E-5,2.009E-5,2.0E-7,6.0E-7,M2,3.27E-5,1.69E-5,2.0E-7,3.39E-6,M2,3.27E-5,1.67E-5,2.0E-7,6.0E-7,M2,1.297E-5,1.322E-5,7.2E-7,3.2E-7,M2,1.5720000000000002E-5,1.04E-5,3.2E-7,7.2E-7,M2,4.6E-7,2.009E-5,2.0E-7,6.0E-7,M2,4.6E-7,1.69E-5,2.0E-7,3.39E-6,M2,4.6E-7,1.67E-5,2.0E-7,6.0E-7,M2,1.091E-5,1.325E-6,3.2E-7,7.2E-7,M2,6.46E-6,1.37E-6,3.2E-7,7.2E-7,M2,2.1E-5,2.199E-5,2.0E-7,6.0E-7,M2,2.1E-5,1.5205000000000001E-5,2.0E-7,7.3850000000000004E-6,M2,2.1E-5,1.5205000000000001E-5,8.7E-7,2.0E-7,M2,2.167E-5,1.4805E-5,2.0E-7,6.0E-7,M2,1.2280000000000001E-5,1.328E-5,6.0E-7,2.0E-7,M2,1.248E-5,1.328E-5,8.25E-7,2.0E-7,M2,1.3105E-5,1.328E-5,2.0E-7,7.8E-7,M2,1.3105E-5,1.3860000000000001E-5,8.65E-7,2.0E-7,M2,1.377E-5,1.3860000000000001E-5,2.0E-7,3.2E-7,M2,1.377E-5,1.398E-5,2.0E-7,6.0E-7,M2,2.525E-5,9.9E-7,2.0E-7,6.0E-7,M2,2.525E-5,1.39E-6,7.5E-7,2.0E-7,M2,2.58E-5,1.39E-6,2.0E-7,1.846E-5,M2,2.58E-5,1.965E-5,2.0E-7,6.0E-7,M2,2.569E-5,4.0E-8,6.0E-7,2.0E-7,M2,7.4700000000000005E-6,4.0E-8,1.842E-5,2.0E-7,M2,7.07E-6,4.0E-8,6.0E-7,2.0E-7,M2,1.738E-5,1.046E-5,2.0E-7,6.0E-7,M2,1.738E-5,1.0860000000000001E-5,2.0E-7,2.62E-6,M2,1.738E-5,1.328E-5,1.0E-6,2.0E-7,M2,1.738E-5,1.248E-5,2.0E-7,1.0E-6,M2,7.91E-6,9.9E-7,2.0E-7,6.0E-7,M2,7.36E-6,1.39E-6,7.5E-7,2.0E-7,M2,7.36E-6,1.39E-6,2.0E-7,1.846E-5,M2,7.36E-6,1.965E-5,2.0E-7,6.0E-7,M2,1.8125E-5,1.2E-5,6.0E-7,2.0E-7,M2,1.8325E-5,3.7E-6,2.0E-7,8.5E-6,M2,9.03E-6,3.7E-6,9.495E-6,2.0E-7,M2,8.63E-6,3.7E-6,6.0E-7,2.0E-7,M2,2.213E-5,1.325E-6,3.2E-7,7.2E-7,M2,2.658E-5,1.37E-6,3.2E-7,7.2E-7,M3,1.4635E-5,1.2E-5,6.0E-7,2.0E-7,M3,1.4835000000000001E-5,3.7E-6,2.0E-7,8.5E-6,M3,1.4835000000000001E-5,3.7E-6,9.495E-6,2.0E-7,M3,2.413E-5,3.7E-6,6.0E-7,2.0E-7,M3,1.303E-5,1.328E-5,6.0E-7,2.0E-7,M3,1.343E-5,1.328E-5,2.55E-6,2.0E-7,M3,1.5720000000000002E-5,1.242E-5,3.2E-7,1.12E-6,M3,1.4920000000000001E-5,1.322E-5,1.12E-6,3.2E-7,M3,1.5720000000000002E-5,1.04E-5,3.2E-7,7.2E-7,M3,1.097E-5,1.385E-6,2.0E-7,6.0E-7,M3,6.52E-6,1.785E-6,4.65E-6,2.0E-7,M3,6.52E-6,1.785E-6,2.0E-7,2.45E-7,M3,6.52E-6,1.43E-6,2.0E-7,6.0E-7,M3,2.219E-5,1.385E-6,2.0E-7,6.0E-7,M3,2.219E-5,1.785E-6,4.65E-6,2.0E-7,M3,2.664E-5,1.785E-6,2.0E-7,2.45E-7,M3,2.664E-5,1.43E-6,2.0E-7,6.0E-7,M4,1.5720000000000002E-5,1.242E-5,3.2E-7,1.12E-6,M4,1.4920000000000001E-5,1.322E-5,1.12E-6,3.2E-7,M4,1.5720000000000002E-5,1.04E-5,3.2E-7,7.2E-7,M5,1.578E-5,1.248E-5,2.0E-7,1.0E-6,M5,1.498E-5,1.328E-5,1.0E-6,2.0E-7,M5,1.578E-5,1.0860000000000001E-5,2.0E-7,2.62E-6,M5,1.578E-5,1.046E-5,2.0E-7,6.0E-7,
M1,1.244E-5,1.805E-6,1.664E-5,1.6E-7,M1,3.218E-5,1.365E-6,2.4000000000000003E-7,6.4E-7,M1,3.632E-5,2.0E-6,2.4000000000000003E-7,6.4E-7,M1,2.555E-5,2.301E-5,6.4E-7,2.4000000000000003E-7,M1,2.1675E-5,2.427E-5,6.4E-7,2.4000000000000003E-7,M1,2.148E-5,2.431E-5,5.95E-7,1.6E-7,M1,1.66E-6,2.629E-5,2.05E-7,1.6E-7,M1,1.66E-6,2.629E-5,1.6E-7,7.4E-7,M1,1.65E-6,2.052E-5,2.4000000000000003E-7,6.4E-7,M1,1.57E-6,7.2E-7,2.4000000000000003E-7,6.4E-7,M1,4.084E-5,2.096E-5,2.4000000000000003E-7,6.4E-7,M1,4.11E-5,1.7E-5,2.4000000000000003E-7,6.4E-7,M1,4.4E-7,2.096E-5,2.4000000000000003E-7,6.4E-7,M1,1.8E-7,1.7E-5,2.4000000000000003E-7,6.4E-7,M1,1.795E-5,1.0935E-5,1.6E-7,7.25E-7,M1,1.048E-5,1.15E-5,7.63E-6,1.6E-7,M1,2.289E-5,3.63E-6,6.81E-6,1.6E-7,M1,2.9540000000000002E-5,2.35E-6,1.6E-7,1.44E-6,M1,1.533E-5,2.301E-5,6.4E-7,2.4000000000000003E-7,M1,1.9205E-5,2.427E-5,6.4E-7,2.4000000000000003E-7,M1,1.9445E-5,2.431E-5,5.95E-7,1.6E-7,M1,4.96E-6,2.0E-6,2.4000000000000003E-7,6.4E-7,M1,9.100000000000001E-6,1.365E-6,2.4000000000000003E-7,6.4E-7,M1,1.465E-6,2.625E-5,6.4E-7,2.4000000000000003E-7,M1,9.600000000000001E-7,2.301E-5,6.4E-7,2.4000000000000003E-7,M1,3.9655E-5,2.629E-5,2.05E-7,1.6E-7,M1,3.97E-5,2.629E-5,1.6E-7,7.4E-7,M1,3.084E-5,1.126E-5,2.4000000000000003E-7,6.4E-7,M1,3.004E-5,1.0895E-5,1.04E-6,2.4000000000000003E-7,M1,3.084E-5,1.0895E-5,2.4000000000000003E-7,1.04E-6,M1,2.341E-5,1.0935E-5,7.63E-6,1.6E-7,M1,3.9920000000000004E-5,2.301E-5,6.4E-7,2.4000000000000003E-7,M1,4.032E-5,2.5450000000000002E-5,2.4000000000000003E-7,1.04E-6,M1,3.952E-5,2.625E-5,1.04E-6,2.4000000000000003E-7,M1,3.9655E-5,2.629E-5,8.65E-7,1.6E-7,M1,1.912E-5,3.59E-6,6.4E-7,2.4000000000000003E-7,M1,3.136E-5,4.38E-6,6.4E-7,2.4000000000000003E-7,M1,3.971E-5,7.2E-7,2.4000000000000003E-7,6.4E-7,M1,3.963E-5,2.052E-5,2.4000000000000003E-7,6.4E-7,M1,4.088E-5,2.235E-5,1.6E-7,5.12E-6,M1,1.182E-5,3.63E-6,6.81E-6,1.6E-7,M1,1.182E-5,2.35E-6,1.6E-7,1.44E-6,M1,4.800000000000001E-7,2.235E-5,1.6E-7,5.12E-6,M1,3.553E-5,3.1E-6,6.4E-7,2.4000000000000003E-7,M1,5.3500000000000004E-6,3.1E-6,6.4E-7,2.4000000000000003E-7,M1,3.088E-5,5.265E-6,1.6E-7,4.55E-7,M1,3.084E-5,5.025E-6,2.4000000000000003E-7,6.4E-7,M1,3.067E-5,5.65E-7,2.4000000000000003E-7,6.4E-7,M1,9.52E-6,4.38E-6,6.4E-7,2.4000000000000003E-7,M1,2.1760000000000002E-5,3.59E-6,6.4E-7,2.4000000000000003E-7,M1,2.624E-5,2.1910000000000002E-5,2.4000000000000003E-7,6.4E-7,M1,1.6855E-5,2.231E-5,6.4E-7,2.4000000000000003E-7,M1,1.508E-5,2.235E-5,2.175E-6,1.6E-7,M1,1.061E-5,5.65E-7,2.4000000000000003E-7,6.4E-7,M1,1.044E-5,5.025E-6,2.4000000000000003E-7,6.4E-7,M1,1.048E-5,5.265E-6,1.6E-7,4.55E-7,M2,3.2200000000000003E-5,1.385E-6,2.0E-7,6.0E-7,M2,3.2200000000000003E-5,1.785E-6,2.0E-7,8.35E-7,M2,3.2200000000000003E-5,2.42E-6,4.34E-6,2.0E-7,M2,3.634E-5,2.02E-6,2.0E-7,6.0E-7,M2,2.557E-5,2.303E-5,6.0E-7,2.0E-7,M2,2.557E-5,2.303E-5,2.0E-7,1.46E-6,M2,2.1895E-5,2.429E-5,3.875E-6,2.0E-7,M2,2.1695E-5,2.429E-5,6.0E-7,2.0E-7,M2,1.67E-6,2.054E-5,2.0E-7,6.0E-7,M2,1.59E-6,2.054E-5,2.8E-7,2.0E-7,M2,1.53E-6,2.048E-5,1.12E-6,3.2E-7,M2,1.53E-6,1.968E-5,3.2E-7,1.12E-6,M2,1.53E-6,6.800000000000001E-7,3.2E-7,7.2E-7,M2,4.086E-5,2.098E-5,2.0E-7,6.0E-7,M2,4.086E-5,1.742E-5,2.0E-7,3.76E-6,M2,4.086E-5,1.742E-5,4.6E-7,2.0E-7,M2,4.112E-5,1.702E-5,2.0E-7,6.0E-7,M2,4.6E-7,2.098E-5,2.0E-7,6.0E-7,M2,4.6E-7,1.742E-5,2.0E-7,3.76E-6,M2,2.0E-7,1.742E-5,4.6E-7,2.0E-7,M2,2.0E-7,1.702E-5,2.0E-7,6.0E-7,M2,1.535E-5,2.303E-5,6.0E-7,2.0E-7,M2,1.575E-5,2.303E-5,2.0E-7,1.46E-6,M2,1.575E-5,2.429E-5,3.875E-6,2.0E-7,M2,1.9225E-5,2.429E-5,6.0E-7,2.0E-7,M2,4.98E-6,2.02E-6,2.0E-7,6.0E-7,M2,4.98E-6,2.42E-6,4.34E-6,2.0E-7,M2,9.12E-6,1.785E-6,2.0E-7,8.35E-7,M2,9.12E-6,1.385E-6,2.0E-7,6.0E-7,M2,1.4250000000000001E-6,2.621E-5,7.2E-7,3.2E-7,M2,9.2E-7,2.2970000000000002E-5,7.2E-7,3.2E-7,M2,3.086E-5,1.128E-5,2.0E-7,6.0E-7,M2,3.086E-5,1.0915E-5,2.0E-7,7.65E-7,M2,3.006E-5,1.0915E-5,1.0E-6,2.0E-7,M2,3.086E-5,1.0915E-5,2.0E-7,1.0E-6,M2,3.988E-5,2.2970000000000002E-5,7.2E-7,3.2E-7,M2,4.028E-5,2.541E-5,3.2E-7,1.12E-6,M2,3.948E-5,2.621E-5,1.12E-6,3.2E-7,M2,1.908E-5,3.55E-6,7.2E-7,3.2E-7,M2,3.132E-5,4.34E-6,7.2E-7,3.2E-7,M2,3.967E-5,6.800000000000001E-7,3.2E-7,7.2E-7,M2,3.959E-5,2.048E-5,3.2E-7,7.2E-7,M2,3.5550000000000004E-5,3.12E-6,6.0E-7,2.0E-7,M2,5.77E-6,3.12E-6,2.998E-5,2.0E-7,M2,5.37E-6,3.12E-6,6.0E-7,2.0E-7,M2,3.08E-5,4.985E-6,3.2E-7,7.2E-7,M2,3.063E-5,5.250000000000001E-7,3.2E-7,7.2E-7,M2,9.54E-6,4.4E-6,6.0E-7,2.0E-7,M2,9.94E-6,4.4E-6,1.224E-5,2.0E-7,M2,2.192E-5,3.54E-6,3.2E-7,1.12E-6,M2,2.112E-5,4.34E-6,1.12E-6,3.2E-7,M2,2.1720000000000002E-5,3.55E-6,7.2E-7,3.2E-7,M2,2.626E-5,2.1930000000000002E-5,2.0E-7,6.0E-7,M2,1.7075E-5,2.233E-5,9.385E-6,2.0E-7,M2,1.6875E-5,2.233E-5,6.0E-7,2.0E-7,M2,1.063E-5,5.85E-7,2.0E-7,6.0E-7,M2,1.046E-5,5.85E-7,3.7E-7,2.0E-7,M2,1.04E-5,5.250000000000001E-7,3.2E-7,1.12E-6,M2,1.04E-5,5.250000000000001E-7,1.12E-6,3.2E-7,M2,1.04E-5,4.985E-6,3.2E-7,7.2E-7,M3,1.53E-6,2.048E-5,1.12E-6,3.2E-7,M3,1.53E-6,1.968E-5,3.2E-7,1.12E-6,M3,1.53E-6,6.800000000000001E-7,3.2E-7,7.2E-7,M3,1.4250000000000001E-6,2.621E-5,7.2E-7,3.2E-7,M3,9.2E-7,2.2970000000000002E-5,7.2E-7,3.2E-7,M3,3.994E-5,2.303E-5,6.0E-7,2.0E-7,M3,4.0340000000000003E-5,2.303E-5,2.0E-7,3.44E-6,M3,4.0340000000000003E-5,2.5470000000000002E-5,2.0E-7,1.0E-6,M3,3.954E-5,2.627E-5,1.0E-6,2.0E-7,M3,1.908E-5,3.55E-6,7.2E-7,3.2E-7,M3,3.132E-5,4.34E-6,7.2E-7,3.2E-7,M3,3.967E-5,6.800000000000001E-7,3.2E-7,7.2E-7,M3,3.967E-5,1.968E-5,3.2E-7,1.12E-6,M3,3.887E-5,2.048E-5,1.12E-6,3.2E-7,M3,3.965E-5,2.054E-5,2.8E-7,2.0E-7,M3,3.965E-5,2.054E-5,2.0E-7,6.0E-7,M3,3.08E-5,4.985E-6,3.2E-7,7.2E-7,M3,3.0E-5,5.250000000000001E-7,1.12E-6,3.2E-7,M3,3.08E-5,5.250000000000001E-7,3.2E-7,1.12E-6,M3,3.069E-5,5.85E-7,3.7E-7,2.0E-7,M3,3.069E-5,5.85E-7,2.0E-7,6.0E-7,M3,2.198E-5,3.6000000000000003E-6,2.0E-7,1.0E-6,M3,2.118E-5,4.4E-6,1.0E-6,2.0E-7,M3,2.198E-5,3.61E-6,2.0E-7,9.9E-7,M3,2.178E-5,3.61E-6,6.0E-7,2.0E-7,M3,1.04E-5,5.250000000000001E-7,3.2E-7,1.12E-6,M3,1.04E-5,5.250000000000001E-7,1.12E-6,3.2E-7,M3,1.04E-5,4.985E-6,3.2E-7,7.2E-7,M4,1.59E-6,2.054E-5,1.0E-6,2.0E-7,M4,1.59E-6,1.974E-5,2.0E-7,1.0E-6,M4,1.59E-6,7.4E-7,2.0E-7,2.0E-5,M4,1.59E-6,7.4E-7,2.0E-7,6.0E-7,M4,1.485E-6,2.627E-5,6.0E-7,2.0E-7,M4,9.8E-7,2.627E-5,9.05E-7,2.0E-7,M4,9.8E-7,2.303E-5,2.0E-7,3.44E-6,M4,9.8E-7,2.303E-5,6.0E-7,2.0E-7,M4,1.908E-5,3.55E-6,7.2E-7,3.2E-7,M4,3.132E-5,4.34E-6,7.2E-7,3.2E-7,M4,3.973E-5,7.4E-7,2.0E-7,6.0E-7,M4,3.973E-5,7.4E-7,2.0E-7,2.0E-5,M4,3.973E-5,1.974E-5,2.0E-7,1.0E-6,M4,3.893E-5,2.054E-5,1.0E-6,2.0E-7,M4,3.086E-5,5.045E-6,2.0E-7,6.0E-7,M4,3.086E-5,5.85E-7,2.0E-7,4.86E-6,M4,3.006E-5,5.85E-7,1.0E-6,2.0E-7,M4,3.086E-5,5.85E-7,2.0E-7,1.0E-6,M4,1.046E-5,5.85E-7,2.0E-7,1.0E-6,M4,1.046E-5,5.85E-7,1.0E-6,2.0E-7,M4,1.046E-5,5.85E-7,2.0E-7,4.86E-6,M4,1.046E-5,5.045E-6,2.0E-7,6.0E-7,M5,1.908E-5,3.55E-6,7.2E-7,3.2E-7,M5,3.132E-5,4.34E-6,7.2E-7,3.2E-7,M6,1.914E-5,3.61E-6,6.0E-7,2.0E-7,M6,1.934E-5,3.61E-6,2.0E-7,9.9E-7,M6,1.934E-5,4.4E-6,1.224E-5,2.0E-7,M6,3.138E-5,4.4E-6,6.0E-7,2.0E-7,
M1,1.382E-5,1.972E-5,2.2E-7,1.6E-7,M1,1.3880000000000001E-5,1.556E-5,1.6E-7,4.32E-6,M1,2.343E-5,2.3E-6,2.88E-6,1.6E-7,M1,2.319E-5,2.26E-6,6.4E-7,2.4000000000000003E-7,M1,8.1E-6,2.26E-6,6.4E-7,2.4000000000000003E-7,M1,1.1400000000000001E-5,1.454E-5,2.4000000000000003E-7,6.4E-7,M1,9.62E-6,2.177E-5,2.4000000000000003E-7,6.4E-7,M1,1.8295E-5,3.59E-6,6.4E-7,2.4000000000000003E-7,M1,1.8565E-5,2.0E-8,6.4E-7,2.4000000000000003E-7,M1,1.8E-7,1.686E-5,2.4000000000000003E-7,6.4E-7,M1,2.42E-6,2.177E-5,2.4000000000000003E-7,6.4E-7,M1,1.262E-5,1.378E-5,2.05E-7,1.6E-7,M1,1.2665E-5,1.32E-5,1.6E-7,7.4E-7,M1,1.581E-5,1.0340000000000001E-5,2.4000000000000003E-7,6.4E-7,M1,1.344E-5,1.3160000000000001E-5,6.4E-7,2.4000000000000003E-7,M1,1.4025E-5,1.188E-5,6.4E-7,2.4000000000000003E-7,M1,2.7005E-5,1.84E-5,6.4E-7,2.4000000000000003E-7,M1,8.94E-6,9.000000000000001E-7,2.4000000000000003E-7,6.4E-7,M1,8.72E-6,2.038E-5,2.4000000000000003E-7,6.4E-7,M1,1.9600000000000002E-5,1.6435E-5,1.6E-7,3.445E-6,M1,1.956E-5,1.6395E-5,2.4000000000000003E-7,1.04E-6,M1,1.956E-5,1.6395E-5,1.04E-6,2.4000000000000003E-7,M1,2.082E-5,1.3160000000000001E-5,6.4E-7,2.4000000000000003E-7,M1,2.392E-5,4.72E-6,1.6E-7,2.1E-7,M1,2.216E-5,4.77E-6,1.9200000000000003E-6,1.6E-7,M1,2.22E-5,5.65E-7,2.4000000000000003E-7,6.4E-7,M1,2.212E-5,4.7300000000000005E-6,2.4000000000000003E-7,6.4E-7,M1,2.44E-5,9.000000000000001E-7,2.4000000000000003E-7,6.4E-7,M1,2.462E-5,2.038E-5,2.4000000000000003E-7,6.4E-7,M1,1.4375E-5,2.0E-8,6.4E-7,2.4000000000000003E-7,M1,1.4645E-5,3.59E-6,6.4E-7,2.4000000000000003E-7,M1,3.316E-5,1.686E-5,2.4000000000000003E-7,6.4E-7,M1,3.092E-5,2.177E-5,2.4000000000000003E-7,6.4E-7,M1,2.0755E-5,1.32E-5,2.05E-7,1.6E-7,M1,2.08E-5,1.32E-5,1.6E-7,7.4E-7,M1,1.326E-5,2.221E-5,7.06E-6,1.6E-7,M1,1.3520000000000001E-5,1.498E-5,6.54E-6,1.6E-7,M1,1.8915E-5,1.188E-5,6.4E-7,2.4000000000000003E-7,M1,5.935E-6,1.84E-5,6.4E-7,2.4000000000000003E-7,M1,2.0850000000000002E-5,1.805E-6,5.3500000000000004E-6,1.6E-7,M1,2.604E-5,1.7800000000000001E-6,1.6E-7,1.85E-7,M1,7.3800000000000005E-6,1.805E-6,5.3500000000000004E-6,1.6E-7,M1,7.3800000000000005E-6,1.7800000000000001E-6,1.6E-7,1.85E-7,M1,1.1220000000000001E-5,4.7300000000000005E-6,2.4000000000000003E-7,6.4E-7,M1,1.114E-5,5.65E-7,2.4000000000000003E-7,6.4E-7,M1,9.5E-6,4.72E-6,1.6E-7,2.1E-7,M1,9.5E-6,4.77E-6,1.9200000000000003E-6,1.6E-7,M1,1.95E-5,1.3160000000000001E-5,6.4E-7,2.4000000000000003E-7,M1,1.753E-5,1.0340000000000001E-5,2.4000000000000003E-7,6.4E-7,M1,1.583E-5,1.045E-6,1.9200000000000003E-6,1.6E-7,M2,2.321E-5,2.28E-6,6.0E-7,2.0E-7,M2,8.52E-6,2.28E-6,1.509E-5,2.0E-7,M2,8.12E-6,2.28E-6,6.0E-7,2.0E-7,M2,1.136E-5,1.45E-5,3.2E-7,7.2E-7,M2,1.136E-5,1.7690000000000002E-5,3.2E-7,1.12E-6,M2,1.056E-5,1.849E-5,1.12E-6,3.2E-7,M2,9.640000000000001E-6,1.855E-5,1.98E-6,2.0E-7,M2,9.640000000000001E-6,1.855E-5,2.0E-7,3.8400000000000005E-6,M2,9.640000000000001E-6,2.179E-5,2.0E-7,6.0E-7,M2,1.8255E-5,3.55E-6,7.2E-7,3.2E-7,M2,1.8525E-5,-2.0E-8,7.2E-7,3.2E-7,M2,2.0E-7,1.688E-5,2.0E-7,6.0E-7,M2,2.0E-7,1.728E-5,2.44E-6,2.0E-7,M2,2.44E-6,1.728E-5,2.0E-7,5.11E-6,M2,2.44E-6,2.179E-5,2.0E-7,6.0E-7,M2,1.583E-5,1.036E-5,2.0E-7,6.0E-7,M2,1.583E-5,1.076E-5,2.0E-7,2.62E-6,M2,1.5720000000000002E-5,1.3180000000000001E-5,3.1E-7,2.0E-7,M2,1.3860000000000001E-5,1.3180000000000001E-5,2.06E-6,2.0E-7,M2,1.346E-5,1.3180000000000001E-5,6.0E-7,2.0E-7,M2,1.3985E-5,1.184E-5,7.2E-7,3.2E-7,M2,2.6965E-5,1.836E-5,7.2E-7,3.2E-7,M2,8.9E-6,8.6E-7,3.2E-7,7.2E-7,M2,8.68E-6,2.0340000000000002E-5,3.2E-7,7.2E-7,M2,1.958E-5,1.6415E-5,2.0E-7,1.0E-6,M2,1.958E-5,1.6415E-5,1.0E-6,2.0E-7,M2,1.958E-5,1.6415E-5,1.66E-6,2.0E-7,M2,2.1040000000000002E-5,1.3180000000000001E-5,2.0E-7,3.435E-6,M2,2.084E-5,1.3180000000000001E-5,6.0E-7,2.0E-7,M2,2.216E-5,5.250000000000001E-7,3.2E-7,7.2E-7,M2,2.2080000000000002E-5,4.69E-6,3.2E-7,7.2E-7,M2,2.436E-5,8.6E-7,3.2E-7,7.2E-7,M2,2.4580000000000002E-5,2.0340000000000002E-5,3.2E-7,7.2E-7,M2,1.4335E-5,-2.0E-8,7.2E-7,3.2E-7,M2,1.4605E-5,3.55E-6,7.2E-7,3.2E-7,M2,3.318E-5,1.688E-5,2.0E-7,6.0E-7,M2,3.094E-5,1.728E-5,2.44E-6,2.0E-7,M2,3.094E-5,1.728E-5,2.0E-7,5.11E-6,M2,3.094E-5,2.179E-5,2.0E-7,6.0E-7,M2,1.8875E-5,1.184E-5,7.2E-7,3.2E-7,M2,5.895E-6,1.836E-5,7.2E-7,3.2E-7,M2,1.118E-5,4.69E-6,3.2E-7,7.2E-7,M2,1.038E-5,5.250000000000001E-7,1.12E-6,3.2E-7,M2,1.118E-5,5.250000000000001E-7,3.2E-7,1.12E-6,M2,1.116E-5,5.85E-7,2.8E-7,2.0E-7,M2,1.116E-5,5.85E-7,2.0E-7,6.0E-7,M2,1.952E-5,1.3180000000000001E-5,6.0E-7,2.0E-7,M2,1.766E-5,1.3180000000000001E-5,2.06E-6,2.0E-7,M2,1.74E-5,1.312E-5,7.2E-7,3.2E-7,M2,1.749E-5,1.03E-5,3.2E-7,7.2E-7,M3,1.136E-5,1.45E-5,3.2E-7,7.2E-7,M3,1.136E-5,1.7690000000000002E-5,3.2E-7,1.12E-6,M3,1.056E-5,1.849E-5,1.12E-6,3.2E-7,M3,1.8255E-5,3.55E-6,7.2E-7,3.2E-7,M3,1.8525E-5,-2.0E-8,7.2E-7,3.2E-7,M3,1.3985E-5,1.184E-5,7.2E-7,3.2E-7,M3,2.6965E-5,1.836E-5,7.2E-7,3.2E-7,M3,8.96E-6,9.2E-7,2.0E-7,6.0E-7,M3,8.740000000000001E-6,1.32E-6,4.2E-7,2.0E-7,M3,8.740000000000001E-6,1.32E-6,2.0E-7,1.9280000000000002E-5,M3,8.740000000000001E-6,2.04E-5,2.0E-7,6.0E-7,M3,2.216E-5,5.250000000000001E-7,3.2E-7,7.2E-7,M3,2.2080000000000002E-5,4.69E-6,3.2E-7,7.2E-7,M3,2.442E-5,9.2E-7,2.0E-7,6.0E-7,M3,2.442E-5,1.32E-6,4.2E-7,2.0E-7,M3,2.464E-5,1.32E-6,2.0E-7,1.9280000000000002E-5,M3,2.464E-5,2.04E-5,2.0E-7,6.0E-7,M3,1.4335E-5,-2.0E-8,7.2E-7,3.2E-7,M3,1.4535E-5,3.55E-6,1.12E-6,3.2E-7,M3,1.4535E-5,2.75E-6,3.2E-7,1.12E-6,M3,1.4595E-5,3.61E-6,4.7E-7,2.0E-7,M3,1.4665000000000001E-5,3.61E-6,6.0E-7,2.0E-7,M3,1.8875E-5,1.184E-5,7.2E-7,3.2E-7,M3,6.095E-6,1.621E-5,3.2E-7,1.12E-6,M3,6.095E-6,1.621E-5,1.12E-6,3.2E-7,M3,6.155E-6,1.6270000000000002E-5,2.0E-7,2.35E-6,M3,5.955E-6,1.842E-5,6.0E-7,2.0E-7,M3,1.124E-5,4.75E-6,2.0E-7,6.0E-7,M3,1.124E-5,5.85E-7,2.0E-7,4.365E-6,M3,1.044E-5,5.85E-7,1.0E-6,2.0E-7,M3,1.124E-5,5.85E-7,2.0E-7,1.0E-6,M3,1.74E-5,1.312E-5,7.2E-7,3.2E-7,M3,1.749E-5,1.03E-5,3.2E-7,7.2E-7,M4,1.142E-5,1.456E-5,2.0E-7,6.0E-7,M4,1.142E-5,1.496E-5,2.0E-7,3.79E-6,M4,1.142E-5,1.775E-5,2.0E-7,1.0E-6,M4,1.062E-5,1.855E-5,1.0E-6,2.0E-7,M4,1.8315E-5,3.61E-6,6.0E-7,2.0E-7,M4,1.8515E-5,3.61E-6,4.7E-7,2.0E-7,M4,1.8785E-5,4.0E-8,2.0E-7,3.77E-6,M4,1.8585E-5,4.0E-8,6.0E-7,2.0E-7,M4,1.3985E-5,1.184E-5,7.2E-7,3.2E-7,M4,2.6365E-5,1.621E-5,1.12E-6,3.2E-7,M4,2.7165E-5,1.621E-5,3.2E-7,1.12E-6,M4,2.7225E-5,1.6270000000000002E-5,2.0E-7,2.35E-6,M4,2.7025E-5,1.842E-5,6.0E-7,2.0E-7,M4,2.222E-5,5.85E-7,2.0E-7,6.0E-7,M4,2.214E-5,5.85E-7,2.8E-7,2.0E-7,M4,2.214E-5,5.85E-7,2.0E-7,4.365E-6,M4,2.214E-5,4.75E-6,2.0E-7,6.0E-7,M4,1.4395E-5,4.0E-8,6.0E-7,2.0E-7,M4,1.4595E-5,4.0E-8,2.0E-7,3.77E-6,M4,1.4595E-5,3.61E-6,1.0E-6,2.0E-7,M4,1.4595E-5,2.81E-6,2.0E-7,1.0E-6,M4,1.8875E-5,1.184E-5,7.2E-7,3.2E-7,M4,6.095E-6,1.621E-5,3.2E-7,1.12E-6,M4,6.095E-6,1.621E-5,1.12E-6,3.2E-7,M4,1.746E-5,1.3180000000000001E-5,6.0E-7,2.0E-7,M4,1.755E-5,1.3180000000000001E-5,3.1E-7,2.0E-7,M4,1.749E-5,1.312E-5,1.12E-6,3.2E-7,M4,1.749E-5,1.232E-5,3.2E-7,1.12E-6,M4,1.749E-5,1.03E-5,3.2E-7,7.2E-7,M5,1.3985E-5,1.184E-5,7.2E-7,3.2E-7,M5,2.6365E-5,1.621E-5,1.12E-6,3.2E-7,M5,2.7165E-5,1.621E-5,3.2E-7,1.12E-6,M5,1.8935E-5,1.19E-5,6.0E-7,2.0E-7,M5,1.9135E-5,1.19E-5,2.0E-7,4.57E-6,M5,6.155E-6,1.6270000000000002E-5,1.3180000000000001E-5,2.0E-7,M5,6.155E-6,1.6270000000000002E-5,2.0E-7,1.0E-6,M5,6.155E-6,1.6270000000000002E-5,1.0E-6,2.0E-7,M5,1.755E-5,1.3180000000000001E-5,1.0E-6,2.0E-7,M5,1.755E-5,1.238E-5,2.0E-7,1.0E-6,M5,1.755E-5,1.076E-5,2.0E-7,2.62E-6,M5,1.755E-5,1.036E-5,2.0E-7,6.0E-7,M6,1.4045E-5,1.19E-5,6.0E-7,2.0E-7,M6,1.4245E-5,1.19E-5,2.0E-7,4.57E-6,M6,1.4245E-5,1.6270000000000002E-5,1.3180000000000001E-5,2.0E-7,M6,2.6425000000000002E-5,1.6270000000000002E-5,1.0E-6,2.0E-7,M6,2.7225E-5,1.6270000000000002E-5,2.0E-7,1.0E-6,
M1,1.226E-5,1.5975E-5,6.4E-7,2.4000000000000003E-7,M1,1.2460000000000001E-5,1.893E-5,1.04E-6,2.4000000000000003E-7,M1,1.2460000000000001E-5,1.813E-5,2.4000000000000003E-7,1.04E-6,M1,1.25E-5,1.897E-5,4.6E-7,1.6E-7,M1,1.4390000000000001E-5,1.805E-6,4.58E-6,1.6E-7,M1,2.098E-5,2.197E-5,2.4000000000000003E-7,6.4E-7,M1,2.165E-5,1.674E-5,2.4000000000000003E-7,6.4E-7,M1,2.169E-5,1.5315E-5,1.6E-7,1.825E-6,M1,1.309E-5,1.5315E-5,7.18E-6,1.6E-7,M1,3.268E-5,2.007E-5,2.4000000000000003E-7,6.4E-7,M1,3.294E-5,1.611E-5,2.4000000000000003E-7,6.4E-7,M1,4.4E-7,2.007E-5,2.4000000000000003E-7,6.4E-7,M1,1.8E-7,1.611E-5,2.4000000000000003E-7,6.4E-7,M1,1.095E-5,1.365E-6,2.4000000000000003E-7,6.4E-7,M1,6.5000000000000004E-6,1.41E-6,2.4000000000000003E-7,6.4E-7,M1,9.57E-6,4.86E-6,1.9200000000000003E-6,1.6E-7,M1,2.073E-5,1.3350000000000001E-5,6.4E-7,2.4000000000000003E-7,M1,2.077E-5,1.4050000000000001E-5,2.4000000000000003E-7,6.4E-7,M1,3.39E-6,1.7690000000000002E-5,1.5715E-5,1.6E-7,M1,1.8905E-5,1.685E-5,2.4000000000000003E-7,1.04E-6,M1,1.8105E-5,1.765E-5,1.04E-6,2.4000000000000003E-7,M1,1.8705E-5,1.207E-5,6.4E-7,2.4000000000000003E-7,M1,9.53E-6,4.86E-6,2.0E-7,1.6E-7,M1,9.53E-6,1.365E-6,1.6E-7,3.655E-6,M1,2.363E-5,4.86E-6,2.0E-7,1.6E-7,M1,2.3670000000000002E-5,1.365E-6,1.6E-7,3.655E-6,M1,1.214E-5,2.197E-5,2.4000000000000003E-7,6.4E-7,M1,1.147E-5,1.674E-5,2.4000000000000003E-7,6.4E-7,M1,1.151E-5,1.5315E-5,1.6E-7,1.825E-6,M1,2.036E-5,1.893E-5,6.4E-7,2.4000000000000003E-7,M1,2.036E-5,1.5975E-5,2.4000000000000003E-7,1.04E-6,M1,2.036E-5,1.5975E-5,1.04E-6,2.4000000000000003E-7,M1,2.04E-5,1.6015E-5,4.6E-7,1.6E-7,M1,2.523E-5,9.7E-7,2.4000000000000003E-7,6.4E-7,M1,2.578E-5,1.963E-5,2.4000000000000003E-7,6.4E-7,M1,2.567E-5,2.0E-8,6.4E-7,2.4000000000000003E-7,M1,7.05E-6,2.0E-8,6.4E-7,2.4000000000000003E-7,M1,1.736E-5,1.053E-5,2.4000000000000003E-7,6.4E-7,M1,1.736E-5,1.3350000000000001E-5,1.04E-6,2.4000000000000003E-7,M1,1.736E-5,1.255E-5,2.4000000000000003E-7,1.04E-6,M1,1.74E-5,1.339E-5,2.51E-6,1.6E-7,M1,1.181E-5,3.68E-6,6.4E-7,2.4000000000000003E-7,M1,1.163E-5,2.31E-6,6.4E-7,2.4000000000000003E-7,M1,1.4015E-5,1.207E-5,6.4E-7,2.4000000000000003E-7,M1,2.957E-5,1.765E-5,6.4E-7,2.4000000000000003E-7,M1,7.89E-6,9.7E-7,2.4000000000000003E-7,6.4E-7,M1,7.34E-6,1.963E-5,2.4000000000000003E-7,6.4E-7,M1,1.576E-5,1.053E-5,2.4000000000000003E-7,6.4E-7,M1,1.576E-5,1.255E-5,2.4000000000000003E-7,1.04E-6,M1,1.496E-5,1.3350000000000001E-5,1.04E-6,2.4000000000000003E-7,M1,1.345E-5,1.339E-5,2.51E-6,1.6E-7,M1,1.375E-5,1.4050000000000001E-5,2.4000000000000003E-7,6.4E-7,M1,1.226E-5,1.3350000000000001E-5,6.4E-7,2.4000000000000003E-7,M1,2.217E-5,1.365E-6,2.4000000000000003E-7,6.4E-7,M1,2.662E-5,1.41E-6,2.4000000000000003E-7,6.4E-7,M1,2.187E-5,4.86E-6,1.9200000000000003E-6,1.6E-7,M1,2.133E-5,2.35E-6,1.6E-7,1.53E-6,M1,2.133E-5,3.72E-6,1.8E-7,1.6E-7,M2,1.2280000000000001E-5,1.5995000000000002E-5,6.0E-7,2.0E-7,M2,1.248E-5,1.5995000000000002E-5,2.0E-7,3.155E-6,M2,1.248E-5,1.895E-5,1.0E-6,2.0E-7,M2,1.248E-5,1.815E-5,2.0E-7,1.0E-6,M2,2.1E-5,2.199E-5,2.0E-7,6.0E-7,M2,2.1E-5,2.239E-5,8.7E-7,2.0E-7,M2,2.167E-5,1.696E-5,2.0E-7,5.63E-6,M2,2.167E-5,1.676E-5,2.0E-7,6.0E-7,M2,3.27E-5,2.009E-5,2.0E-7,6.0E-7,M2,3.27E-5,1.653E-5,2.0E-7,3.76E-6,M2,3.27E-5,1.653E-5,4.6E-7,2.0E-7,M2,3.296E-5,1.613E-5,2.0E-7,6.0E-7,M2,4.6E-7,2.009E-5,2.0E-7,6.0E-7,M2,4.6E-7,1.653E-5,2.0E-7,3.76E-6,M2,2.0E-7,1.653E-5,4.6E-7,2.0E-7,M2,2.0E-7,1.613E-5,2.0E-7,6.0E-7,M2,1.091E-5,1.325E-6,3.2E-7,7.2E-7,M2,6.46E-6,1.37E-6,3.2E-7,7.2E-7,M2,2.069E-5,1.331E-5,7.2E-7,3.2E-7,M2,2.073E-5,1.401E-5,3.2E-7,7.2E-7,M2,1.8925E-5,1.687E-5,2.0E-7,1.0E-6,M2,1.8125E-5,1.7670000000000002E-5,1.0E-6,2.0E-7,M2,1.8925E-5,1.209E-5,2.0E-7,5.78E-6,M2,1.8725E-5,1.209E-5,6.0E-7,2.0E-7,M2,1.216E-5,2.199E-5,2.0E-7,6.0E-7,M2,1.149E-5,2.239E-5,8.7E-7,2.0E-7,M2,1.149E-5,1.696E-5,2.0E-7,5.63E-6,M2,1.149E-5,1.676E-5,2.0E-7,6.0E-7,M2,2.038E-5,1.895E-5,6.0E-7,2.0E-7,M2,2.038E-5,1.5995000000000002E-5,2.0E-7,3.155E-6,M2,2.038E-5,1.5995000000000002E-5,2.0E-7,1.0E-6,M2,2.038E-5,1.5995000000000002E-5,1.0E-6,2.0E-7,M2,2.525E-5,9.9E-7,2.0E-7,6.0E-7,M2,2.525E-5,1.39E-6,2.0E-7,1.846E-5,M2,2.525E-5,1.965E-5,7.5E-7,2.0E-7,M2,2.58E-5,1.965E-5,2.0E-7,6.0E-7,M2,2.569E-5,4.0E-8,6.0E-7,2.0E-7,M2,7.4700000000000005E-6,4.0E-8,1.842E-5,2.0E-7,M2,7.07E-6,4.0E-8,6.0E-7,2.0E-7,M2,1.738E-5,1.055E-5,2.0E-7,6.0E-7,M2,1.738E-5,1.095E-5,2.0E-7,2.62E-6,M2,1.738E-5,1.337E-5,1.0E-6,2.0E-7,M2,1.738E-5,1.257E-5,2.0E-7,1.0E-6,M2,1.183E-5,3.7E-6,6.0E-7,2.0E-7,M2,1.183E-5,3.7E-6,2.2E-7,2.0E-7,M2,1.179E-5,2.84E-6,3.2E-7,1.12E-6,M2,1.099E-5,3.64E-6,1.12E-6,3.2E-7,M2,1.159E-5,2.27E-6,7.2E-7,3.2E-7,M2,1.3975000000000001E-5,1.203E-5,7.2E-7,3.2E-7,M2,2.953E-5,1.761E-5,7.2E-7,3.2E-7,M2,7.91E-6,9.9E-7,2.0E-7,6.0E-7,M2,7.91E-6,1.39E-6,2.0E-7,1.846E-5,M2,7.36E-6,1.965E-5,7.5E-7,2.0E-7,M2,7.36E-6,1.965E-5,2.0E-7,6.0E-7,M2,1.578E-5,1.055E-5,2.0E-7,6.0E-7,M2,1.578E-5,1.095E-5,2.0E-7,2.62E-6,M2,1.578E-5,1.257E-5,2.0E-7,1.0E-6,M2,1.498E-5,1.337E-5,1.0E-6,2.0E-7,M2,1.3710000000000001E-5,1.401E-5,3.2E-7,7.2E-7,M2,1.222E-5,1.331E-5,7.2E-7,3.2E-7,M2,2.213E-5,1.325E-6,3.2E-7,7.2E-7,M2,2.658E-5,1.37E-6,3.2E-7,7.2E-7,M3,1.097E-5,1.385E-6,2.0E-7,6.0E-7,M3,1.097E-5,1.785E-6,2.0E-7,2.45E-7,M3,6.52E-6,1.83E-6,4.65E-6,2.0E-7,M3,6.52E-6,1.43E-6,2.0E-7,6.0E-7,M3,2.069E-5,1.331E-5,7.2E-7,3.2E-7,M3,2.073E-5,1.401E-5,3.2E-7,7.2E-7,M3,1.179E-5,2.84E-6,3.2E-7,1.12E-6,M3,1.099E-5,3.64E-6,1.12E-6,3.2E-7,M3,1.159E-5,2.27E-6,7.2E-7,3.2E-7,M3,1.4035E-5,1.209E-5,6.0E-7,2.0E-7,M3,1.4235E-5,1.209E-5,2.0E-7,5.78E-6,M3,1.4175E-5,1.761E-5,1.12E-6,3.2E-7,M3,1.4175E-5,1.681E-5,3.2E-7,1.12E-6,M3,2.953E-5,1.761E-5,7.2E-7,3.2E-7,M3,1.3710000000000001E-5,1.401E-5,3.2E-7,7.2E-7,M3,1.222E-5,1.331E-5,7.2E-7,3.2E-7,M3,2.219E-5,1.385E-6,2.0E-7,6.0E-7,M3,2.219E-5,1.785E-6,2.0E-7,2.45E-7,M3,2.219E-5,1.83E-6,4.65E-6,2.0E-7,M3,2.664E-5,1.43E-6,2.0E-7,6.0E-7,M4,2.075E-5,1.337E-5,6.0E-7,2.0E-7,M4,2.079E-5,1.337E-5,5.6E-7,2.0E-7,M4,2.079E-5,1.337E-5,2.0E-7,9.000000000000001E-7,M4,2.079E-5,1.407E-5,2.0E-7,6.0E-7,M4,1.185E-5,2.9E-6,2.0E-7,1.0E-6,M4,1.1050000000000001E-5,3.7E-6,1.0E-6,2.0E-7,M4,1.185E-5,2.33E-6,2.0E-7,1.57E-6,M4,1.165E-5,2.33E-6,6.0E-7,2.0E-7,M4,1.4235E-5,1.7670000000000002E-5,1.0E-6,2.0E-7,M4,1.4235E-5,1.687E-5,2.0E-7,1.0E-6,M4,1.4235E-5,1.7670000000000002E-5,1.5755E-5,2.0E-7,M4,2.959E-5,1.7670000000000002E-5,6.0E-7,2.0E-7,M4,1.377E-5,1.407E-5,2.0E-7,6.0E-7,M4,1.248E-5,1.407E-5,1.4900000000000001E-6,2.0E-7,M4,1.248E-5,1.337E-5,2.0E-7,9.000000000000001E-7,M4,1.2280000000000001E-5,1.337E-5,6.0E-7,2.0E-7,
M1,1.244E-5,1.805E-6,1.664E-5,1.6E-7,M1,3.218E-5,1.365E-6,2.4000000000000003E-7,6.4E-7,M1,3.632E-5,2.0E-6,2.4000000000000003E-7,6.4E-7,M1,2.559E-5,2.305E-5,1.6E-7,1.165E-6,M1,2.555E-5,2.3815E-5,2.4000000000000003E-7,6.4E-7,M1,2.144E-5,2.387E-5,2.4000000000000003E-7,6.4E-7,M1,1.705E-6,2.629E-5,1.6E-7,7.4E-7,M1,1.66E-6,2.6870000000000002E-5,2.05E-7,1.6E-7,M1,1.65E-6,2.052E-5,2.4000000000000003E-7,6.4E-7,M1,8.5E-7,7.2E-7,1.04E-6,2.4000000000000003E-7,M1,1.65E-6,7.2E-7,2.4000000000000003E-7,1.04E-6,M1,1.61E-6,7.6E-7,2.4000000000000003E-7,1.6E-7,M1,4.084E-5,2.096E-5,2.4000000000000003E-7,6.4E-7,M1,4.11E-5,1.7E-5,2.4000000000000003E-7,6.4E-7,M1,4.4E-7,2.096E-5,2.4000000000000003E-7,6.4E-7,M1,1.8E-7,1.7E-5,2.4000000000000003E-7,6.4E-7,M1,1.795E-5,1.77E-5,1.6E-7,3.4000000000000003E-7,M1,1.048E-5,1.788E-5,7.63E-6,1.6E-7,M1,2.289E-5,2.35E-6,1.6E-7,1.44E-6,M1,2.289E-5,2.35E-6,6.81E-6,1.6E-7,M1,1.577E-5,2.305E-5,1.6E-7,1.165E-6,M1,1.573E-5,2.3815E-5,2.4000000000000003E-7,6.4E-7,M1,1.984E-5,2.387E-5,2.4000000000000003E-7,6.4E-7,M1,4.96E-6,2.0E-6,2.4000000000000003E-7,6.4E-7,M1,9.100000000000001E-6,1.365E-6,2.4000000000000003E-7,6.4E-7,M1,1.06E-6,2.625E-5,6.4E-7,2.4000000000000003E-7,M1,9.600000000000001E-7,2.301E-5,6.4E-7,2.4000000000000003E-7,M1,3.9655E-5,2.629E-5,1.6E-7,7.4E-7,M1,3.9655E-5,2.6870000000000002E-5,2.05E-7,1.6E-7,M1,3.088E-5,1.77E-5,1.6E-7,3.4000000000000003E-7,M1,2.341E-5,1.77E-5,7.63E-6,1.6E-7,M1,3.9920000000000004E-5,2.301E-5,6.4E-7,2.4000000000000003E-7,M1,4.032E-5,2.5450000000000002E-5,2.4000000000000003E-7,1.04E-6,M1,3.952E-5,2.625E-5,1.04E-6,2.4000000000000003E-7,M1,4.0260000000000004E-5,2.629E-5,2.6E-7,1.6E-7,M1,1.91E-5,3.59E-6,6.4E-7,2.4000000000000003E-7,M1,3.429E-5,4.38E-6,6.4E-7,2.4000000000000003E-7,M1,3.971E-5,7.2E-7,2.4000000000000003E-7,6.4E-7,M1,3.963E-5,2.052E-5,2.4000000000000003E-7,6.4E-7,M1,4.088E-5,2.235E-5,1.6E-7,5.12E-6,M1,1.847E-5,2.35E-6,1.6E-7,1.44E-6,M1,1.182E-5,2.35E-6,6.81E-6,1.6E-7,M1,4.800000000000001E-7,2.235E-5,1.6E-7,5.12E-6,M1,3.553E-5,2.0E-8,6.4E-7,2.4000000000000003E-7,M1,4.72E-6,2.0E-8,6.4E-7,2.4000000000000003E-7,M1,3.084E-5,5.5200000000000005E-6,2.4000000000000003E-7,6.4E-7,M1,3.067E-5,5.65E-7,2.4000000000000003E-7,6.4E-7,M1,6.5900000000000004E-6,4.38E-6,6.4E-7,2.4000000000000003E-7,M1,2.178E-5,3.59E-6,6.4E-7,2.4000000000000003E-7,M1,2.624E-5,2.1910000000000002E-5,2.4000000000000003E-7,6.4E-7,M1,1.504E-5,2.1910000000000002E-5,2.4000000000000003E-7,6.4E-7,M1,1.061E-5,5.65E-7,2.4000000000000003E-7,6.4E-7,M1,1.044E-5,5.5200000000000005E-6,2.4000000000000003E-7,6.4E-7,M2,3.214E-5,1.325E-6,3.2E-7,7.2E-7,M2,3.628E-5,1.96E-6,3.2E-7,7.2E-7,M2,2.557E-5,2.3835E-5,2.0E-7,6.0E-7,M2,2.557E-5,2.4035E-5,2.0E-7,4.55E-7,M2,2.146E-5,2.429E-5,4.31E-6,2.0E-7,M2,2.146E-5,2.389E-5,2.0E-7,6.0E-7,M2,1.67E-6,2.054E-5,2.0E-7,6.0E-7,M2,1.67E-6,7.4E-7,2.0E-7,2.0E-5,M2,8.7E-7,7.4E-7,1.0E-6,2.0E-7,M2,1.67E-6,7.4E-7,2.0E-7,1.0E-6,M2,4.08E-5,2.092E-5,3.2E-7,7.2E-7,M2,4.106E-5,1.696E-5,3.2E-7,7.2E-7,M2,4.0E-7,2.092E-5,3.2E-7,7.2E-7,M2,1.4E-7,1.696E-5,3.2E-7,7.2E-7,M2,1.575E-5,2.3835E-5,2.0E-7,6.0E-7,M2,1.575E-5,2.4035E-5,2.0E-7,4.55E-7,M2,1.575E-5,2.429E-5,4.31E-6,2.0E-7,M2,1.986E-5,2.389E-5,2.0E-7,6.0E-7,M2,4.92E-6,1.96E-6,3.2E-7,7.2E-7,M2,9.06E-6,1.325E-6,3.2E-7,7.2E-7,M2,1.02E-6,2.621E-5,7.2E-7,3.2E-7,M2,9.2E-7,2.2970000000000002E-5,7.2E-7,3.2E-7,M2,3.994E-5,2.303E-5,6.0E-7,2.0E-7,M2,4.0340000000000003E-5,2.303E-5,2.0E-7,3.44E-6,M2,4.0340000000000003E-5,2.5470000000000002E-5,2.0E-7,1.0E-6,M2,3.954E-5,2.627E-5,1.0E-6,2.0E-7,M2,1.906E-5,3.55E-6,7.2E-7,3.2E-7,M2,3.425E-5,4.34E-6,7.2E-7,3.2E-7,M2,3.967E-5,6.800000000000001E-7,3.2E-7,7.2E-7,M2,3.959E-5,2.048E-5,3.2E-7,7.2E-7,M2,3.5550000000000004E-5,4.0E-8,6.0E-7,2.0E-7,M2,4.94E-6,4.0E-8,3.081E-5,2.0E-7,M2,4.74E-6,4.0E-8,6.0E-7,2.0E-7,M2,3.08E-5,5.48E-6,3.2E-7,7.2E-7,M2,3.063E-5,5.48E-6,1.12E-6,3.2E-7,M2,3.063E-5,4.68E-6,3.2E-7,1.12E-6,M2,3.069E-5,5.85E-7,2.0E-7,5.155E-6,M2,3.069E-5,5.85E-7,2.0E-7,6.0E-7,M2,6.55E-6,4.34E-6,7.2E-7,3.2E-7,M2,2.1740000000000002E-5,3.55E-6,7.2E-7,3.2E-7,M2,2.626E-5,2.1930000000000002E-5,2.0E-7,6.0E-7,M2,1.506E-5,2.233E-5,1.1400000000000001E-5,2.0E-7,M2,1.506E-5,2.1930000000000002E-5,2.0E-7,6.0E-7,M2,1.063E-5,5.85E-7,2.0E-7,6.0E-7,M2,1.063E-5,5.85E-7,2.0E-7,5.155E-6,M2,1.046E-5,5.54E-6,3.7E-7,2.0E-7,M2,1.046E-5,5.54E-6,2.0E-7,6.0E-7,M3,3.2200000000000003E-5,1.385E-6,2.0E-7,6.0E-7,M3,3.2200000000000003E-5,1.785E-6,4.34E-6,2.0E-7,M3,3.634E-5,1.785E-6,2.0E-7,8.35E-7,M3,3.634E-5,2.02E-6,2.0E-7,6.0E-7,M3,4.086E-5,2.098E-5,2.0E-7,6.0E-7,M3,4.086E-5,2.098E-5,4.6E-7,2.0E-7,M3,4.112E-5,1.742E-5,2.0E-7,3.76E-6,M3,4.112E-5,1.702E-5,2.0E-7,6.0E-7,M3,4.6E-7,2.098E-5,2.0E-7,6.0E-7,M3,2.0E-7,2.098E-5,4.6E-7,2.0E-7,M3,2.0E-7,1.742E-5,2.0E-7,3.76E-6,M3,2.0E-7,1.702E-5,2.0E-7,6.0E-7,M3,4.98E-6,2.02E-6,2.0E-7,6.0E-7,M3,4.98E-6,1.785E-6,2.0E-7,8.35E-7,M3,4.98E-6,1.785E-6,4.34E-6,2.0E-7,M3,9.12E-6,1.385E-6,2.0E-7,6.0E-7,M3,1.08E-6,2.627E-5,6.0E-7,2.0E-7,M3,9.8E-7,2.627E-5,3.0E-7,2.0E-7,M3,9.8E-7,2.303E-5,2.0E-7,3.44E-6,M3,9.8E-7,2.303E-5,6.0E-7,2.0E-7,M3,1.906E-5,3.55E-6,7.2E-7,3.2E-7,M3,3.425E-5,4.34E-6,7.2E-7,3.2E-7,M3,3.967E-5,6.800000000000001E-7,3.2E-7,7.2E-7,M3,3.959E-5,2.048E-5,3.2E-7,7.2E-7,M3,3.086E-5,5.54E-6,2.0E-7,6.0E-7,M3,3.069E-5,5.54E-6,3.7E-7,2.0E-7,M3,3.069E-5,5.54E-6,1.0E-6,2.0E-7,M3,3.069E-5,4.74E-6,2.0E-7,1.0E-6,M3,6.55E-6,4.34E-6,7.2E-7,3.2E-7,M3,2.1740000000000002E-5,3.54E-6,3.2E-7,1.12E-6,M3,2.094E-5,4.34E-6,1.12E-6,3.2E-7,M3,2.18E-5,3.61E-6,2.0E-7,9.9E-7,M3,2.18E-5,3.61E-6,6.0E-7,2.0E-7,M4,1.906E-5,3.55E-6,7.2E-7,3.2E-7,M4,3.425E-5,4.34E-6,7.2E-7,3.2E-7,M4,3.973E-5,7.4E-7,2.0E-7,6.0E-7,M4,3.965E-5,7.4E-7,2.8E-7,2.0E-7,M4,3.965E-5,7.4E-7,2.0E-7,2.0E-5,M4,3.965E-5,2.054E-5,2.0E-7,6.0E-7,M4,6.61E-6,4.4E-6,6.0E-7,2.0E-7,M4,6.81E-6,4.4E-6,1.519E-5,2.0E-7,M4,2.18E-5,3.6000000000000003E-6,2.0E-7,1.0E-6,M4,2.1E-5,4.4E-6,1.0E-6,2.0E-7,M5,1.906E-5,3.55E-6,7.2E-7,3.2E-7,M5,3.425E-5,4.34E-6,7.2E-7,3.2E-7,M6,1.912E-5,3.61E-6,6.0E-7,2.0E-7,M6,1.952E-5,3.61E-6,2.0E-7,9.9E-7,M6,1.952E-5,4.4E-6,1.519E-5,2.0E-7,M6,3.431E-5,4.4E-6,6.0E-7,2.0E-7,
M1,1.382E-5,1.5585E-5,1.6E-7,4.295E-6,M1,1.378E-5,1.5345E-5,2.4000000000000003E-7,6.4E-7,M1,1.344E-5,1.552E-5,6.4E-7,2.4000000000000003E-7,M1,2.591E-5,2.0E-8,6.4E-7,2.4000000000000003E-7,M1,5.76E-6,2.0E-8,6.4E-7,2.4000000000000003E-7,M1,1.1400000000000001E-5,1.454E-5,2.4000000000000003E-7,6.4E-7,M1,6.02E-6,2.177E-5,2.4000000000000003E-7,6.4E-7,M1,1.9535000000000002E-5,3.59E-6,6.4E-7,2.4000000000000003E-7,M1,1.9165E-5,2.31E-6,6.4E-7,2.4000000000000003E-7,M1,1.8E-7,1.686E-5,2.4000000000000003E-7,6.4E-7,M1,4.4E-7,2.082E-5,2.4000000000000003E-7,6.4E-7,M1,1.262E-5,1.378E-5,2.05E-7,1.6E-7,M1,1.2665E-5,1.32E-5,1.6E-7,7.4E-7,M1,1.581E-5,1.0340000000000001E-5,2.4000000000000003E-7,6.4E-7,M1,1.344E-5,1.3160000000000001E-5,6.4E-7,2.4000000000000003E-7,M1,1.4025E-5,1.188E-5,6.4E-7,2.4000000000000003E-7,M1,2.981E-5,3.54E-6,6.4E-7,2.4000000000000003E-7,M1,5.64E-6,5.4E-7,2.4000000000000003E-7,6.4E-7,M1,5.12E-6,2.038E-5,2.4000000000000003E-7,6.4E-7,M1,2.3635E-5,1.968E-5,6.4E-7,2.4000000000000003E-7,M1,2.082E-5,1.3160000000000001E-5,6.4E-7,2.4000000000000003E-7,M1,2.392E-5,4.72E-6,1.6E-7,2.1E-7,M1,2.216E-5,4.77E-6,1.9200000000000003E-6,1.6E-7,M1,2.22E-5,5.65E-7,2.4000000000000003E-7,6.4E-7,M1,2.212E-5,4.7300000000000005E-6,2.4000000000000003E-7,6.4E-7,M1,2.77E-5,5.4E-7,2.4000000000000003E-7,6.4E-7,M1,2.822E-5,2.038E-5,2.4000000000000003E-7,6.4E-7,M1,1.3645E-5,2.35E-6,5.3E-7,1.6E-7,M1,1.3605000000000001E-5,2.31E-6,2.4000000000000003E-7,1.04E-6,M1,1.3605000000000001E-5,2.31E-6,1.04E-6,2.4000000000000003E-7,M1,1.3405E-5,3.59E-6,6.4E-7,2.4000000000000003E-7,M1,3.316E-5,1.686E-5,2.4000000000000003E-7,6.4E-7,M1,3.29E-5,2.082E-5,2.4000000000000003E-7,6.4E-7,M1,2.0755E-5,1.32E-5,2.05E-7,1.6E-7,M1,2.08E-5,1.32E-5,1.6E-7,7.4E-7,M1,1.3520000000000001E-5,1.498E-5,6.54E-6,1.6E-7,M1,1.326E-5,2.221E-5,7.06E-6,1.6E-7,M1,1.8915E-5,1.188E-5,6.4E-7,2.4000000000000003E-7,M1,3.13E-6,3.54E-6,6.4E-7,2.4000000000000003E-7,M1,2.081E-5,1.365E-6,2.4000000000000003E-7,6.4E-7,M1,2.6000000000000002E-5,1.34E-6,2.4000000000000003E-7,6.4E-7,M1,1.253E-5,1.365E-6,2.4000000000000003E-7,6.4E-7,M1,7.34E-6,1.34E-6,2.4000000000000003E-7,6.4E-7,M1,1.1220000000000001E-5,4.7300000000000005E-6,2.4000000000000003E-7,6.4E-7,M1,1.114E-5,7.65E-7,2.4000000000000003E-7,6.4E-7,M1,9.5E-6,4.72E-6,1.6E-7,2.1E-7,M1,9.5E-6,4.77E-6,1.9200000000000003E-6,1.6E-7,M1,1.95E-5,1.3160000000000001E-5,6.4E-7,2.4000000000000003E-7,M1,1.753E-5,1.0340000000000001E-5,2.4000000000000003E-7,6.4E-7,M1,1.583E-5,1.805E-6,1.9200000000000003E-6,1.6E-7,M2,1.38E-5,1.5365E-5,2.0E-7,6.0E-7,M2,1.38E-5,1.554E-5,2.0E-7,2.2500000000000002E-7,M2,1.38E-5,1.554E-5,2.6E-7,2.0E-7,M2,1.346E-5,1.554E-5,6.0E-7,2.0E-7,M2,2.593E-5,4.0E-8,6.0E-7,2.0E-7,M2,5.98E-6,4.0E-8,2.035E-5,2.0E-7,M2,5.78E-6,4.0E-8,6.0E-7,2.0E-7,M2,1.142E-5,1.456E-5,2.0E-7,6.0E-7,M2,6.04E-6,1.496E-5,5.58E-6,2.0E-7,M2,6.04E-6,1.496E-5,2.0E-7,7.43E-6,M2,6.04E-6,2.179E-5,2.0E-7,6.0E-7,M2,1.9495E-5,3.55E-6,7.2E-7,3.2E-7,M2,1.918E-5,2.27E-6,7.2E-7,3.2E-7,M2,1.9385E-5,2.33E-6,2.55E-7,2.0E-7,M2,1.9185E-5,2.33E-6,6.0E-7,2.0E-7,M2,1.4E-7,1.682E-5,3.2E-7,7.2E-7,M2,4.0E-7,2.078E-5,3.2E-7,7.2E-7,M2,1.583E-5,1.036E-5,2.0E-7,6.0E-7,M2,1.583E-5,1.076E-5,2.0E-7,2.62E-6,M2,1.577E-5,1.232E-5,3.2E-7,1.12E-6,M2,1.497E-5,1.312E-5,1.12E-6,3.2E-7,M2,1.34E-5,1.312E-5,7.2E-7,3.2E-7,M2,1.3985E-5,1.184E-5,7.2E-7,3.2E-7,M2,2.977E-5,3.5E-6,7.2E-7,3.2E-7,M2,5.66E-6,5.6E-7,2.0E-7,6.0E-7,M2,5.14E-6,5.6E-7,7.2E-7,2.0E-7,M2,5.14E-6,5.6E-7,2.0E-7,2.004E-5,M2,5.14E-6,2.04E-5,2.0E-7,6.0E-7,M2,2.3655E-5,1.97E-5,6.0E-7,2.0E-7,M2,2.3855E-5,1.3180000000000001E-5,2.0E-7,6.72E-6,M2,2.2995E-5,1.312E-5,1.12E-6,3.2E-7,M2,2.3795000000000002E-5,1.312E-5,3.2E-7,1.12E-6,M2,2.078E-5,1.312E-5,7.2E-7,3.2E-7,M2,2.216E-5,5.250000000000001E-7,3.2E-7,7.2E-7,M2,2.2080000000000002E-5,4.69E-6,3.2E-7,7.2E-7,M2,2.7720000000000002E-5,5.6E-7,2.0E-7,6.0E-7,M2,2.7720000000000002E-5,5.6E-7,7.2E-7,2.0E-7,M2,2.824E-5,5.6E-7,2.0E-7,2.004E-5,M2,2.824E-5,2.04E-5,2.0E-7,6.0E-7,M2,1.3625E-5,2.33E-6,2.0E-7,1.0E-6,M2,1.3625E-5,2.33E-6,1.0E-6,2.0E-7,M2,1.3625E-5,2.33E-6,2.0E-7,1.48E-6,M2,1.3425000000000001E-5,3.61E-6,6.0E-7,2.0E-7,M2,3.312E-5,1.682E-5,3.2E-7,7.2E-7,M2,3.286E-5,2.078E-5,3.2E-7,7.2E-7,M2,1.8875E-5,1.184E-5,7.2E-7,3.2E-7,M2,3.09E-6,3.5E-6,7.2E-7,3.2E-7,M2,2.077E-5,1.325E-6,3.2E-7,7.2E-7,M2,2.5960000000000002E-5,1.3E-6,3.2E-7,7.2E-7,M2,1.249E-5,1.325E-6,3.2E-7,7.2E-7,M2,7.3E-6,1.3E-6,3.2E-7,7.2E-7,M2,1.118E-5,4.69E-6,3.2E-7,7.2E-7,M2,1.11E-5,7.25E-7,3.2E-7,7.2E-7,M2,1.946E-5,1.312E-5,7.2E-7,3.2E-7,M2,1.749E-5,1.03E-5,3.2E-7,7.2E-7,M3,1.9555E-5,3.61E-6,6.0E-7,2.0E-7,M3,1.9755E-5,2.33E-6,2.0E-7,1.48E-6,M3,1.944E-5,2.33E-6,5.15E-7,2.0E-7,M3,1.924E-5,2.33E-6,6.0E-7,2.0E-7,M3,2.0E-7,1.688E-5,2.0E-7,6.0E-7,M3,2.0E-7,1.728E-5,2.0E-7,3.76E-6,M3,2.0E-7,2.084E-5,4.6E-7,2.0E-7,M3,4.6E-7,2.084E-5,2.0E-7,6.0E-7,M3,1.583E-5,1.238E-5,2.0E-7,1.0E-6,M3,1.503E-5,1.3180000000000001E-5,1.0E-6,2.0E-7,M3,1.4845000000000001E-5,1.3180000000000001E-5,1.185E-6,2.0E-7,M3,1.4585E-5,1.312E-5,7.2E-7,3.2E-7,M3,1.34E-5,1.312E-5,7.2E-7,3.2E-7,M3,1.3985E-5,1.184E-5,7.2E-7,3.2E-7,M3,2.977E-5,3.5E-6,7.2E-7,3.2E-7,M3,2.3055000000000002E-5,1.3180000000000001E-5,1.0E-6,2.0E-7,M3,2.3855E-5,1.3180000000000001E-5,2.0E-7,1.0E-6,M3,2.1040000000000002E-5,1.3180000000000001E-5,3.015E-6,2.0E-7,M3,2.084E-5,1.3180000000000001E-5,6.0E-7,2.0E-7,M3,2.216E-5,5.250000000000001E-7,3.2E-7,7.2E-7,M3,2.216E-5,3.89E-6,3.2E-7,1.12E-6,M3,2.136E-5,4.69E-6,1.12E-6,3.2E-7,M3,2.214E-5,4.75E-6,2.8E-7,2.0E-7,M3,2.214E-5,4.75E-6,2.0E-7,6.0E-7,M3,3.318E-5,1.688E-5,2.0E-7,6.0E-7,M3,3.318E-5,1.728E-5,2.0E-7,3.76E-6,M3,3.292E-5,2.084E-5,4.6E-7,2.0E-7,M3,3.292E-5,2.084E-5,2.0E-7,6.0E-7,M3,1.8935E-5,1.19E-5,6.0E-7,2.0E-7,M3,1.9135E-5,9.08E-6,2.0E-7,3.02E-6,M3,3.35E-6,9.08E-6,1.5985E-5,2.0E-7,M3,3.2900000000000003E-6,9.02E-6,1.12E-6,3.2E-7,M3,3.2900000000000003E-6,8.220000000000001E-6,3.2E-7,1.12E-6,M3,3.09E-6,3.5E-6,7.2E-7,3.2E-7,M3,2.083E-5,1.385E-6,2.0E-7,6.0E-7,M3,2.083E-5,1.785E-6,5.39E-6,2.0E-7,M3,2.602E-5,1.76E-6,2.0E-7,2.2500000000000002E-7,M3,2.602E-5,1.3600000000000001E-6,2.0E-7,6.0E-7,M3,1.255E-5,1.385E-6,2.0E-7,6.0E-7,M3,7.36E-6,1.785E-6,5.39E-6,2.0E-7,M3,7.36E-6,1.76E-6,2.0E-7,2.2500000000000002E-7,M3,7.36E-6,1.3600000000000001E-6,2.0E-7,6.0E-7,M3,1.118E-5,4.69E-6,3.2E-7,7.2E-7,M3,1.11E-5,7.25E-7,3.2E-7,7.2E-7,M3,1.952E-5,1.3180000000000001E-5,6.0E-7,2.0E-7,M3,1.755E-5,1.3180000000000001E-5,2.17E-6,2.0E-7,M3,1.749E-5,1.312E-5,1.12E-6,3.2E-7,M3,1.749E-5,1.232E-5,3.2E-7,1.12E-6,M3,1.749E-5,1.03E-5,3.2E-7,7.2E-7,M4,1.4645E-5,1.3180000000000001E-5,6.0E-7,2.0E-7,M4,1.3860000000000001E-5,1.3180000000000001E-5,1.185E-6,2.0E-7,M4,1.346E-5,1.3180000000000001E-5,6.0E-7,2.0E-7,M4,1.4045E-5,1.19E-5,6.0E-7,2.0E-7,M4,1.4245E-5,9.08E-6,2.0E-7,3.02E-6,M4,1.4245E-5,9.08E-6,1.5985E-5,2.0E-7,M4,2.997E-5,8.220000000000001E-6,3.2E-7,1.12E-6,M4,2.917E-5,9.02E-6,1.12E-6,3.2E-7,M4,2.977E-5,3.5E-6,7.2E-7,3.2E-7,M4,2.216E-5,5.250000000000001E-7,3.2E-7,7.2E-7,M4,2.216E-5,3.89E-6,3.2E-7,1.12E-6,M4,2.136E-5,4.69E-6,1.12E-6,3.2E-7,M4,3.35E-6,9.08E-6,1.0E-6,2.0E-7,M4,3.35E-6,8.28E-6,2.0E-7,1.0E-6,M4,3.35E-6,3.5600000000000002E-6,2.0E-7,5.72E-6,M4,3.15E-6,3.5600000000000002E-6,6.0E-7,2.0E-7,M4,1.118E-5,4.69E-6,3.2E-7,7.2E-7,M4,1.11E-5,7.25E-7,3.2E-7,7.2E-7,M4,1.755E-5,1.3180000000000001E-5,1.0E-6,2.0E-7,M4,1.755E-5,1.238E-5,2.0E-7,1.0E-6,M4,1.755E-5,1.076E-5,2.0E-7,2.62E-6,M4,1.755E-5,1.036E-5,2.0E-7,6.0E-7,M5,3.0030000000000002E-5,8.28E-6,2.0E-7,1.0E-6,M5,2.923E-5,9.08E-6,1.0E-6,2.0E-7,M5,3.0030000000000002E-5,3.5600000000000002E-6,2.0E-7,5.72E-6,M5,2.983E-5,3.5600000000000002E-6,6.0E-7,2.0E-7,M5,2.216E-5,5.250000000000001E-7,3.2E-7,7.2E-7,M5,2.216E-5,3.89E-6,3.2E-7,1.12E-6,M5,2.136E-5,4.69E-6,1.12E-6,3.2E-7,M5,1.124E-5,4.75E-6,2.0E-7,6.0E-7,M5,1.116E-5,4.75E-6,2.8E-7,2.0E-7,M5,1.11E-5,4.69E-6,1.12E-6,3.2E-7,M5,1.11E-5,3.89E-6,3.2E-7,1.12E-6,M5,1.11E-5,7.25E-7,3.2E-7,7.2E-7,M6,2.222E-5,5.85E-7,2.0E-7,6.0E-7,M6,2.222E-5,5.85E-7,2.0E-7,4.365E-6,M6,2.222E-5,3.95E-6,2.0E-7,1.0E-6,M6,2.142E-5,4.75E-6,1.0E-6,2.0E-7,M6,1.106E-5,4.65E-6,2.0E-6,4.0E-7,M6,1.106E-5,3.05E-6,4.0E-7,2.0E-6,M6,1.106E-5,4.85E-7,4.0E-7,1.2E-6,M7,1.106E-5,4.65E-6,2.0E-6,4.0E-7,M7,1.106E-5,3.05E-6,4.0E-7,2.0E-6,M7,1.106E-5,4.85E-7,4.0E-7,1.2E-6,M8,1.106E-5,4.65E-6,2.0E-6,4.0E-7,M8,1.106E-5,3.05E-6,4.0E-7,2.0E-6,M8,1.106E-5,4.85E-7,4.0E-7,4.565E-6,M8,1.106E-5,4.85E-7,4.0E-7,1.2E-6,
M1,1.185E-5,2.35E-6,1.8E-7,1.6E-7,M1,1.185E-5,2.35E-6,1.6E-7,1.44E-6,M1,1.4390000000000001E-5,1.805E-6,4.58E-6,1.6E-7,M1,1.937E-5,1.396E-5,2.4000000000000003E-7,6.4E-7,M1,1.9985E-5,1.326E-5,6.4E-7,2.4000000000000003E-7,M1,1.502E-5,1.198E-5,6.4E-7,2.4000000000000003E-7,M1,2.411E-5,1.765E-5,6.4E-7,2.4000000000000003E-7,M1,1.305E-5,1.4785E-5,2.4000000000000003E-7,6.4E-7,M1,2.007E-5,1.4785E-5,2.4000000000000003E-7,6.4E-7,M1,1.022E-5,2.197E-5,2.4000000000000003E-7,6.4E-7,M1,1.147E-5,1.4785E-5,2.4000000000000003E-7,6.4E-7,M1,3.268E-5,2.007E-5,2.4000000000000003E-7,6.4E-7,M1,3.2585E-5,1.651E-5,6.4E-7,2.4000000000000003E-7,M1,3.2825E-5,1.655E-5,3.15E-7,1.6E-7,M1,1.301E-5,1.326E-5,6.4E-7,2.4000000000000003E-7,M1,1.576E-5,1.044E-5,2.4000000000000003E-7,6.4E-7,M1,4.4E-7,2.007E-5,2.4000000000000003E-7,6.4E-7,M1,1.35E-7,1.651E-5,6.4E-7,2.4000000000000003E-7,M1,2.2E-7,1.655E-5,3.15E-7,1.6E-7,M1,1.099E-5,1.805E-6,1.6E-7,2.05E-7,M1,6.54E-6,1.85E-6,4.61E-6,1.6E-7,M1,2.022E-5,1.5885E-5,6.4E-7,2.4000000000000003E-7,M1,2.036E-5,1.893E-5,6.4E-7,2.4000000000000003E-7,M1,2.29E-5,2.197E-5,2.4000000000000003E-7,6.4E-7,M1,2.165E-5,1.4785E-5,2.4000000000000003E-7,6.4E-7,M1,9.53E-6,4.8200000000000004E-6,2.4000000000000003E-7,6.4E-7,M1,9.49E-6,5.65E-7,2.4000000000000003E-7,6.4E-7,M1,2.363E-5,4.77E-6,1.6E-7,2.5E-7,M1,2.187E-5,4.77E-6,1.9200000000000003E-6,1.6E-7,M1,1.199E-5,1.326E-5,6.4E-7,2.4000000000000003E-7,M1,1.375E-5,1.396E-5,2.4000000000000003E-7,6.4E-7,M1,2.359E-5,4.8200000000000004E-6,2.4000000000000003E-7,6.4E-7,M1,2.363E-5,5.65E-7,2.4000000000000003E-7,6.4E-7,M1,2.523E-5,9.7E-7,2.4000000000000003E-7,6.4E-7,M1,2.578E-5,1.963E-5,2.4000000000000003E-7,6.4E-7,M1,2.6565E-5,2.0E-8,6.4E-7,2.4000000000000003E-7,M1,7.05E-6,2.0E-8,6.4E-7,2.4000000000000003E-7,M1,1.736E-5,1.044E-5,2.4000000000000003E-7,6.4E-7,M1,1.971E-5,1.326E-5,6.4E-7,2.4000000000000003E-7,M1,1.25E-5,1.5885E-5,6.4E-7,2.4000000000000003E-7,M1,1.236E-5,1.893E-5,6.4E-7,2.4000000000000003E-7,M1,7.89E-6,9.7E-7,2.4000000000000003E-7,6.4E-7,M1,7.34E-6,1.963E-5,2.4000000000000003E-7,6.4E-7,M1,1.774E-5,1.202E-5,1.6E-7,5.83E-6,M1,9.05E-6,1.7690000000000002E-5,8.85E-6,1.6E-7,M1,2.221E-5,1.805E-6,1.6E-7,2.05E-7,M1,2.221E-5,1.85E-6,4.61E-6,1.6E-7,M1,2.133E-5,2.35E-6,1.8E-7,1.6E-7,M1,2.135E-5,2.35E-6,1.6E-7,1.44E-6,M1,9.57E-6,4.77E-6,1.6E-7,2.5E-7,M1,9.57E-6,4.77E-6,1.9200000000000003E-6,1.6E-7,M2,1.933E-5,1.392E-5,3.2E-7,7.2E-7,M2,1.9945E-5,1.322E-5,7.2E-7,3.2E-7,M2,1.504E-5,1.2E-5,6.0E-7,2.0E-7,M2,1.544E-5,1.2E-5,2.0E-7,5.87E-6,M2,1.544E-5,1.7670000000000002E-5,8.89E-6,2.0E-7,M2,2.413E-5,1.7670000000000002E-5,6.0E-7,2.0E-7,M2,1.301E-5,1.4745E-5,3.2E-7,7.2E-7,M2,2.003E-5,1.4745E-5,3.2E-7,7.2E-7,M2,1.018E-5,2.1930000000000002E-5,3.2E-7,7.2E-7,M2,1.143E-5,1.4745E-5,3.2E-7,7.2E-7,M2,3.27E-5,2.009E-5,2.0E-7,6.0E-7,M2,3.27E-5,1.653E-5,2.0E-7,3.76E-6,M2,3.27E-5,1.653E-5,3.05E-7,2.0E-7,M2,3.2605000000000004E-5,1.653E-5,6.0E-7,2.0E-7,M2,1.297E-5,1.322E-5,7.2E-7,3.2E-7,M2,1.5720000000000002E-5,1.04E-5,3.2E-7,7.2E-7,M2,4.6E-7,2.009E-5,2.0E-7,6.0E-7,M2,4.6E-7,1.653E-5,2.0E-7,3.76E-6,M2,3.55E-7,1.653E-5,3.05E-7,2.0E-7,M2,1.55E-7,1.653E-5,6.0E-7,2.0E-7,M2,2.018E-5,1.5845E-5,7.2E-7,3.2E-7,M2,2.0320000000000002E-5,1.889E-5,7.2E-7,3.2E-7,M2,2.286E-5,2.1930000000000002E-5,3.2E-7,7.2E-7,M2,2.161E-5,1.4745E-5,3.2E-7,7.2E-7,M2,9.55E-6,4.84E-6,2.0E-7,6.0E-7,M2,9.55E-6,5.85E-7,2.0E-7,4.455E-6,M2,9.51E-6,5.85E-7,2.4000000000000003E-7,2.0E-7,M2,9.51E-6,5.85E-7,2.0E-7,6.0E-7,M2,1.195E-5,1.322E-5,7.2E-7,3.2E-7,M2,1.3710000000000001E-5,1.392E-5,3.2E-7,7.2E-7,M2,2.361E-5,4.84E-6,2.0E-7,6.0E-7,M2,2.361E-5,5.85E-7,2.0E-7,4.455E-6,M2,2.361E-5,5.85E-7,2.4000000000000003E-7,2.0E-7,M2,2.365E-5,5.85E-7,2.0E-7,6.0E-7,M2,2.525E-5,9.9E-7,2.0E-7,6.0E-7,M2,2.525E-5,1.39E-6,7.5E-7,2.0E-7,M2,2.58E-5,1.39E-6,2.0E-7,1.846E-5,M2,2.58E-5,1.965E-5,2.0E-7,6.0E-7,M2,2.6585E-5,4.0E-8,6.0E-7,2.0E-7,M2,7.4700000000000005E-6,4.0E-8,1.9515000000000002E-5,2.0E-7,M2,7.07E-6,4.0E-8,6.0E-7,2.0E-7,M2,1.738E-5,1.046E-5,2.0E-7,6.0E-7,M2,1.738E-5,1.0860000000000001E-5,2.0E-7,2.62E-6,M2,1.738E-5,1.328E-5,2.55E-6,2.0E-7,M2,1.973E-5,1.328E-5,6.0E-7,2.0E-7,M2,1.2460000000000001E-5,1.5845E-5,7.2E-7,3.2E-7,M2,1.232E-5,1.889E-5,7.2E-7,3.2E-7,M2,7.91E-6,9.9E-7,2.0E-7,6.0E-7,M2,7.36E-6,1.39E-6,7.5E-7,2.0E-7,M2,7.36E-6,1.39E-6,2.0E-7,1.846E-5,M2,7.36E-6,1.965E-5,2.0E-7,6.0E-7,M3,1.939E-5,1.398E-5,2.0E-7,6.0E-7,M3,1.939E-5,1.398E-5,1.015E-6,2.0E-7,M3,2.0205E-5,1.328E-5,2.0E-7,9.000000000000001E-7,M3,2.0005E-5,1.328E-5,6.0E-7,2.0E-7,M3,1.307E-5,1.4805E-5,2.0E-7,6.0E-7,M3,1.307E-5,1.5205000000000001E-5,7.22E-6,2.0E-7,M3,2.009E-5,1.4805E-5,2.0E-7,6.0E-7,M3,1.024E-5,2.199E-5,2.0E-7,6.0E-7,M3,1.024E-5,1.5205000000000001E-5,2.0E-7,7.3850000000000004E-6,M3,1.024E-5,1.5205000000000001E-5,1.45E-6,2.0E-7,M3,1.149E-5,1.4805E-5,2.0E-7,6.0E-7,M3,1.303E-5,1.328E-5,6.0E-7,2.0E-7,M3,1.343E-5,1.328E-5,2.55E-6,2.0E-7,M3,1.578E-5,1.0860000000000001E-5,2.0E-7,2.62E-6,M3,1.578E-5,1.046E-5,2.0E-7,6.0E-7,M3,2.024E-5,1.5905E-5,6.0E-7,2.0E-7,M3,2.038E-5,1.5905E-5,2.6E-7,2.0E-7,M3,2.038E-5,1.5905E-5,2.0E-7,3.2450000000000003E-6,M3,2.038E-5,1.895E-5,6.0E-7,2.0E-7,M3,2.292E-5,2.199E-5,2.0E-7,6.0E-7,M3,2.292E-5,1.5205000000000001E-5,2.0E-7,7.3850000000000004E-6,M3,2.167E-5,1.5205000000000001E-5,1.45E-6,2.0E-7,M3,2.167E-5,1.4805E-5,2.0E-7,6.0E-7,M3,1.201E-5,1.328E-5,6.0E-7,2.0E-7,M3,1.201E-5,1.328E-5,1.96E-6,2.0E-7,M3,1.377E-5,1.328E-5,2.0E-7,9.000000000000001E-7,M3,1.377E-5,1.398E-5,2.0E-7,6.0E-7,M3,1.252E-5,1.5905E-5,6.0E-7,2.0E-7,M3,1.272E-5,1.5905E-5,2.6E-7,2.0E-7,M3,1.278E-5,1.5905E-5,2.0E-7,3.2450000000000003E-6,M3,1.238E-5,1.895E-5,6.0E-7,2.0E-7,
M1,1.244E-5,1.805E-6,1.664E-5,1.6E-7,M1,3.218E-5,1.365E-6,2.4000000000000003E-7,6.4E-7,M1,3.632E-5,2.0E-6,2.4000000000000003E-7,6.4E-7,M1,2.555E-5,2.301E-5,6.4E-7,2.4000000000000003E-7,M1,2.144E-5,2.387E-5,2.4000000000000003E-7,6.4E-7,M1,1.66E-6,2.629E-5,2.05E-7,1.6E-7,M1,1.66E-6,2.629E-5,1.6E-7,7.4E-7,M1,5.77E-6,2.052E-5,2.4000000000000003E-7,6.4E-7,M1,3.83E-6,7.2E-7,2.4000000000000003E-7,6.4E-7,M1,4.084E-5,2.096E-5,2.4000000000000003E-7,6.4E-7,M1,4.0725E-5,1.74E-5,6.4E-7,2.4000000000000003E-7,M1,4.0965E-5,1.744E-5,3.35E-7,1.6E-7,M1,4.4E-7,2.096E-5,2.4000000000000003E-7,6.4E-7,M1,1.55E-7,1.74E-5,6.4E-7,2.4000000000000003E-7,M1,2.2E-7,1.744E-5,3.35E-7,1.6E-7,M1,1.791E-5,1.0695E-5,2.4000000000000003E-7,6.4E-7,M1,1.044E-5,1.126E-5,2.4000000000000003E-7,6.4E-7,M1,2.289E-5,2.35E-6,1.6E-7,1.44E-6,M1,2.289E-5,2.35E-6,6.81E-6,1.6E-7,M1,1.533E-5,2.301E-5,6.4E-7,2.4000000000000003E-7,M1,1.984E-5,2.387E-5,2.4000000000000003E-7,6.4E-7,M1,4.96E-6,2.0E-6,2.4000000000000003E-7,6.4E-7,M1,9.100000000000001E-6,1.365E-6,2.4000000000000003E-7,6.4E-7,M1,1.1E-6,2.305E-5,1.6E-7,3.4E-6,M1,1.0E-6,2.305E-5,2.6E-7,1.6E-7,M1,3.9655E-5,2.629E-5,2.05E-7,1.6E-7,M1,3.97E-5,2.629E-5,1.6E-7,7.4E-7,M1,2.341E-5,1.15E-5,7.63E-6,1.6E-7,M1,2.341E-5,1.0935E-5,1.6E-7,7.25E-7,M1,3.9920000000000004E-5,2.301E-5,6.4E-7,2.4000000000000003E-7,M1,3.982E-5,2.625E-5,6.4E-7,2.4000000000000003E-7,M1,1.91E-5,3.59E-6,6.4E-7,2.4000000000000003E-7,M1,3.136E-5,4.38E-6,6.4E-7,2.4000000000000003E-7,M1,3.745E-5,7.2E-7,2.4000000000000003E-7,6.4E-7,M1,3.5510000000000004E-5,2.052E-5,2.4000000000000003E-7,6.4E-7,M1,4.088E-5,2.235E-5,1.6E-7,5.12E-6,M1,1.847E-5,2.35E-6,1.6E-7,1.44E-6,M1,1.182E-5,2.35E-6,6.81E-6,1.6E-7,M1,4.800000000000001E-7,2.235E-5,1.6E-7,5.12E-6,M1,3.553E-5,2.0E-8,6.4E-7,2.4000000000000003E-7,M1,5.3500000000000004E-6,2.0E-8,6.4E-7,2.4000000000000003E-7,M1,3.088E-5,3.485E-6,1.6E-7,2.235E-6,M1,3.084E-5,3.2450000000000003E-6,2.4000000000000003E-7,6.4E-7,M1,3.067E-5,5.65E-7,2.4000000000000003E-7,6.4E-7,M1,9.52E-6,4.38E-6,6.4E-7,2.4000000000000003E-7,M1,2.178E-5,3.59E-6,6.4E-7,2.4000000000000003E-7,M1,2.624E-5,2.1910000000000002E-5,2.4000000000000003E-7,6.4E-7,M1,1.504E-5,2.1910000000000002E-5,2.4000000000000003E-7,6.4E-7,M1,1.061E-5,5.65E-7,2.4000000000000003E-7,6.4E-7,M1,1.044E-5,3.2450000000000003E-6,2.4000000000000003E-7,6.4E-7,M1,1.048E-5,3.485E-6,1.6E-7,2.235E-6,M2,3.214E-5,1.325E-6,3.2E-7,7.2E-7,M2,3.628E-5,1.96E-6,3.2E-7,7.2E-7,M2,2.557E-5,2.303E-5,6.0E-7,2.0E-7,M2,2.557E-5,2.303E-5,2.0E-7,1.46E-6,M2,2.146E-5,2.429E-5,4.31E-6,2.0E-7,M2,2.146E-5,2.389E-5,2.0E-7,6.0E-7,M2,5.73E-6,2.048E-5,3.2E-7,7.2E-7,M2,3.79E-6,6.800000000000001E-7,3.2E-7,7.2E-7,M2,4.086E-5,2.098E-5,2.0E-7,6.0E-7,M2,4.086E-5,1.742E-5,2.0E-7,3.76E-6,M2,4.086E-5,1.742E-5,2.85E-7,2.0E-7,M2,4.0745000000000004E-5,1.742E-5,6.0E-7,2.0E-7,M2,4.6E-7,2.098E-5,2.0E-7,6.0E-7,M2,4.6E-7,1.742E-5,2.0E-7,3.76E-6,M2,3.75E-7,1.742E-5,2.85E-7,2.0E-7,M2,1.75E-7,1.742E-5,6.0E-7,2.0E-7,M2,1.793E-5,1.0715E-5,2.0E-7,6.0E-7,M2,1.793E-5,1.0915E-5,2.0E-7,7.65E-7,M2,1.787E-5,1.062E-5,3.2E-7,1.12E-6,M2,1.707E-5,1.142E-5,1.12E-6,3.2E-7,M2,1.04E-5,1.1220000000000001E-5,3.2E-7,7.2E-7,M2,1.535E-5,2.303E-5,6.0E-7,2.0E-7,M2,1.575E-5,2.303E-5,2.0E-7,1.46E-6,M2,1.575E-5,2.429E-5,4.31E-6,2.0E-7,M2,1.986E-5,2.389E-5,2.0E-7,6.0E-7,M2,4.92E-6,1.96E-6,3.2E-7,7.2E-7,M2,9.06E-6,1.325E-6,3.2E-7,7.2E-7,M2,3.988E-5,2.2970000000000002E-5,7.2E-7,3.2E-7,M2,4.018E-5,2.2970000000000002E-5,3.2E-7,1.12E-6,M2,4.018E-5,2.2970000000000002E-5,1.12E-6,3.2E-7,M2,4.024E-5,2.303E-5,2.0E-7,3.44E-6,M2,3.984E-5,2.627E-5,6.0E-7,2.0E-7,M2,1.906E-5,3.55E-6,7.2E-7,3.2E-7,M2,3.132E-5,4.34E-6,7.2E-7,3.2E-7,M2,3.741E-5,6.800000000000001E-7,3.2E-7,7.2E-7,M2,3.547E-5,2.048E-5,3.2E-7,7.2E-7,M2,3.5550000000000004E-5,4.0E-8,6.0E-7,2.0E-7,M2,5.77E-6,4.0E-8,2.998E-5,2.0E-7,M2,5.37E-6,4.0E-8,6.0E-7,2.0E-7,M2,3.08E-5,3.2050000000000002E-6,3.2E-7,7.2E-7,M2,3.063E-5,5.250000000000001E-7,3.2E-7,7.2E-7,M2,9.48E-6,4.34E-6,7.2E-7,3.2E-7,M2,2.1740000000000002E-5,3.55E-6,7.2E-7,3.2E-7,M2,2.626E-5,2.1930000000000002E-5,2.0E-7,6.0E-7,M2,1.506E-5,2.233E-5,1.1400000000000001E-5,2.0E-7,M2,1.506E-5,2.1930000000000002E-5,2.0E-7,6.0E-7,M2,1.063E-5,5.85E-7,2.0E-7,6.0E-7,M2,1.0495E-5,5.85E-7,3.35E-7,2.0E-7,M2,1.046E-5,5.85E-7,2.35E-7,2.0E-7,M2,1.046E-5,5.85E-7,2.0E-7,3.08E-6,M2,1.046E-5,3.265E-6,2.0E-7,6.0E-7,M3,3.2200000000000003E-5,1.385E-6,2.0E-7,6.0E-7,M3,3.2200000000000003E-5,1.785E-6,2.0E-7,8.35E-7,M3,3.2200000000000003E-5,2.42E-6,4.34E-6,2.0E-7,M3,3.634E-5,2.02E-6,2.0E-7,6.0E-7,M3,5.73E-6,2.048E-5,3.2E-7,7.2E-7,M3,3.79E-6,6.800000000000001E-7,3.2E-7,7.2E-7,M3,1.793E-5,1.068E-5,2.0E-7,1.0E-6,M3,1.713E-5,1.148E-5,1.0E-6,2.0E-7,M3,1.046E-5,1.148E-5,7.67E-6,2.0E-7,M3,1.046E-5,1.128E-5,2.0E-7,6.0E-7,M3,4.98E-6,2.02E-6,2.0E-7,6.0E-7,M3,4.98E-6,1.785E-6,2.0E-7,8.35E-7,M3,4.98E-6,1.785E-6,4.34E-6,2.0E-7,M3,9.12E-6,1.385E-6,2.0E-7,6.0E-7,M3,3.994E-5,2.303E-5,6.0E-7,2.0E-7,M3,4.024E-5,2.303E-5,3.0E-7,2.0E-7,M3,4.024E-5,2.303E-5,2.0E-7,1.0E-6,M3,4.024E-5,2.303E-5,1.0E-6,2.0E-7,M3,1.906E-5,3.55E-6,7.2E-7,3.2E-7,M3,3.132E-5,4.34E-6,7.2E-7,3.2E-7,M3,3.741E-5,6.800000000000001E-7,3.2E-7,7.2E-7,M3,3.547E-5,2.048E-5,3.2E-7,7.2E-7,M3,3.086E-5,3.265E-6,2.0E-7,6.0E-7,M3,3.086E-5,5.85E-7,2.0E-7,3.08E-6,M3,3.0825000000000004E-5,5.85E-7,2.35E-7,2.0E-7,M3,3.0565E-5,5.250000000000001E-7,7.2E-7,3.2E-7,M3,3.063E-5,5.250000000000001E-7,3.2E-7,7.2E-7,M3,9.48E-6,4.34E-6,7.2E-7,3.2E-7,M3,2.1740000000000002E-5,3.55E-6,7.2E-7,3.2E-7,M4,5.7900000000000005E-6,2.054E-5,2.0E-7,6.0E-7,M4,5.7900000000000005E-6,7.4E-7,2.0E-7,2.0E-5,M4,3.85E-6,7.4E-7,2.14E-6,2.0E-7,M4,3.85E-6,7.4E-7,2.0E-7,6.0E-7,M4,1.906E-5,3.55E-6,7.2E-7,3.2E-7,M4,3.132E-5,4.34E-6,7.2E-7,3.2E-7,M4,3.747E-5,7.4E-7,2.0E-7,6.0E-7,M4,3.747E-5,7.4E-7,2.0E-7,2.0E-5,M4,3.553E-5,2.054E-5,2.14E-6,2.0E-7,M4,3.553E-5,2.054E-5,2.0E-7,6.0E-7,M4,3.0625E-5,5.85E-7,6.0E-7,2.0E-7,M4,3.069E-5,5.85E-7,3.35E-7,2.0E-7,M4,3.069E-5,5.85E-7,2.0E-7,6.0E-7,M4,9.54E-6,4.4E-6,6.0E-7,2.0E-7,M4,9.94E-6,4.4E-6,1.206E-5,2.0E-7,M4,2.18E-5,3.61E-6,2.0E-7,9.9E-7,M4,2.18E-5,3.61E-6,6.0E-7,2.0E-7,M5,1.906E-5,3.55E-6,7.2E-7,3.2E-7,M5,1.946E-5,4.34E-6,1.12E-6,3.2E-7,M5,1.946E-5,3.54E-6,3.2E-7,1.12E-6,M5,1.952E-5,4.4E-6,1.206E-5,2.0E-7,M5,3.138E-5,4.4E-6,6.0E-7,2.0E-7,M6,1.912E-5,3.61E-6,6.0E-7,2.0E-7,M6,1.952E-5,3.61E-6,2.0E-7,9.9E-7,M6,1.952E-5,4.4E-6,1.0E-6,2.0E-7,M6,1.952E-5,3.6000000000000003E-6,2.0E-7,1.0E-6,
M1,2.164E-5,2.35E-6,1.6E-7,1.79E-6,M1,1.3520000000000001E-5,1.485E-5,6.54E-6,1.6E-7,M1,2.216E-5,5.12E-6,1.9200000000000003E-6,1.6E-7,M1,1.8E-7,1.6385E-5,2.4000000000000003E-7,6.4E-7,M1,4.4E-7,2.0345E-5,2.4000000000000003E-7,6.4E-7,M1,1.178E-5,2.35E-6,1.6E-7,1.79E-6,M1,1.2120000000000001E-5,1.2980000000000001E-5,6.4E-7,2.4000000000000003E-7,M1,1.2965E-5,1.9205E-5,6.4E-7,2.4000000000000003E-7,M1,1.3205E-5,1.9245E-5,8.75E-7,1.6E-7,M1,9.5E-6,5.12E-6,1.6E-7,2.5E-7,M1,9.5E-6,5.21E-6,7.900000000000001E-7,1.6E-7,M1,1.013E-5,1.365E-6,1.6E-7,4.005E-6,M1,3.129E-5,7.2E-7,2.4000000000000003E-7,6.4E-7,M1,3.187E-5,1.9905E-5,2.4000000000000003E-7,6.4E-7,M1,1.3335E-5,1.2980000000000001E-5,6.4E-7,2.4000000000000003E-7,M1,1.587E-5,1.0160000000000001E-5,2.4000000000000003E-7,6.4E-7,M1,8.54E-6,3.94E-6,6.4E-7,2.4000000000000003E-7,M1,1.8245E-5,1.17E-5,6.4E-7,2.4000000000000003E-7,M1,1.2665E-5,1.302E-5,1.6E-7,7.900000000000001E-7,M1,1.262E-5,1.365E-5,2.05E-7,1.6E-7,M1,2.519E-5,2.66E-6,6.4E-7,2.4000000000000003E-7,M1,9.195000000000001E-6,2.66E-6,6.4E-7,2.4000000000000003E-7,M1,8.19E-6,2.7E-6,1.405E-6,1.6E-7,M1,2.185E-5,1.365E-6,2.4000000000000003E-7,6.4E-7,M1,2.3935E-5,1.96E-6,6.4E-7,2.4000000000000003E-7,M1,2.4175E-5,2.0E-6,2.485E-6,1.6E-7,M1,2.392E-5,5.12E-6,1.6E-7,2.5E-7,M1,2.329E-5,5.21E-6,7.900000000000001E-7,1.6E-7,M1,2.329E-5,1.365E-6,1.6E-7,4.005E-6,M1,3.316E-5,1.6385E-5,2.4000000000000003E-7,6.4E-7,M1,3.29E-5,2.0345E-5,2.4000000000000003E-7,6.4E-7,M1,1.481E-5,1.805E-6,3.96E-6,1.6E-7,M1,1.444E-5,2.168E-5,4.7E-6,1.6E-7,M1,2.44E-5,3.94E-6,6.4E-7,2.4000000000000003E-7,M1,1.4695E-5,1.17E-5,6.4E-7,2.4000000000000003E-7,M1,1.991E-5,1.544E-5,6.4E-7,2.4000000000000003E-7,M1,1.946E-5,1.9205E-5,6.4E-7,2.4000000000000003E-7,M1,9.5E-6,5.12E-6,1.9200000000000003E-6,1.6E-7,M1,2.08E-5,1.302E-5,1.6E-7,7.900000000000001E-7,M1,2.0755E-5,1.302E-5,2.05E-7,1.6E-7,M1,2.05E-6,7.2E-7,2.4000000000000003E-7,6.4E-7,M1,1.4700000000000001E-6,1.9905E-5,2.4000000000000003E-7,6.4E-7,M1,2.194E-5,1.4410000000000001E-5,2.4000000000000003E-7,6.4E-7,M1,2.481E-5,2.164E-5,6.4E-7,2.4000000000000003E-7,M1,2.505E-5,2.168E-5,2.77E-6,1.6E-7,M1,1.747E-5,1.0160000000000001E-5,2.4000000000000003E-7,6.4E-7,M1,1.9605E-5,1.2980000000000001E-5,6.4E-7,2.4000000000000003E-7,M1,1.149E-5,1.365E-6,2.4000000000000003E-7,6.4E-7,M1,9.005000000000001E-6,1.96E-6,6.4E-7,2.4000000000000003E-7,M1,6.92E-6,2.0E-6,2.485E-6,1.6E-7,M2,2.0E-7,1.6405E-5,2.0E-7,6.0E-7,M2,2.0E-7,1.6805E-5,4.6E-7,2.0E-7,M2,4.6E-7,1.6805E-5,2.0E-7,3.76E-6,M2,4.6E-7,2.0365E-5,2.0E-7,6.0E-7,M2,1.214E-5,1.3000000000000001E-5,6.0E-7,2.0E-7,M2,1.234E-5,1.3000000000000001E-5,2.0E-7,6.425E-6,M2,1.234E-5,1.9225E-5,1.045E-6,2.0E-7,M2,1.2985E-5,1.9225E-5,6.0E-7,2.0E-7,M2,3.125E-5,6.800000000000001E-7,3.2E-7,7.2E-7,M2,3.183E-5,1.9865E-5,3.2E-7,7.2E-7,M2,1.3295E-5,1.294E-5,7.2E-7,3.2E-7,M2,1.583E-5,1.012E-5,3.2E-7,7.2E-7,M2,8.56E-6,3.96E-6,6.0E-7,2.0E-7,M2,8.96E-6,3.96E-6,9.705E-6,2.0E-7,M2,1.8465E-5,3.96E-6,2.0E-7,7.96E-6,M2,1.8265E-5,1.172E-5,6.0E-7,2.0E-7,M2,2.521E-5,2.68E-6,6.0E-7,2.0E-7,M2,9.415E-6,2.68E-6,1.5995000000000002E-5,2.0E-7,M2,9.215E-6,2.68E-6,6.0E-7,2.0E-7,M2,2.187E-5,1.385E-6,2.0E-7,6.0E-7,M2,2.187E-5,1.785E-6,2.0E-7,3.9500000000000003E-7,M2,2.187E-5,1.98E-6,2.485E-6,2.0E-7,M2,2.3955E-5,1.98E-6,6.0E-7,2.0E-7,M2,3.318E-5,1.6405E-5,2.0E-7,6.0E-7,M2,3.292E-5,1.6805E-5,4.6E-7,2.0E-7,M2,3.292E-5,1.6805E-5,2.0E-7,3.76E-6,M2,3.292E-5,2.0365E-5,2.0E-7,6.0E-7,M2,2.436E-5,3.9E-6,7.2E-7,3.2E-7,M2,1.4655000000000001E-5,1.166E-5,7.2E-7,3.2E-7,M2,1.993E-5,1.546E-5,6.0E-7,2.0E-7,M2,2.0130000000000002E-5,1.546E-5,2.0E-7,3.965E-6,M2,1.948E-5,1.9225E-5,8.5E-7,2.0E-7,M2,1.948E-5,1.9225E-5,6.0E-7,2.0E-7,M2,2.0100000000000002E-6,6.800000000000001E-7,3.2E-7,7.2E-7,M2,1.43E-6,1.9865E-5,3.2E-7,7.2E-7,M2,2.196E-5,1.443E-5,2.0E-7,6.0E-7,M2,2.196E-5,1.483E-5,2.0E-7,7.0300000000000005E-6,M2,2.196E-5,2.166E-5,3.27E-6,2.0E-7,M2,2.483E-5,2.166E-5,6.0E-7,2.0E-7,M2,1.749E-5,1.018E-5,2.0E-7,6.0E-7,M2,1.749E-5,1.058E-5,2.0E-7,2.62E-6,M2,1.749E-5,1.3000000000000001E-5,2.535E-6,2.0E-7,M2,1.9625E-5,1.3000000000000001E-5,6.0E-7,2.0E-7,M2,1.151E-5,1.385E-6,2.0E-7,6.0E-7,M2,1.151E-5,1.785E-6,2.0E-7,3.9500000000000003E-7,M2,9.225E-6,1.98E-6,2.485E-6,2.0E-7,M2,9.025E-6,1.98E-6,6.0E-7,2.0E-7,M3,3.1310000000000003E-5,7.4E-7,2.0E-7,6.0E-7,M3,3.1310000000000003E-5,7.4E-7,2.0E-7,1.9385E-5,M3,3.1310000000000003E-5,1.9925E-5,7.8E-7,2.0E-7,M3,3.189E-5,1.9925E-5,2.0E-7,6.0E-7,M3,1.3355E-5,1.3000000000000001E-5,6.0E-7,2.0E-7,M3,1.3555E-5,1.3000000000000001E-5,2.535E-6,2.0E-7,M3,1.583E-5,1.214E-5,3.2E-7,1.12E-6,M3,1.503E-5,1.294E-5,1.12E-6,3.2E-7,M3,1.583E-5,1.012E-5,3.2E-7,7.2E-7,M3,2.442E-5,3.96E-6,6.0E-7,2.0E-7,M3,1.4915E-5,3.96E-6,9.705E-6,2.0E-7,M3,1.4915E-5,3.96E-6,2.0E-7,7.96E-6,M3,1.4715E-5,1.172E-5,6.0E-7,2.0E-7,M3,2.07E-6,7.4E-7,2.0E-7,6.0E-7,M3,2.07E-6,7.4E-7,2.0E-7,1.9385E-5,M3,1.4900000000000001E-6,1.9925E-5,7.8E-7,2.0E-7,M3,1.4900000000000001E-6,1.9925E-5,2.0E-7,6.0E-7,M4,1.5890000000000002E-5,1.22E-5,2.0E-7,1.0E-6,M4,1.509E-5,1.3000000000000001E-5,1.0E-6,2.0E-7,M4,1.5890000000000002E-5,1.058E-5,2.0E-7,2.62E-6,M4,1.5890000000000002E-5,1.018E-5,2.0E-7,6.0E-7,
M1,3.334E-5,1.8450000000000001E-6,1.6E-7,1.655E-5,M1,3.2500000000000004E-5,1.805E-6,1.04E-6,2.4000000000000003E-7,M1,3.33E-5,1.805E-6,2.4000000000000003E-7,1.04E-6,M1,3.294E-5,1.405E-6,2.4000000000000003E-7,6.4E-7,M1,2.284E-5,5.405E-6,1.9200000000000003E-6,1.6E-7,M1,3.36E-6,1.8450000000000001E-6,5.2E-7,1.6E-7,M1,3.36E-6,1.8450000000000001E-6,1.6E-7,1.655E-5,M1,1.8E-7,1.4675000000000001E-5,2.4000000000000003E-7,6.4E-7,M1,4.4E-7,1.8635E-5,2.4000000000000003E-7,6.4E-7,M1,2.1435E-5,1.1705E-5,1.6E-7,7.2E-7,M1,2.1435E-5,1.2265E-5,2.05E-7,1.6E-7,M1,2.232E-5,2.35E-6,5.19E-6,1.6E-7,M1,2.232E-5,2.35E-6,1.6E-7,2.075E-6,M1,2.995E-5,1.365E-6,2.4000000000000003E-7,6.4E-7,M1,3.402E-5,1.8450000000000001E-6,2.4000000000000003E-7,6.4E-7,M1,3.618E-5,1.8635E-5,2.4000000000000003E-7,6.4E-7,M1,3.6440000000000003E-5,1.4675000000000001E-5,2.4000000000000003E-7,6.4E-7,M1,2.1740000000000002E-5,1.403E-5,1.6E-7,3.665E-6,M1,2.1740000000000002E-5,1.7535E-5,1.3E-6,1.6E-7,M1,2.018E-5,1.1665000000000001E-5,6.4E-7,2.4000000000000003E-7,M1,1.911E-5,8.845000000000001E-6,2.4000000000000003E-7,6.4E-7,M1,9.97E-6,1.805E-6,1.692E-5,1.6E-7,M1,2.508E-5,4.225E-6,6.4E-7,2.4000000000000003E-7,M1,1.677E-5,4.225E-6,6.4E-7,2.4000000000000003E-7,M1,2.34E-5,1.9585E-5,2.4000000000000003E-7,6.4E-7,M1,2.262E-5,1.303E-5,2.4000000000000003E-7,6.4E-7,M1,2.6E-6,1.8450000000000001E-6,2.4000000000000003E-7,6.4E-7,M1,6.6700000000000005E-6,1.365E-6,2.4000000000000003E-7,6.4E-7,M1,1.612E-5,1.347E-5,4.62E-6,1.6E-7,M1,1.322E-5,1.9585E-5,2.4000000000000003E-7,6.4E-7,M1,1.4E-5,1.303E-5,2.4000000000000003E-7,6.4E-7,M1,1.522E-5,1.1705E-5,1.6E-7,7.2E-7,M1,1.522E-5,1.1705E-5,2.05E-7,1.6E-7,M1,1.2100000000000001E-5,5.405E-6,1.9200000000000003E-6,1.6E-7,M1,2.46E-5,6.05E-7,1.6E-7,4.96E-6,M1,2.46E-5,6.05E-7,4.06E-6,1.6E-7,M1,1.114E-5,4.225E-6,6.4E-7,2.4000000000000003E-7,M1,1.9450000000000002E-5,4.225E-6,6.4E-7,2.4000000000000003E-7,M1,1.751E-5,8.845000000000001E-6,2.4000000000000003E-7,6.4E-7,M1,1.604E-5,1.1665000000000001E-5,6.4E-7,2.4000000000000003E-7,M1,1.2100000000000001E-5,6.05E-7,1.6E-7,4.96E-6,M1,8.2E-6,6.05E-7,4.06E-6,1.6E-7,M1,3.3800000000000002E-6,2.9850000000000002E-6,3.01E-5,1.6E-7,M1,1.338E-5,1.7495E-5,6.4E-7,2.4000000000000003E-7,M1,1.378E-5,1.399E-5,2.4000000000000003E-7,1.04E-6,M1,1.378E-5,1.399E-5,1.04E-6,2.4000000000000003E-7,M1,1.382E-5,1.403E-5,1.3E-6,1.6E-7,M1,9.35E-6,2.35E-6,5.19E-6,1.6E-7,M1,1.438E-5,2.35E-6,1.6E-7,2.075E-6,M2,3.246E-5,1.765E-6,1.12E-6,3.2E-7,M2,3.3260000000000003E-5,1.765E-6,3.2E-7,1.12E-6,M2,3.29E-5,1.365E-6,3.2E-7,7.2E-7,M2,1.4E-7,1.4635E-5,3.2E-7,7.2E-7,M2,4.0E-7,1.8595E-5,3.2E-7,7.2E-7,M2,2.997E-5,1.385E-6,2.0E-7,6.0E-7,M2,2.997E-5,1.785E-6,4.27E-6,2.0E-7,M2,3.404E-5,1.785E-6,2.0E-7,6.800000000000001E-7,M2,3.404E-5,1.8650000000000001E-6,2.0E-7,6.0E-7,M2,3.614E-5,1.8595E-5,3.2E-7,7.2E-7,M2,3.6400000000000004E-5,1.4635E-5,3.2E-7,7.2E-7,M2,2.02E-5,1.1685E-5,6.0E-7,2.0E-7,M2,2.02E-5,9.265E-6,2.0E-7,2.62E-6,M2,1.934E-5,9.205E-6,1.12E-6,3.2E-7,M2,2.014E-5,9.205E-6,3.2E-7,1.12E-6,M2,1.9070000000000002E-5,8.805E-6,3.2E-7,7.2E-7,M2,2.504E-5,4.185E-6,7.2E-7,3.2E-7,M2,1.673E-5,4.185E-6,7.2E-7,3.2E-7,M2,2.336E-5,1.9545E-5,3.2E-7,7.2E-7,M2,2.258E-5,1.2990000000000001E-5,3.2E-7,7.2E-7,M2,2.62E-6,1.8650000000000001E-6,2.0E-7,6.0E-7,M2,2.62E-6,1.785E-6,2.0E-7,6.800000000000001E-7,M2,2.62E-6,1.785E-6,4.27E-6,2.0E-7,M2,6.69E-6,1.385E-6,2.0E-7,6.0E-7,M2,1.3180000000000001E-5,1.9545E-5,3.2E-7,7.2E-7,M2,1.396E-5,1.2990000000000001E-5,3.2E-7,7.2E-7,M2,1.116E-5,4.245E-6,6.0E-7,2.0E-7,M2,1.156E-5,4.245E-6,8.11E-6,2.0E-7,M2,1.947E-5,4.245E-6,6.0E-7,2.0E-7,M2,1.753E-5,8.865E-6,2.0E-7,6.0E-7,M2,1.646E-5,9.265E-6,1.2700000000000001E-6,2.0E-7,M2,1.646E-5,9.265E-6,2.0E-7,2.62E-6,M2,1.606E-5,1.1685E-5,6.0E-7,2.0E-7,M2,1.34E-5,1.7515E-5,6.0E-7,2.0E-7,M2,1.38E-5,1.401E-5,2.0E-7,3.705E-6,M2,1.38E-5,1.401E-5,2.0E-7,1.0E-6,M2,1.38E-5,1.401E-5,1.0E-6,2.0E-7,M3,3.252E-5,1.825E-6,1.0E-6,2.0E-7,M3,3.332E-5,1.825E-6,2.0E-7,1.0E-6,M3,3.296E-5,1.825E-6,5.6E-7,2.0E-7,M3,3.296E-5,1.4250000000000001E-6,2.0E-7,6.0E-7,M3,2.0E-7,1.4695E-5,2.0E-7,6.0E-7,M3,2.0E-7,1.5095E-5,4.6E-7,2.0E-7,M3,4.6E-7,1.5095E-5,2.0E-7,3.76E-6,M3,4.6E-7,1.8655E-5,2.0E-7,6.0E-7,M3,3.62E-5,1.8655E-5,2.0E-7,6.0E-7,M3,3.62E-5,1.5095E-5,2.0E-7,3.76E-6,M3,3.62E-5,1.5095E-5,4.25E-7,2.0E-7,M3,3.6425E-5,1.5095E-5,2.35E-7,2.0E-7,M3,3.646E-5,1.4695E-5,2.0E-7,6.0E-7,M3,1.94E-5,9.265E-6,1.0E-6,2.0E-7,M3,2.02E-5,9.265E-6,2.0E-7,1.0E-6,M3,1.913E-5,9.265E-6,1.2700000000000001E-6,2.0E-7,M3,1.913E-5,8.865E-6,2.0E-7,6.0E-7,M3,2.51E-5,4.245E-6,6.0E-7,2.0E-7,M3,1.719E-5,4.245E-6,8.11E-6,2.0E-7,M3,1.679E-5,4.245E-6,6.0E-7,2.0E-7,M3,2.342E-5,1.9605E-5,2.0E-7,6.0E-7,M3,2.342E-5,1.345E-5,2.0E-7,6.7550000000000005E-6,M3,2.264E-5,1.345E-5,9.8E-7,2.0E-7,M3,2.264E-5,1.305E-5,2.0E-7,6.0E-7,M3,1.324E-5,1.9605E-5,2.0E-7,6.0E-7,M3,1.324E-5,1.345E-5,2.0E-7,6.7550000000000005E-6,M3,1.324E-5,1.345E-5,9.8E-7,2.0E-7,M3,1.402E-5,1.305E-5,2.0E-7,6.0E-7,
M1,2.165E-5,1.5465000000000002E-5,2.4000000000000003E-7,6.4E-7,M1,2.098E-5,2.189E-5,2.4000000000000003E-7,6.4E-7,M1,1.4390000000000001E-5,1.805E-6,4.58E-6,1.6E-7,M1,2.217E-5,1.365E-6,2.4000000000000003E-7,6.4E-7,M1,2.662E-5,1.37E-6,2.4000000000000003E-7,6.4E-7,M1,2.133E-5,2.35E-6,1.8E-7,1.6E-7,M1,2.135E-5,2.35E-6,1.6E-7,1.45E-6,M1,2.081E-5,1.468E-5,2.85E-7,1.6E-7,M1,2.0935000000000002E-5,1.398E-5,1.6E-7,8.6E-7,M1,1.309E-5,1.5905E-5,7.18E-6,1.6E-7,M1,2.022E-5,1.6565E-5,6.4E-7,2.4000000000000003E-7,M1,2.036E-5,1.885E-5,6.4E-7,2.4000000000000003E-7,M1,1.8E-7,1.603E-5,2.4000000000000003E-7,6.4E-7,M1,4.4E-7,1.999E-5,2.4000000000000003E-7,6.4E-7,M1,3.268E-5,1.999E-5,2.4000000000000003E-7,6.4E-7,M1,3.294E-5,1.603E-5,2.4000000000000003E-7,6.4E-7,M1,1.301E-5,1.394E-5,6.4E-7,2.4000000000000003E-7,M1,1.576E-5,1.112E-5,2.4000000000000003E-7,6.4E-7,M1,1.185E-5,2.35E-6,1.8E-7,1.6E-7,M1,1.185E-5,2.35E-6,1.6E-7,1.45E-6,M1,1.991E-5,1.266E-5,6.4E-7,2.4000000000000003E-7,M1,8.61E-6,3.6000000000000003E-6,6.4E-7,2.4000000000000003E-7,M1,1.147E-5,1.5465000000000002E-5,2.4000000000000003E-7,6.4E-7,M1,1.214E-5,2.189E-5,2.4000000000000003E-7,6.4E-7,M1,1.095E-5,1.365E-6,2.4000000000000003E-7,6.4E-7,M1,6.5000000000000004E-6,1.37E-6,2.4000000000000003E-7,6.4E-7,M1,2.523E-5,9.3E-7,2.4000000000000003E-7,6.4E-7,M1,2.578E-5,1.955E-5,2.4000000000000003E-7,6.4E-7,M1,2.411E-5,3.6000000000000003E-6,6.4E-7,2.4000000000000003E-7,M1,1.2810000000000001E-5,1.266E-5,6.4E-7,2.4000000000000003E-7,M1,9.57E-6,4.78E-6,1.9200000000000003E-6,1.6E-7,M1,2.6565E-5,2.0E-8,6.4E-7,2.4000000000000003E-7,M1,7.05E-6,2.0E-8,6.4E-7,2.4000000000000003E-7,M1,1.736E-5,1.112E-5,2.4000000000000003E-7,6.4E-7,M1,1.736E-5,1.394E-5,1.04E-6,2.4000000000000003E-7,M1,1.736E-5,1.314E-5,2.4000000000000003E-7,1.04E-6,M1,1.74E-5,1.398E-5,2.51E-6,1.6E-7,M1,1.2265E-5,1.468E-5,2.85E-7,1.6E-7,M1,1.2265E-5,1.398E-5,1.6E-7,8.6E-7,M1,1.236E-5,1.885E-5,6.4E-7,2.4000000000000003E-7,M1,1.25E-5,1.6565E-5,6.4E-7,2.4000000000000003E-7,M1,9.57E-6,1.365E-6,1.6E-7,3.575E-6,M1,9.53E-6,1.365E-6,2.0E-7,1.6E-7,M1,2.187E-5,4.78E-6,1.9200000000000003E-6,1.6E-7,M1,7.89E-6,9.3E-7,2.4000000000000003E-7,6.4E-7,M1,7.34E-6,1.955E-5,2.4000000000000003E-7,6.4E-7,M1,2.363E-5,1.365E-6,1.6E-7,3.575E-6,M1,2.363E-5,1.365E-6,2.0E-7,1.6E-7,M2,2.167E-5,1.5485E-5,2.0E-7,6.0E-7,M2,2.167E-5,1.5885E-5,2.0E-7,6.625E-6,M2,2.1E-5,2.231E-5,8.7E-7,2.0E-7,M2,2.1E-5,2.1910000000000002E-5,2.0E-7,6.0E-7,M2,2.213E-5,1.325E-6,3.2E-7,7.2E-7,M2,2.658E-5,1.33E-6,3.2E-7,7.2E-7,M2,2.024E-5,1.6585E-5,6.0E-7,2.0E-7,M2,2.044E-5,1.6585E-5,2.0E-7,2.485E-6,M2,2.038E-5,1.887E-5,2.6E-7,2.0E-7,M2,2.038E-5,1.887E-5,6.0E-7,2.0E-7,M2,2.0E-7,1.605E-5,2.0E-7,6.0E-7,M2,2.0E-7,1.645E-5,2.0E-7,3.76E-6,M2,2.0E-7,2.001E-5,4.6E-7,2.0E-7,M2,4.6E-7,2.001E-5,2.0E-7,6.0E-7,M2,3.27E-5,2.001E-5,2.0E-7,6.0E-7,M2,3.27E-5,1.645E-5,2.0E-7,3.76E-6,M2,3.27E-5,1.645E-5,4.6E-7,2.0E-7,M2,3.296E-5,1.605E-5,2.0E-7,6.0E-7,M2,1.303E-5,1.396E-5,6.0E-7,2.0E-7,M2,1.343E-5,1.396E-5,2.55E-6,2.0E-7,M2,1.578E-5,1.154E-5,2.0E-7,2.62E-6,M2,1.578E-5,1.114E-5,2.0E-7,6.0E-7,M2,1.987E-5,1.262E-5,7.2E-7,3.2E-7,M2,8.570000000000001E-6,3.5600000000000002E-6,7.2E-7,3.2E-7,M2,1.149E-5,1.5485E-5,2.0E-7,6.0E-7,M2,1.149E-5,1.5885E-5,2.0E-7,6.625E-6,M2,1.149E-5,2.231E-5,8.7E-7,2.0E-7,M2,1.216E-5,2.1910000000000002E-5,2.0E-7,6.0E-7,M2,1.091E-5,1.325E-6,3.2E-7,7.2E-7,M2,6.46E-6,1.33E-6,3.2E-7,7.2E-7,M2,2.525E-5,9.5E-7,2.0E-7,6.0E-7,M2,2.525E-5,1.35E-6,2.0E-7,1.842E-5,M2,2.525E-5,1.957E-5,7.5E-7,2.0E-7,M2,2.58E-5,1.957E-5,2.0E-7,6.0E-7,M2,2.413E-5,3.62E-6,6.0E-7,2.0E-7,M2,1.6225E-5,3.62E-6,8.105E-6,2.0E-7,M2,1.6165000000000002E-5,3.5600000000000002E-6,3.2E-7,1.12E-6,M2,1.6165000000000002E-5,3.5600000000000002E-6,1.12E-6,3.2E-7,M2,1.277E-5,1.262E-5,7.2E-7,3.2E-7,M2,2.6585E-5,4.0E-8,6.0E-7,2.0E-7,M2,7.4700000000000005E-6,4.0E-8,1.9515000000000002E-5,2.0E-7,M2,7.07E-6,4.0E-8,6.0E-7,2.0E-7,M2,1.738E-5,1.114E-5,2.0E-7,6.0E-7,M2,1.738E-5,1.154E-5,2.0E-7,2.62E-6,M2,1.738E-5,1.396E-5,1.0E-6,2.0E-7,M2,1.738E-5,1.3160000000000001E-5,2.0E-7,1.0E-6,M2,1.238E-5,1.887E-5,6.0E-7,2.0E-7,M2,1.278E-5,1.6585E-5,2.0E-7,2.485E-6,M2,1.272E-5,1.6585E-5,2.6E-7,2.0E-7,M2,1.252E-5,1.6585E-5,6.0E-7,2.0E-7,M2,7.91E-6,9.5E-7,2.0E-7,6.0E-7,M2,7.91E-6,1.35E-6,2.0E-7,1.842E-5,M2,7.36E-6,1.957E-5,7.5E-7,2.0E-7,M2,7.36E-6,1.957E-5,2.0E-7,6.0E-7,M3,2.219E-5,1.385E-6,2.0E-7,6.0E-7,M3,2.219E-5,1.785E-6,2.0E-7,2.05E-7,M3,2.219E-5,1.79E-6,4.65E-6,2.0E-7,M3,2.664E-5,1.39E-6,2.0E-7,6.0E-7,M3,1.987E-5,1.262E-5,7.2E-7,3.2E-7,M3,8.570000000000001E-6,3.5600000000000002E-6,7.2E-7,3.2E-7,M3,1.097E-5,1.385E-6,2.0E-7,6.0E-7,M3,1.097E-5,1.785E-6,2.0E-7,2.05E-7,M3,6.52E-6,1.79E-6,4.65E-6,2.0E-7,M3,6.52E-6,1.39E-6,2.0E-7,6.0E-7,M3,1.6225E-5,3.62E-6,2.0E-7,1.0E-6,M3,1.6225E-5,3.62E-6,1.0E-6,2.0E-7,M3,1.6225E-5,3.62E-6,2.0E-7,9.26E-6,M3,1.6165000000000002E-5,1.182E-5,3.2E-7,1.12E-6,M3,1.5365E-5,1.262E-5,1.12E-6,3.2E-7,M3,1.277E-5,1.262E-5,7.2E-7,3.2E-7,M4,1.993E-5,1.268E-5,6.0E-7,2.0E-7,M4,1.705E-5,1.268E-5,3.28E-6,2.0E-7,M4,1.705E-5,3.62E-6,2.0E-7,9.26E-6,M4,1.619E-5,3.5600000000000002E-6,1.12E-6,3.2E-7,M4,1.699E-5,3.5600000000000002E-6,3.2E-7,1.12E-6,M4,9.17E-6,3.5600000000000002E-6,7.2E-7,3.2E-7,M4,9.03E-6,3.62E-6,6.0E-7,2.0E-7,M4,8.63E-6,3.62E-6,6.0E-7,2.0E-7,M4,1.6225E-5,1.188E-5,2.0E-7,1.0E-6,M4,1.5425E-5,1.268E-5,1.0E-6,2.0E-7,M4,1.303E-5,1.268E-5,3.395E-6,2.0E-7,M4,1.283E-5,1.268E-5,6.0E-7,2.0E-7,M5,1.6250000000000002E-5,3.62E-6,1.0E-6,2.0E-7,M5,1.705E-5,3.62E-6,2.0E-7,1.0E-6,M5,9.43E-6,3.62E-6,7.82E-6,2.0E-7,M5,9.23E-6,3.62E-6,6.0E-7,2.0E-7,
M1,1.25E-5,1.5975E-5,6.4E-7,2.4000000000000003E-7,M1,1.236E-5,1.893E-5,6.4E-7,2.4000000000000003E-7,M1,1.4390000000000001E-5,1.805E-6,4.58E-6,1.6E-7,M1,2.098E-5,2.197E-5,2.4000000000000003E-7,6.4E-7,M1,2.165E-5,1.4875E-5,2.4000000000000003E-7,6.4E-7,M1,1.309E-5,1.5315E-5,7.18E-6,1.6E-7,M1,3.268E-5,2.007E-5,2.4000000000000003E-7,6.4E-7,M1,3.294E-5,1.611E-5,2.4000000000000003E-7,6.4E-7,M1,4.4E-7,2.007E-5,2.4000000000000003E-7,6.4E-7,M1,1.8E-7,1.611E-5,2.4000000000000003E-7,6.4E-7,M1,1.095E-5,1.365E-6,2.4000000000000003E-7,6.4E-7,M1,6.5000000000000004E-6,1.41E-6,2.4000000000000003E-7,6.4E-7,M1,9.57E-6,4.86E-6,1.9200000000000003E-6,1.6E-7,M1,2.0700000000000002E-5,1.339E-5,1.6E-7,8.6E-7,M1,2.0700000000000002E-5,1.409E-5,2.7E-7,1.6E-7,M1,5.98E-6,1.765E-5,6.4E-7,2.4000000000000003E-7,M1,1.77E-5,1.207E-5,6.4E-7,2.4000000000000003E-7,M1,9.57E-6,1.365E-6,1.6E-7,3.655E-6,M1,9.53E-6,1.365E-6,2.0E-7,1.6E-7,M1,2.363E-5,1.365E-6,1.6E-7,3.655E-6,M1,2.363E-5,1.365E-6,2.0E-7,1.6E-7,M1,1.214E-5,2.197E-5,2.4000000000000003E-7,6.4E-7,M1,1.147E-5,1.4875E-5,2.4000000000000003E-7,6.4E-7,M1,2.036E-5,1.893E-5,6.4E-7,2.4000000000000003E-7,M1,2.022E-5,1.5975E-5,6.4E-7,2.4000000000000003E-7,M1,2.523E-5,9.7E-7,2.4000000000000003E-7,6.4E-7,M1,2.578E-5,1.963E-5,2.4000000000000003E-7,6.4E-7,M1,2.567E-5,2.0E-8,6.4E-7,2.4000000000000003E-7,M1,7.05E-6,2.0E-8,6.4E-7,2.4000000000000003E-7,M1,1.736E-5,1.053E-5,2.4000000000000003E-7,6.4E-7,M1,2.0185E-5,1.278E-5,2.4000000000000003E-7,6.4E-7,M1,2.0225E-5,1.302E-5,1.6E-7,5.3E-7,M1,1.181E-5,3.68E-6,6.4E-7,2.4000000000000003E-7,M1,1.183E-5,2.88E-6,2.4000000000000003E-7,1.04E-6,M1,1.103E-5,3.68E-6,1.04E-6,2.4000000000000003E-7,M1,1.187E-5,2.35E-6,1.6E-7,1.53E-6,M1,1.502E-5,1.207E-5,6.4E-7,2.4000000000000003E-7,M1,2.674E-5,1.765E-5,6.4E-7,2.4000000000000003E-7,M1,7.89E-6,9.7E-7,2.4000000000000003E-7,6.4E-7,M1,7.34E-6,1.963E-5,2.4000000000000003E-7,6.4E-7,M1,1.576E-5,1.053E-5,2.4000000000000003E-7,6.4E-7,M1,1.2935E-5,1.278E-5,2.4000000000000003E-7,6.4E-7,M1,1.2975E-5,1.302E-5,1.6E-7,5.3E-7,M1,1.239E-5,1.339E-5,1.6E-7,8.6E-7,M1,1.239E-5,1.339E-5,2.7E-7,1.6E-7,M1,2.217E-5,1.365E-6,2.4000000000000003E-7,6.4E-7,M1,2.662E-5,1.41E-6,2.4000000000000003E-7,6.4E-7,M1,2.187E-5,4.86E-6,1.9200000000000003E-6,1.6E-7,M1,2.133E-5,2.35E-6,1.6E-7,1.53E-6,M1,2.133E-5,3.72E-6,1.8E-7,1.6E-7,M2,1.252E-5,1.5995000000000002E-5,6.0E-7,2.0E-7,M2,1.272E-5,1.5995000000000002E-5,2.0E-7,3.155E-6,M2,1.266E-5,1.889E-5,1.12E-6,3.2E-7,M2,1.266E-5,1.809E-5,3.2E-7,1.12E-6,M2,1.232E-5,1.889E-5,7.2E-7,3.2E-7,M2,2.1E-5,2.199E-5,2.0E-7,6.0E-7,M2,2.1E-5,2.239E-5,8.7E-7,2.0E-7,M2,2.167E-5,1.5295000000000002E-5,2.0E-7,7.2950000000000005E-6,M2,2.167E-5,1.4895E-5,2.0E-7,6.0E-7,M2,3.27E-5,2.009E-5,2.0E-7,6.0E-7,M2,3.27E-5,2.009E-5,4.6E-7,2.0E-7,M2,3.296E-5,1.653E-5,2.0E-7,3.76E-6,M2,3.296E-5,1.613E-5,2.0E-7,6.0E-7,M2,4.6E-7,2.009E-5,2.0E-7,6.0E-7,M2,2.0E-7,2.009E-5,4.6E-7,2.0E-7,M2,2.0E-7,1.653E-5,2.0E-7,3.76E-6,M2,2.0E-7,1.613E-5,2.0E-7,6.0E-7,M2,1.091E-5,1.325E-6,3.2E-7,7.2E-7,M2,6.46E-6,1.37E-6,3.2E-7,7.2E-7,M2,5.94E-6,1.761E-5,7.2E-7,3.2E-7,M2,1.0165E-5,1.681E-5,3.2E-7,1.12E-6,M2,9.365000000000001E-6,1.761E-5,1.12E-6,3.2E-7,M2,1.0225E-5,1.209E-5,2.0E-7,5.78E-6,M2,1.0165E-5,1.203E-5,3.2E-7,1.12E-6,M2,1.0165E-5,1.203E-5,1.12E-6,3.2E-7,M2,1.766E-5,1.203E-5,7.2E-7,3.2E-7,M2,1.216E-5,2.199E-5,2.0E-7,6.0E-7,M2,1.149E-5,2.239E-5,8.7E-7,2.0E-7,M2,1.149E-5,1.5295000000000002E-5,2.0E-7,7.2950000000000005E-6,M2,1.149E-5,1.4895E-5,2.0E-7,6.0E-7,M2,2.038E-5,1.895E-5,6.0E-7,2.0E-7,M2,2.038E-5,1.5995000000000002E-5,2.0E-7,3.155E-6,M2,2.0320000000000002E-5,1.5935E-5,3.2E-7,1.12E-6,M2,2.0320000000000002E-5,1.5935E-5,1.12E-6,3.2E-7,M2,2.018E-5,1.5935E-5,7.2E-7,3.2E-7,M2,2.525E-5,9.9E-7,2.0E-7,6.0E-7,M2,2.525E-5,1.39E-6,2.0E-7,1.846E-5,M2,2.525E-5,1.965E-5,7.5E-7,2.0E-7,M2,2.58E-5,1.965E-5,2.0E-7,6.0E-7,M2,2.569E-5,4.0E-8,6.0E-7,2.0E-7,M2,7.4700000000000005E-6,4.0E-8,1.842E-5,2.0E-7,M2,7.07E-6,4.0E-8,6.0E-7,2.0E-7,M2,1.732E-5,1.049E-5,3.2E-7,7.2E-7,M2,2.0145E-5,1.274E-5,3.2E-7,7.2E-7,M2,1.177E-5,3.64E-6,7.2E-7,3.2E-7,M2,1.179E-5,2.84E-6,3.2E-7,1.12E-6,M2,1.099E-5,3.64E-6,1.12E-6,3.2E-7,M2,1.498E-5,1.203E-5,7.2E-7,3.2E-7,M2,2.6700000000000002E-5,1.761E-5,7.2E-7,3.2E-7,M2,7.91E-6,9.9E-7,2.0E-7,6.0E-7,M2,7.91E-6,1.39E-6,2.0E-7,1.846E-5,M2,7.36E-6,1.965E-5,7.5E-7,2.0E-7,M2,7.36E-6,1.965E-5,2.0E-7,6.0E-7,M2,1.5720000000000002E-5,1.049E-5,3.2E-7,7.2E-7,M2,1.2895000000000001E-5,1.274E-5,3.2E-7,7.2E-7,M2,2.213E-5,1.325E-6,3.2E-7,7.2E-7,M2,2.658E-5,1.37E-6,3.2E-7,7.2E-7,M3,1.272E-5,1.895E-5,1.0E-6,2.0E-7,M3,1.272E-5,1.815E-5,2.0E-7,1.0E-6,M3,1.272E-5,1.895E-5,2.6E-7,2.0E-7,M3,1.238E-5,1.895E-5,6.0E-7,2.0E-7,M3,1.097E-5,1.385E-6,2.0E-7,6.0E-7,M3,1.097E-5,1.785E-6,2.0E-7,2.45E-7,M3,6.52E-6,1.83E-6,4.65E-6,2.0E-7,M3,6.52E-6,1.43E-6,2.0E-7,6.0E-7,M3,6.0E-6,1.7670000000000002E-5,6.0E-7,2.0E-7,M3,6.2E-6,1.7670000000000002E-5,4.225E-6,2.0E-7,M3,1.0225E-5,1.687E-5,2.0E-7,1.0E-6,M3,9.425E-6,1.7670000000000002E-5,1.0E-6,2.0E-7,M3,1.0165E-5,1.203E-5,3.2E-7,1.12E-6,M3,1.0165E-5,1.203E-5,1.12E-6,3.2E-7,M3,1.766E-5,1.203E-5,7.2E-7,3.2E-7,M3,2.038E-5,1.5995000000000002E-5,2.0E-7,1.0E-6,M3,2.038E-5,1.5995000000000002E-5,1.0E-6,2.0E-7,M3,2.038E-5,1.5995000000000002E-5,2.6E-7,2.0E-7,M3,2.024E-5,1.5995000000000002E-5,6.0E-7,2.0E-7,M3,1.738E-5,1.055E-5,2.0E-7,6.0E-7,M3,1.738E-5,1.095E-5,3.0250000000000003E-6,2.0E-7,M3,2.0205E-5,1.095E-5,2.0E-7,2.25E-6,M3,2.0205E-5,1.28E-5,2.0E-7,6.0E-7,M3,1.183E-5,3.7E-6,6.0E-7,2.0E-7,M3,1.183E-5,3.7E-6,2.2E-7,2.0E-7,M3,1.185E-5,2.9E-6,2.0E-7,1.0E-6,M3,1.1050000000000001E-5,3.7E-6,1.0E-6,2.0E-7,M3,1.504E-5,1.209E-5,6.0E-7,2.0E-7,M3,1.544E-5,1.209E-5,2.0E-7,5.78E-6,M3,1.5380000000000002E-5,1.761E-5,1.12E-6,3.2E-7,M3,1.5380000000000002E-5,1.681E-5,3.2E-7,1.12E-6,M3,2.6700000000000002E-5,1.761E-5,7.2E-7,3.2E-7,M3,1.578E-5,1.055E-5,2.0E-7,6.0E-7,M3,1.2955E-5,1.095E-5,3.0250000000000003E-6,2.0E-7,M3,1.2955E-5,1.095E-5,2.0E-7,2.25E-6,M3,1.2955E-5,1.28E-5,2.0E-7,6.0E-7,M3,2.219E-5,1.385E-6,2.0E-7,6.0E-7,M3,2.219E-5,1.785E-6,2.0E-7,2.45E-7,M3,2.219E-5,1.83E-6,4.65E-6,2.0E-7,M3,2.664E-5,1.43E-6,2.0E-7,6.0E-7,M4,1.0165E-5,1.203E-5,3.2E-7,1.12E-6,M4,1.0165E-5,1.203E-5,1.12E-6,3.2E-7,M4,1.766E-5,1.203E-5,7.2E-7,3.2E-7,M4,1.5380000000000002E-5,1.761E-5,1.12E-6,3.2E-7,M4,1.5380000000000002E-5,1.681E-5,3.2E-7,1.12E-6,M4,2.6700000000000002E-5,1.761E-5,7.2E-7,3.2E-7,M5,1.0225E-5,1.209E-5,2.0E-7,1.0E-6,M5,1.0225E-5,1.209E-5,1.0E-6,2.0E-7,M5,1.0225E-5,1.209E-5,7.695E-6,2.0E-7,M5,1.772E-5,1.209E-5,6.0E-7,2.0E-7,M5,1.544E-5,1.7670000000000002E-5,1.0E-6,2.0E-7,M5,1.544E-5,1.687E-5,2.0E-7,1.0E-6,M5,1.544E-5,1.7670000000000002E-5,1.172E-5,2.0E-7,M5,2.676E-5,1.7670000000000002E-5,6.0E-7,2.0E-7,
M1,1.244E-5,1.805E-6,1.664E-5,1.6E-7,M1,3.218E-5,1.365E-6,2.4000000000000003E-7,6.4E-7,M1,3.632E-5,2.0E-6,2.4000000000000003E-7,6.4E-7,M1,2.555E-5,2.301E-5,6.4E-7,2.4000000000000003E-7,M1,2.144E-5,2.387E-5,2.4000000000000003E-7,6.4E-7,M1,1.66E-6,2.629E-5,2.05E-7,1.6E-7,M1,1.66E-6,2.629E-5,1.6E-7,7.4E-7,M1,3.71E-6,2.052E-5,2.4000000000000003E-7,6.4E-7,M1,3.83E-6,7.2E-7,2.4000000000000003E-7,6.4E-7,M1,4.088E-5,2.1E-5,4.2E-7,1.6E-7,M1,4.11E-5,2.016E-5,2.4000000000000003E-7,1.04E-6,M1,4.0300000000000004E-5,2.096E-5,1.04E-6,2.4000000000000003E-7,M1,4.11E-5,1.7E-5,2.4000000000000003E-7,6.4E-7,M1,2.2E-7,2.1E-5,4.2E-7,1.6E-7,M1,1.8E-7,2.096E-5,1.04E-6,2.4000000000000003E-7,M1,1.8E-7,2.016E-5,2.4000000000000003E-7,1.04E-6,M1,1.8E-7,1.7E-5,2.4000000000000003E-7,6.4E-7,M1,1.795E-5,1.77E-5,1.6E-7,3.4000000000000003E-7,M1,1.048E-5,1.788E-5,7.63E-6,1.6E-7,M1,2.2295E-5,3.59E-6,6.4E-7,2.4000000000000003E-7,M1,2.264E-5,2.0E-8,6.4E-7,2.4000000000000003E-7,M1,2.288E-5,6.000000000000001E-8,6.82E-6,1.6E-7,M1,1.533E-5,2.301E-5,6.4E-7,2.4000000000000003E-7,M1,1.984E-5,2.387E-5,2.4000000000000003E-7,6.4E-7,M1,4.96E-6,2.0E-6,2.4000000000000003E-7,6.4E-7,M1,9.100000000000001E-6,1.365E-6,2.4000000000000003E-7,6.4E-7,M1,2.48E-6,2.625E-5,6.4E-7,2.4000000000000003E-7,M1,3.105E-6,2.301E-5,6.4E-7,2.4000000000000003E-7,M1,3.345E-6,2.305E-5,2.75E-7,1.6E-7,M1,3.9655E-5,2.629E-5,2.05E-7,1.6E-7,M1,3.97E-5,2.629E-5,1.6E-7,7.4E-7,M1,2.341E-5,1.788E-5,7.63E-6,1.6E-7,M1,2.341E-5,1.77E-5,1.6E-7,3.4000000000000003E-7,M1,3.79E-5,2.305E-5,7.0E-7,1.6E-7,M1,3.844E-5,2.305E-5,1.6E-7,3.4E-6,M1,1.894E-5,3.59E-6,6.4E-7,2.4000000000000003E-7,M1,3.136E-5,4.38E-6,6.4E-7,2.4000000000000003E-7,M1,3.745E-5,7.2E-7,2.4000000000000003E-7,6.4E-7,M1,3.757E-5,2.052E-5,2.4000000000000003E-7,6.4E-7,M1,4.088E-5,2.235E-5,1.6E-7,5.12E-6,M1,1.8585E-5,3.59E-6,6.4E-7,2.4000000000000003E-7,M1,1.8245E-5,2.0E-8,6.4E-7,2.4000000000000003E-7,M1,1.182E-5,6.000000000000001E-8,6.825E-6,1.6E-7,M1,4.800000000000001E-7,2.235E-5,1.6E-7,5.12E-6,M1,5.7900000000000005E-6,3.14E-6,2.994E-5,1.6E-7,M1,3.084E-5,5.5200000000000005E-6,2.4000000000000003E-7,6.4E-7,M1,3.067E-5,5.65E-7,2.4000000000000003E-7,6.4E-7,M1,9.52E-6,4.38E-6,6.4E-7,2.4000000000000003E-7,M1,2.194E-5,3.59E-6,6.4E-7,2.4000000000000003E-7,M1,2.5110000000000002E-5,2.235E-5,1.33E-6,1.6E-7,M1,2.487E-5,2.231E-5,6.4E-7,2.4000000000000003E-7,M1,1.504E-5,2.1910000000000002E-5,2.4000000000000003E-7,6.4E-7,M1,1.061E-5,5.65E-7,2.4000000000000003E-7,6.4E-7,M1,1.044E-5,5.5200000000000005E-6,2.4000000000000003E-7,6.4E-7,M2,3.214E-5,1.325E-6,3.2E-7,7.2E-7,M2,3.628E-5,1.96E-6,3.2E-7,7.2E-7,M2,2.557E-5,2.303E-5,6.0E-7,2.0E-7,M2,2.557E-5,2.303E-5,2.0E-7,1.46E-6,M2,2.146E-5,2.429E-5,4.31E-6,2.0E-7,M2,2.146E-5,2.389E-5,2.0E-7,6.0E-7,M2,3.7300000000000003E-6,2.054E-5,2.0E-7,6.0E-7,M2,3.7300000000000003E-6,7.4E-7,2.0E-7,2.0E-5,M2,3.67E-6,6.800000000000001E-7,3.2E-7,1.12E-6,M2,3.67E-6,6.800000000000001E-7,1.12E-6,3.2E-7,M2,3.79E-6,6.800000000000001E-7,3.2E-7,7.2E-7,M2,4.112E-5,2.018E-5,2.0E-7,1.0E-6,M2,4.032E-5,2.098E-5,1.0E-6,2.0E-7,M2,4.112E-5,1.742E-5,2.0E-7,3.76E-6,M2,4.112E-5,1.702E-5,2.0E-7,6.0E-7,M2,2.0E-7,2.098E-5,1.0E-6,2.0E-7,M2,2.0E-7,2.018E-5,2.0E-7,1.0E-6,M2,2.0E-7,1.742E-5,2.0E-7,3.76E-6,M2,2.0E-7,1.702E-5,2.0E-7,6.0E-7,M2,2.2255E-5,3.55E-6,7.2E-7,3.2E-7,M2,2.2455E-5,-2.0E-8,3.2E-7,1.12E-6,M2,2.2455E-5,-2.0E-8,1.12E-6,3.2E-7,M2,2.2515E-5,4.0E-8,5.45E-7,2.0E-7,M2,2.266E-5,4.0E-8,6.0E-7,2.0E-7,M2,1.535E-5,2.303E-5,6.0E-7,2.0E-7,M2,1.575E-5,2.303E-5,2.0E-7,1.46E-6,M2,1.575E-5,2.429E-5,4.31E-6,2.0E-7,M2,1.986E-5,2.389E-5,2.0E-7,6.0E-7,M2,4.92E-6,1.96E-6,3.2E-7,7.2E-7,M2,9.06E-6,1.325E-6,3.2E-7,7.2E-7,M2,2.44E-6,2.621E-5,7.2E-7,3.2E-7,M2,2.84E-6,2.2970000000000002E-5,3.2E-7,1.12E-6,M2,2.84E-6,2.2970000000000002E-5,1.12E-6,3.2E-7,M2,2.9E-6,2.303E-5,6.25E-7,2.0E-7,M2,3.125E-6,2.303E-5,6.0E-7,2.0E-7,M2,1.896E-5,3.61E-6,6.0E-7,2.0E-7,M2,1.916E-5,3.61E-6,2.0E-7,9.9E-7,M2,1.916E-5,4.4E-6,1.242E-5,2.0E-7,M2,3.138E-5,4.4E-6,6.0E-7,2.0E-7,M2,3.741E-5,6.800000000000001E-7,3.2E-7,7.2E-7,M2,3.753E-5,2.048E-5,3.2E-7,7.2E-7,M2,1.8545E-5,3.55E-6,7.2E-7,3.2E-7,M2,1.7945000000000002E-5,-2.0E-8,1.12E-6,3.2E-7,M2,1.8745E-5,-2.0E-8,3.2E-7,1.12E-6,M2,1.8465E-5,4.0E-8,5.4E-7,2.0E-7,M2,1.8265E-5,4.0E-8,6.0E-7,2.0E-7,M2,3.08E-5,5.48E-6,3.2E-7,7.2E-7,M2,3.063E-5,5.250000000000001E-7,3.2E-7,7.2E-7,M2,9.48E-6,4.34E-6,7.2E-7,3.2E-7,M2,2.19E-5,3.55E-6,7.2E-7,3.2E-7,M2,2.489E-5,2.233E-5,6.0E-7,2.0E-7,M2,1.506E-5,2.233E-5,1.023E-5,2.0E-7,M2,1.506E-5,2.1930000000000002E-5,2.0E-7,6.0E-7,M2,1.057E-5,5.250000000000001E-7,3.2E-7,7.2E-7,M2,1.057E-5,4.68E-6,3.2E-7,1.12E-6,M2,9.77E-6,5.48E-6,1.12E-6,3.2E-7,M2,1.046E-5,5.54E-6,3.7E-7,2.0E-7,M2,1.046E-5,5.54E-6,2.0E-7,6.0E-7,M3,3.2200000000000003E-5,1.385E-6,2.0E-7,6.0E-7,M3,3.2200000000000003E-5,1.785E-6,2.0E-7,8.35E-7,M3,3.2200000000000003E-5,2.42E-6,4.34E-6,2.0E-7,M3,3.634E-5,2.02E-6,2.0E-7,6.0E-7,M3,3.67E-6,6.800000000000001E-7,3.2E-7,1.12E-6,M3,3.67E-6,6.800000000000001E-7,1.12E-6,3.2E-7,M3,3.79E-6,6.800000000000001E-7,3.2E-7,7.2E-7,M3,2.2315E-5,3.61E-6,6.0E-7,2.0E-7,M3,2.2515E-5,4.0E-8,2.0E-7,3.77E-6,M3,2.2515E-5,4.0E-8,2.0E-7,1.0E-6,M3,2.2515E-5,4.0E-8,1.0E-6,2.0E-7,M3,4.98E-6,2.02E-6,2.0E-7,6.0E-7,M3,4.98E-6,2.42E-6,4.34E-6,2.0E-7,M3,9.12E-6,1.785E-6,2.0E-7,8.35E-7,M3,9.12E-6,1.385E-6,2.0E-7,6.0E-7,M3,2.5E-6,2.627E-5,6.0E-7,2.0E-7,M3,2.9E-6,2.303E-5,2.0E-7,3.44E-6,M3,2.9E-6,2.303E-5,2.0E-7,1.0E-6,M3,2.9E-6,2.303E-5,1.0E-6,2.0E-7,M3,3.747E-5,7.4E-7,2.0E-7,6.0E-7,M3,3.747E-5,7.4E-7,3.2E-7,2.0E-7,M3,3.759E-5,7.4E-7,2.0E-7,2.0E-5,M3,3.759E-5,2.054E-5,2.0E-7,6.0E-7,M3,1.8605E-5,3.61E-6,6.0E-7,2.0E-7,M3,1.8805E-5,4.0E-8,2.0E-7,3.77E-6,M3,1.8005E-5,4.0E-8,1.0E-6,2.0E-7,M3,1.8805E-5,4.0E-8,2.0E-7,1.0E-6,M3,3.08E-5,5.48E-6,3.2E-7,7.2E-7,M3,3.063E-5,5.48E-6,1.12E-6,3.2E-7,M3,3.063E-5,4.68E-6,3.2E-7,1.12E-6,M3,3.069E-5,5.85E-7,2.0E-7,5.155E-6,M3,3.069E-5,5.85E-7,2.0E-7,6.0E-7,M3,9.48E-6,4.34E-6,7.2E-7,3.2E-7,M3,2.19E-5,3.55E-6,7.2E-7,3.2E-7,M3,1.063E-5,5.85E-7,2.0E-7,6.0E-7,M3,1.063E-5,5.85E-7,2.0E-7,5.155E-6,M3,1.063E-5,4.74E-6,2.0E-7,1.0E-6,M3,9.83E-6,5.54E-6,1.0E-6,2.0E-7,M4,3.7300000000000003E-6,7.4E-7,2.0E-7,1.0E-6,M4,3.7300000000000003E-6,7.4E-7,1.0E-6,2.0E-7,M4,3.7300000000000003E-6,7.4E-7,3.2E-7,2.0E-7,M4,3.85E-6,7.4E-7,2.0E-7,6.0E-7,M4,3.086E-5,5.54E-6,2.0E-7,6.0E-7,M4,3.069E-5,5.54E-6,3.7E-7,2.0E-7,M4,3.069E-5,5.54E-6,1.0E-6,2.0E-7,M4,3.069E-5,4.74E-6,2.0E-7,1.0E-6,M4,9.54E-6,4.4E-6,6.0E-7,2.0E-7,M4,9.94E-6,4.4E-6,1.242E-5,2.0E-7,M4,2.216E-5,3.61E-6,2.0E-7,9.9E-7,M4,2.196E-5,3.61E-6,6.0E-7,2.0E-7,
M1,1.8E-7,1.6385E-5,2.4000000000000003E-7,6.4E-7,M1,4.4E-7,1.9345000000000002E-5,2.4000000000000003E-7,6.4E-7,M1,4.800000000000001E-7,1.9585E-5,1.6E-7,9.600000000000001E-7,M1,2.216E-5,1.0690000000000001E-5,1.9200000000000003E-6,1.6E-7,M1,2.392E-5,1.0690000000000001E-5,1.6E-7,4.4E-7,M1,9.460000000000001E-6,5.0800000000000005E-6,2.4000000000000003E-7,6.4E-7,M1,1.009E-5,9.25E-7,2.4000000000000003E-7,6.4E-7,M1,3.129E-5,7.2E-7,2.4000000000000003E-7,6.4E-7,M1,3.017E-5,1.9905E-5,2.4000000000000003E-7,6.4E-7,M1,1.344E-5,1.2630000000000001E-5,6.4E-7,2.4000000000000003E-7,M1,1.587E-5,9.810000000000001E-6,2.4000000000000003E-7,6.4E-7,M1,1.2665E-5,1.267E-5,1.815E-6,1.6E-7,M1,1.432E-5,1.267E-5,1.6E-7,7.900000000000001E-7,M1,2.519E-5,2.66E-6,6.4E-7,2.4000000000000003E-7,M1,7.75E-6,2.66E-6,6.4E-7,2.4000000000000003E-7,M1,1.3880000000000001E-5,1.513E-5,2.0E-7,1.6E-7,M1,1.392E-5,1.513E-5,1.6E-7,4.275E-6,M1,2.189E-5,1.805E-6,1.87E-6,1.6E-7,M1,2.36E-5,1.805E-6,1.6E-7,3.55E-7,M1,2.36E-5,2.0E-6,3.06E-6,1.6E-7,M1,2.3880000000000002E-5,5.0800000000000005E-6,2.4000000000000003E-7,6.4E-7,M1,2.325E-5,9.25E-7,2.4000000000000003E-7,6.4E-7,M1,2.44E-5,1.7925000000000002E-5,6.4E-7,2.4000000000000003E-7,M1,1.4695E-5,3.59E-6,6.4E-7,2.4000000000000003E-7,M1,3.316E-5,1.6385E-5,2.4000000000000003E-7,6.4E-7,M1,3.29E-5,1.9345000000000002E-5,2.4000000000000003E-7,6.4E-7,M1,3.294E-5,1.9585E-5,1.6E-7,9.600000000000001E-7,M1,1.178E-5,2.35E-6,1.6E-7,1.44E-6,M1,1.481E-5,1.805E-6,3.96E-6,1.6E-7,M1,1.444E-5,1.45E-5,1.6E-7,6.045E-6,M1,1.3520000000000001E-5,1.45E-5,1.08E-6,1.6E-7,M1,1.444E-5,2.168E-5,4.7E-6,1.6E-7,M1,1.3520000000000001E-5,1.45E-5,6.54E-6,1.6E-7,M1,2.0150000000000002E-5,1.33E-5,8.1E-7,1.6E-7,M1,2.0150000000000002E-5,1.267E-5,1.6E-7,7.900000000000001E-7,M1,9.5E-6,1.0690000000000001E-5,1.9200000000000003E-6,1.6E-7,M1,9.5E-6,1.0690000000000001E-5,1.6E-7,4.4E-7,M1,2.05E-6,7.2E-7,2.4000000000000003E-7,6.4E-7,M1,3.17E-6,1.9905E-5,2.4000000000000003E-7,6.4E-7,M1,2.164E-5,2.35E-6,1.6E-7,1.44E-6,M1,2.0515E-5,1.2630000000000001E-5,6.4E-7,2.4000000000000003E-7,M1,2.0715E-5,1.9205E-5,1.04E-6,2.4000000000000003E-7,M1,2.0715E-5,1.8405E-5,2.4000000000000003E-7,1.04E-6,M1,2.0755E-5,1.9245E-5,7.52E-6,1.6E-7,M1,1.8245E-5,3.59E-6,6.4E-7,2.4000000000000003E-7,M1,8.54E-6,1.7925000000000002E-5,6.4E-7,2.4000000000000003E-7,M1,1.747E-5,9.810000000000001E-6,2.4000000000000003E-7,6.4E-7,M1,1.95E-5,1.2630000000000001E-5,6.4E-7,2.4000000000000003E-7,M1,9.820000000000001E-6,1.805E-6,1.87E-6,1.6E-7,M1,9.820000000000001E-6,1.805E-6,1.6E-7,3.55E-7,M1,6.92E-6,2.0E-6,3.06E-6,1.6E-7,M2,2.0E-7,1.6405E-5,2.0E-7,6.0E-7,M2,2.0E-7,1.6805E-5,4.6E-7,2.0E-7,M2,4.6E-7,1.6805E-5,2.0E-7,2.96E-6,M2,4.6E-7,1.9365000000000002E-5,2.0E-7,6.0E-7,M2,9.42E-6,5.04E-6,3.2E-7,7.2E-7,M2,1.005E-5,8.85E-7,3.2E-7,7.2E-7,M2,3.1310000000000003E-5,7.4E-7,2.0E-7,6.0E-7,M2,3.1310000000000003E-5,7.4E-7,2.0E-7,1.9385E-5,M2,3.125E-5,1.9065E-5,3.2E-7,1.12E-6,M2,3.045E-5,1.9865E-5,1.12E-6,3.2E-7,M2,3.013E-5,1.9865E-5,3.2E-7,7.2E-7,M2,1.34E-5,1.259E-5,7.2E-7,3.2E-7,M2,1.583E-5,9.77E-6,3.2E-7,7.2E-7,M2,2.521E-5,2.68E-6,6.0E-7,2.0E-7,M2,8.17E-6,2.68E-6,1.724E-5,2.0E-7,M2,7.77E-6,2.68E-6,6.0E-7,2.0E-7,M2,2.3840000000000002E-5,5.04E-6,3.2E-7,7.2E-7,M2,2.321E-5,8.85E-7,3.2E-7,7.2E-7,M2,2.436E-5,1.7885E-5,7.2E-7,3.2E-7,M2,1.4655000000000001E-5,3.55E-6,7.2E-7,3.2E-7,M2,3.318E-5,1.6405E-5,2.0E-7,6.0E-7,M2,3.292E-5,1.6805E-5,4.6E-7,2.0E-7,M2,3.292E-5,1.6805E-5,2.0E-7,2.96E-6,M2,3.292E-5,1.9365000000000002E-5,2.0E-7,6.0E-7,M2,2.07E-6,7.4E-7,2.0E-7,6.0E-7,M2,2.07E-6,7.4E-7,2.0E-7,1.9385E-5,M2,2.0100000000000002E-6,1.9865E-5,1.12E-6,3.2E-7,M2,2.0100000000000002E-6,1.9065E-5,3.2E-7,1.12E-6,M2,3.13E-6,1.9865E-5,3.2E-7,7.2E-7,M2,2.0535E-5,1.2650000000000001E-5,6.0E-7,2.0E-7,M2,2.0735E-5,1.2650000000000001E-5,2.0E-7,6.775E-6,M2,2.0735E-5,1.9225E-5,1.0E-6,2.0E-7,M2,2.0735E-5,1.8425E-5,2.0E-7,1.0E-6,M2,1.8265E-5,3.61E-6,6.0E-7,2.0E-7,M2,1.8465E-5,3.61E-6,2.0E-7,1.4535E-5,M2,8.96E-6,1.7945000000000002E-5,9.705E-6,2.0E-7,M2,8.56E-6,1.7945000000000002E-5,6.0E-7,2.0E-7,M2,1.743E-5,9.77E-6,3.2E-7,7.2E-7,M2,1.946E-5,1.259E-5,7.2E-7,3.2E-7,M3,9.42E-6,5.04E-6,3.2E-7,7.2E-7,M3,1.005E-5,8.85E-7,3.2E-7,7.2E-7,M3,3.1310000000000003E-5,1.9125E-5,2.0E-7,1.0E-6,M3,3.051E-5,1.9925E-5,1.0E-6,2.0E-7,M3,3.019E-5,1.9925E-5,1.32E-6,2.0E-7,M3,3.019E-5,1.9925E-5,2.0E-7,6.0E-7,M3,1.346E-5,1.2650000000000001E-5,6.0E-7,2.0E-7,M3,1.3860000000000001E-5,1.2650000000000001E-5,2.2300000000000002E-6,2.0E-7,M3,1.5890000000000002E-5,1.023E-5,2.0E-7,2.62E-6,M3,1.5890000000000002E-5,9.83E-6,2.0E-7,6.0E-7,M3,2.3840000000000002E-5,5.04E-6,3.2E-7,7.2E-7,M3,2.321E-5,8.85E-7,3.2E-7,7.2E-7,M3,2.442E-5,1.7945000000000002E-5,6.0E-7,2.0E-7,M3,2.442E-5,3.61E-6,2.0E-7,1.4535E-5,M3,1.4915E-5,3.61E-6,9.705E-6,2.0E-7,M3,1.4715E-5,3.61E-6,6.0E-7,2.0E-7,M3,2.07E-6,1.9925E-5,1.0E-6,2.0E-7,M3,2.07E-6,1.9125E-5,2.0E-7,1.0E-6,M3,2.07E-6,1.9925E-5,1.32E-6,2.0E-7,M3,3.19E-6,1.9925E-5,2.0E-7,6.0E-7,M3,1.749E-5,9.83E-6,2.0E-7,6.0E-7,M3,1.749E-5,1.023E-5,2.0E-7,2.62E-6,M3,1.749E-5,1.2650000000000001E-5,2.2300000000000002E-6,2.0E-7,M3,1.952E-5,1.2650000000000001E-5,6.0E-7,2.0E-7,M4,9.48E-6,5.1E-6,2.0E-7,6.0E-7,M4,9.48E-6,5.1E-6,8.3E-7,2.0E-7,M4,1.011E-5,1.345E-6,2.0E-7,3.955E-6,M4,1.011E-5,9.450000000000001E-7,2.0E-7,6.0E-7,M4,2.39E-5,5.1E-6,2.0E-7,6.0E-7,M4,2.327E-5,5.1E-6,8.3E-7,2.0E-7,M4,2.327E-5,1.345E-6,2.0E-7,3.955E-6,M4,2.327E-5,9.450000000000001E-7,2.0E-7,6.0E-7,
M1,3.51E-5,1.8195E-5,2.4000000000000003E-7,6.4E-7,M1,3.51E-5,7.2E-7,2.4000000000000003E-7,6.4E-7,M1,2.284E-5,5.405E-6,1.9200000000000003E-6,1.6E-7,M1,1.52E-6,7.2E-7,2.4000000000000003E-7,6.4E-7,M1,1.52E-6,1.8195E-5,2.4000000000000003E-7,6.4E-7,M1,1.8E-7,1.4675000000000001E-5,2.4000000000000003E-7,6.4E-7,M1,4.4E-7,1.8635E-5,2.4000000000000003E-7,6.4E-7,M1,2.1195E-5,1.1665000000000001E-5,6.4E-7,2.4000000000000003E-7,M1,1.974E-5,1.1665000000000001E-5,2.4000000000000003E-7,1.04E-6,M1,1.974E-5,1.1665000000000001E-5,1.04E-6,2.4000000000000003E-7,M1,1.978E-5,1.1705E-5,1.6E-7,7.2E-7,M1,2.232E-5,2.35E-6,5.19E-6,1.6E-7,M1,2.232E-5,2.35E-6,1.6E-7,2.075E-6,M1,2.995E-5,1.365E-6,2.4000000000000003E-7,6.4E-7,M1,3.402E-5,1.8450000000000001E-6,2.4000000000000003E-7,6.4E-7,M1,3.618E-5,1.8635E-5,2.4000000000000003E-7,6.4E-7,M1,3.6440000000000003E-5,1.4675000000000001E-5,2.4000000000000003E-7,6.4E-7,M1,2.204E-5,1.403E-5,1.6E-7,3.665E-6,M1,2.204E-5,1.7535E-5,1.0E-6,1.6E-7,M1,1.915E-5,1.1705E-5,1.23E-6,1.6E-7,M1,1.911E-5,1.1665000000000001E-5,1.04E-6,2.4000000000000003E-7,M1,1.911E-5,1.0865E-5,2.4000000000000003E-7,1.04E-6,M1,1.911E-5,8.845000000000001E-6,2.4000000000000003E-7,6.4E-7,M1,9.97E-6,1.805E-6,1.692E-5,1.6E-7,M1,2.508E-5,4.225E-6,6.4E-7,2.4000000000000003E-7,M1,1.6495E-5,1.0385E-5,6.4E-7,2.4000000000000003E-7,M1,2.52E-5,1.9585E-5,2.4000000000000003E-7,6.4E-7,M1,2.262E-5,1.303E-5,2.4000000000000003E-7,6.4E-7,M1,2.6E-6,1.8450000000000001E-6,2.4000000000000003E-7,6.4E-7,M1,6.6700000000000005E-6,1.365E-6,2.4000000000000003E-7,6.4E-7,M1,1.612E-5,1.347E-5,4.62E-6,1.6E-7,M1,1.142E-5,1.9585E-5,2.4000000000000003E-7,6.4E-7,M1,1.4E-5,1.303E-5,2.4000000000000003E-7,6.4E-7,M1,1.518E-5,1.2225E-5,2.4000000000000003E-7,6.4E-7,M1,1.462E-5,1.2225E-5,1.04E-6,2.4000000000000003E-7,M1,1.462E-5,1.1425E-5,2.4000000000000003E-7,1.04E-6,M1,1.466E-5,1.1705E-5,1.6E-7,7.2E-7,M1,1.2100000000000001E-5,5.405E-6,1.9200000000000003E-6,1.6E-7,M1,2.4560000000000002E-5,5.365E-6,2.4000000000000003E-7,6.4E-7,M1,2.8460000000000002E-5,5.65E-7,2.4000000000000003E-7,6.4E-7,M1,1.114E-5,4.225E-6,6.4E-7,2.4000000000000003E-7,M1,1.9725000000000002E-5,1.0385E-5,6.4E-7,2.4000000000000003E-7,M1,1.751E-5,8.845000000000001E-6,2.4000000000000003E-7,6.4E-7,M1,1.604E-5,1.1665000000000001E-5,6.4E-7,2.4000000000000003E-7,M1,1.206E-5,5.365E-6,2.4000000000000003E-7,6.4E-7,M1,8.16E-6,5.65E-7,2.4000000000000003E-7,6.4E-7,M1,2.9400000000000002E-6,2.0E-8,6.4E-7,2.4000000000000003E-7,M1,3.328E-5,2.0E-8,6.4E-7,2.4000000000000003E-7,M1,1.338E-5,1.7495E-5,6.4E-7,2.4000000000000003E-7,M1,1.378E-5,1.399E-5,2.4000000000000003E-7,1.04E-6,M1,1.378E-5,1.399E-5,1.04E-6,2.4000000000000003E-7,M1,1.382E-5,1.403E-5,1.0E-6,1.6E-7,M1,9.35E-6,2.35E-6,5.19E-6,1.6E-7,M1,1.438E-5,2.35E-6,1.6E-7,2.075E-6,M2,3.512E-5,1.8215E-5,2.0E-7,6.0E-7,M2,3.512E-5,1.4105E-5,2.0E-7,4.31E-6,M2,3.506E-5,1.3845E-5,3.2E-7,7.2E-7,M2,3.506E-5,6.800000000000001E-7,3.2E-7,7.2E-7,M2,1.48E-6,6.800000000000001E-7,3.2E-7,7.2E-7,M2,1.48E-6,1.3845E-5,3.2E-7,7.2E-7,M2,1.54E-6,1.4105E-5,2.0E-7,4.31E-6,M2,1.54E-6,1.8215E-5,2.0E-7,6.0E-7,M2,1.4E-7,1.4635E-5,3.2E-7,7.2E-7,M2,4.0E-7,1.8595E-5,3.2E-7,7.2E-7,M2,2.1215E-5,1.1685E-5,6.0E-7,2.0E-7,M2,1.976E-5,1.1685E-5,1.855E-6,2.0E-7,M2,1.976E-5,1.1685E-5,2.0E-7,1.0E-6,M2,1.976E-5,1.1685E-5,1.0E-6,2.0E-7,M2,2.991E-5,1.325E-6,3.2E-7,7.2E-7,M2,3.398E-5,1.805E-6,3.2E-7,7.2E-7,M2,3.614E-5,1.8595E-5,3.2E-7,7.2E-7,M2,3.6400000000000004E-5,1.4635E-5,3.2E-7,7.2E-7,M2,1.913E-5,1.1685E-5,1.0E-6,2.0E-7,M2,1.913E-5,1.0885E-5,2.0E-7,1.0E-6,M2,1.913E-5,9.265E-6,2.0E-7,2.62E-6,M2,1.913E-5,8.865E-6,2.0E-7,6.0E-7,M2,2.504E-5,4.185E-6,7.2E-7,3.2E-7,M2,1.6455E-5,1.0345E-5,7.2E-7,3.2E-7,M2,2.516E-5,1.9545E-5,3.2E-7,7.2E-7,M2,2.258E-5,1.2990000000000001E-5,3.2E-7,7.2E-7,M2,2.56E-6,1.805E-6,3.2E-7,7.2E-7,M2,6.63E-6,1.325E-6,3.2E-7,7.2E-7,M2,1.138E-5,1.9545E-5,3.2E-7,7.2E-7,M2,1.396E-5,1.2990000000000001E-5,3.2E-7,7.2E-7,M2,1.52E-5,1.2245E-5,2.0E-7,6.0E-7,M2,1.464E-5,1.2245E-5,7.6E-7,2.0E-7,M2,1.464E-5,1.2245E-5,1.0E-6,2.0E-7,M2,1.464E-5,1.1445E-5,2.0E-7,1.0E-6,M2,2.452E-5,5.325E-6,3.2E-7,7.2E-7,M2,2.842E-5,4.525E-6,3.2E-7,1.12E-6,M2,2.762E-5,5.325E-6,1.12E-6,3.2E-7,M2,2.8480000000000002E-5,5.85E-7,2.0E-7,5.0E-6,M2,2.8480000000000002E-5,5.85E-7,2.0E-7,6.0E-7,M2,1.116E-5,4.245E-6,6.0E-7,2.0E-7,M2,1.156E-5,4.245E-6,8.585E-6,2.0E-7,M2,1.9945E-5,4.245E-6,2.0E-7,6.36E-6,M2,1.9745E-5,1.0405E-5,6.0E-7,2.0E-7,M2,1.753E-5,8.865E-6,2.0E-7,6.0E-7,M2,1.753E-5,9.265E-6,2.0E-7,2.62E-6,M2,1.646E-5,1.1685E-5,1.2700000000000001E-6,2.0E-7,M2,1.606E-5,1.1685E-5,6.0E-7,2.0E-7,M2,1.202E-5,5.325E-6,3.2E-7,7.2E-7,M2,8.12E-6,5.325E-6,1.12E-6,3.2E-7,M2,8.12E-6,4.525E-6,3.2E-7,1.12E-6,M2,8.18E-6,5.85E-7,2.0E-7,5.0E-6,M2,8.18E-6,5.85E-7,2.0E-7,6.0E-7,M2,2.96E-6,4.0E-8,6.0E-7,2.0E-7,M2,3.36E-6,4.0E-8,3.014E-5,2.0E-7,M2,3.33E-5,4.0E-8,6.0E-7,2.0E-7,M2,1.3340000000000001E-5,1.7455E-5,7.2E-7,3.2E-7,M2,1.374E-5,1.395E-5,3.2E-7,1.12E-6,M2,1.374E-5,1.395E-5,1.12E-6,3.2E-7,M3,3.506E-5,1.3845E-5,3.2E-7,7.2E-7,M3,3.506E-5,6.800000000000001E-7,3.2E-7,7.2E-7,M3,1.48E-6,6.800000000000001E-7,3.2E-7,7.2E-7,M3,1.48E-6,1.3845E-5,3.2E-7,7.2E-7,M3,2.0E-7,1.4695E-5,2.0E-7,6.0E-7,M3,2.0E-7,1.5095E-5,2.0E-7,3.76E-6,M3,2.0E-7,1.8655E-5,4.6E-7,2.0E-7,M3,4.6E-7,1.8655E-5,2.0E-7,6.0E-7,M3,2.997E-5,1.385E-6,2.0E-7,6.0E-7,M3,2.997E-5,1.785E-6,4.27E-6,2.0E-7,M3,3.404E-5,1.785E-6,2.0E-7,6.800000000000001E-7,M3,3.404E-5,1.8650000000000001E-6,2.0E-7,6.0E-7,M3,3.62E-5,1.8655E-5,2.0E-7,6.0E-7,M3,3.62E-5,1.8655E-5,4.6E-7,2.0E-7,M3,3.646E-5,1.5095E-5,2.0E-7,3.76E-6,M3,3.646E-5,1.4695E-5,2.0E-7,6.0E-7,M3,2.51E-5,4.245E-6,6.0E-7,2.0E-7,M3,1.6715000000000002E-5,4.245E-6,8.585E-6,2.0E-7,M3,1.6715000000000002E-5,4.245E-6,2.0E-7,6.36E-6,M3,1.6515E-5,1.0405E-5,6.0E-7,2.0E-7,M3,2.522E-5,1.9605E-5,2.0E-7,6.0E-7,M3,2.522E-5,1.345E-5,2.0E-7,6.7550000000000005E-6,M3,2.264E-5,1.345E-5,2.78E-6,2.0E-7,M3,2.264E-5,1.305E-5,2.0E-7,6.0E-7,M3,2.62E-6,1.8650000000000001E-6,2.0E-7,6.0E-7,M3,2.62E-6,1.785E-6,2.0E-7,6.800000000000001E-7,M3,2.62E-6,1.785E-6,4.27E-6,2.0E-7,M3,6.69E-6,1.385E-6,2.0E-7,6.0E-7,M3,1.144E-5,1.9605E-5,2.0E-7,6.0E-7,M3,1.144E-5,1.345E-5,2.0E-7,6.7550000000000005E-6,M3,1.144E-5,1.345E-5,2.78E-6,2.0E-7,M3,1.402E-5,1.305E-5,2.0E-7,6.0E-7,M3,2.4580000000000002E-5,5.385E-6,2.0E-7,6.0E-7,M3,2.4580000000000002E-5,5.385E-6,4.1E-6,2.0E-7,M3,2.8480000000000002E-5,4.585E-6,2.0E-7,1.0E-6,M3,2.768E-5,5.385E-6,1.0E-6,2.0E-7,M3,1.208E-5,5.385E-6,2.0E-7,6.0E-7,M3,8.18E-6,5.385E-6,4.1E-6,2.0E-7,M3,8.18E-6,5.385E-6,1.0E-6,2.0E-7,M3,8.18E-6,4.585E-6,2.0E-7,1.0E-6,M3,1.34E-5,1.7515E-5,6.0E-7,2.0E-7,M3,1.38E-5,1.401E-5,2.0E-7,3.705E-6,M3,1.38E-5,1.401E-5,2.0E-7,1.0E-6,M3,1.38E-5,1.401E-5,1.0E-6,2.0E-7,M4,3.512E-5,1.3905E-5,2.0E-7,6.0E-7,M4,3.512E-5,7.4E-7,2.0E-7,1.3565E-5,M4,3.512E-5,7.4E-7,2.0E-7,6.0E-7,M4,1.54E-6,7.4E-7,2.0E-7,6.0E-7,M4,1.54E-6,7.4E-7,2.0E-7,1.3565E-5,M4,1.54E-6,1.3905E-5,2.0E-7,6.0E-7,
M1,2.075E-5,2.35E-6,1.6E-7,1.44E-6,M1,2.0695E-5,2.35E-6,2.15E-7,1.6E-7,M1,1.2505E-5,2.35E-6,1.6E-7,1.44E-6,M1,1.2450000000000001E-5,3.63E-6,2.15E-7,1.6E-7,M1,1.4390000000000001E-5,1.045E-6,4.58E-6,1.6E-7,M1,2.221E-5,1.805E-6,1.6E-7,1.65E-7,M1,2.221E-5,1.81E-6,4.61E-6,1.6E-7,M1,1.941E-5,1.467E-5,5.0E-7,1.6E-7,M1,1.975E-5,1.397E-5,1.6E-7,8.6E-7,M1,1.305E-5,1.5455E-5,2.4000000000000003E-7,6.4E-7,M1,2.007E-5,1.5455E-5,2.4000000000000003E-7,6.4E-7,M1,1.8E-7,1.603E-5,2.4000000000000003E-7,6.4E-7,M1,4.4E-7,1.999E-5,2.4000000000000003E-7,6.4E-7,M1,3.268E-5,1.999E-5,2.4000000000000003E-7,6.4E-7,M1,3.294E-5,1.603E-5,2.4000000000000003E-7,6.4E-7,M1,1.25E-5,1.393E-5,6.4E-7,2.4000000000000003E-7,M1,1.27E-5,4.2900000000000004E-6,2.4000000000000003E-7,1.04E-6,M1,1.27E-5,4.2900000000000004E-6,1.04E-6,2.4000000000000003E-7,M1,1.274E-5,4.33E-6,3.6E-7,1.6E-7,M1,1.147E-5,1.5455E-5,2.4000000000000003E-7,6.4E-7,M1,1.022E-5,2.189E-5,2.4000000000000003E-7,6.4E-7,M1,2.04E-5,1.6595E-5,2.2E-7,1.6E-7,M1,2.04E-5,1.6595E-5,1.6E-7,2.4550000000000002E-6,M1,2.187E-5,4.78E-6,1.9200000000000003E-6,1.6E-7,M1,2.187E-5,4.77E-6,1.6E-7,1.7000000000000001E-7,M1,1.236E-5,1.885E-5,6.4E-7,2.4000000000000003E-7,M1,1.25E-5,1.6555E-5,6.4E-7,2.4000000000000003E-7,M1,1.099E-5,1.805E-6,1.6E-7,1.65E-7,M1,6.54E-6,1.81E-6,4.61E-6,1.6E-7,M1,2.523E-5,9.3E-7,2.4000000000000003E-7,6.4E-7,M1,2.578E-5,1.955E-5,2.4000000000000003E-7,6.4E-7,M1,2.567E-5,2.0E-8,6.4E-7,2.4000000000000003E-7,M1,7.05E-6,2.0E-8,6.4E-7,2.4000000000000003E-7,M1,2.022E-5,4.2900000000000004E-6,2.4000000000000003E-7,6.4E-7,M1,2.022E-5,1.393E-5,1.04E-6,2.4000000000000003E-7,M1,2.022E-5,1.313E-5,2.4000000000000003E-7,1.04E-6,M1,2.026E-5,1.397E-5,3.6E-7,1.6E-7,M1,1.8345E-5,1.269E-5,1.6E-7,5.0800000000000005E-6,M1,4.805E-6,1.761E-5,1.3700000000000001E-5,1.6E-7,M1,2.8155E-5,1.757E-5,6.4E-7,2.4000000000000003E-7,M1,1.4615E-5,1.2650000000000001E-5,6.4E-7,2.4000000000000003E-7,M1,1.345E-5,1.467E-5,5.0E-7,1.6E-7,M1,1.345E-5,1.397E-5,1.6E-7,8.6E-7,M1,2.165E-5,1.5455E-5,2.4000000000000003E-7,6.4E-7,M1,2.29E-5,2.189E-5,2.4000000000000003E-7,6.4E-7,M1,9.53E-6,4.74E-6,2.4000000000000003E-7,6.4E-7,M1,9.49E-6,9.25E-7,2.4000000000000003E-7,6.4E-7,M1,7.89E-6,9.3E-7,2.4000000000000003E-7,6.4E-7,M1,7.34E-6,1.955E-5,2.4000000000000003E-7,6.4E-7,M1,2.359E-5,4.74E-6,2.4000000000000003E-7,6.4E-7,M1,2.363E-5,9.25E-7,2.4000000000000003E-7,6.4E-7,M1,9.57E-6,4.78E-6,1.9200000000000003E-6,1.6E-7,M1,1.133E-5,4.77E-6,1.6E-7,1.7000000000000001E-7,M2,1.307E-5,1.5475E-5,2.0E-7,6.0E-7,M2,1.307E-5,1.5875E-5,7.22E-6,2.0E-7,M2,2.009E-5,1.5475E-5,2.0E-7,6.0E-7,M2,1.4E-7,1.599E-5,3.2E-7,7.2E-7,M2,4.0E-7,1.995E-5,3.2E-7,7.2E-7,M2,3.264E-5,1.995E-5,3.2E-7,7.2E-7,M2,3.29E-5,1.599E-5,3.2E-7,7.2E-7,M2,1.252E-5,1.395E-5,6.0E-7,2.0E-7,M2,1.272E-5,4.31E-6,2.0E-7,9.84E-6,M2,1.272E-5,4.31E-6,2.0E-7,1.0E-6,M2,1.272E-5,4.31E-6,1.0E-6,2.0E-7,M2,1.149E-5,1.5475E-5,2.0E-7,6.0E-7,M2,1.024E-5,1.5875E-5,1.45E-6,2.0E-7,M2,1.024E-5,1.5875E-5,2.0E-7,6.635E-6,M2,1.024E-5,2.1910000000000002E-5,2.0E-7,6.0E-7,M2,1.232E-5,1.881E-5,7.2E-7,3.2E-7,M2,1.2460000000000001E-5,1.6515E-5,7.2E-7,3.2E-7,M2,2.525E-5,9.5E-7,2.0E-7,6.0E-7,M2,2.525E-5,1.35E-6,2.0E-7,1.842E-5,M2,2.525E-5,1.957E-5,7.5E-7,2.0E-7,M2,2.58E-5,1.957E-5,2.0E-7,6.0E-7,M2,2.569E-5,4.0E-8,6.0E-7,2.0E-7,M2,7.4700000000000005E-6,4.0E-8,1.842E-5,2.0E-7,M2,7.07E-6,4.0E-8,6.0E-7,2.0E-7,M2,2.024E-5,4.31E-6,2.0E-7,6.0E-7,M2,2.024E-5,4.31E-6,2.0E-7,9.84E-6,M2,2.024E-5,1.395E-5,1.0E-6,2.0E-7,M2,2.024E-5,1.315E-5,2.0E-7,1.0E-6,M2,2.8115E-5,1.753E-5,7.2E-7,3.2E-7,M2,1.4575E-5,1.261E-5,7.2E-7,3.2E-7,M2,2.167E-5,1.5475E-5,2.0E-7,6.0E-7,M2,2.167E-5,1.5875E-5,1.45E-6,2.0E-7,M2,2.292E-5,1.5875E-5,2.0E-7,6.635E-6,M2,2.292E-5,2.1910000000000002E-5,2.0E-7,6.0E-7,M2,9.49E-6,4.7E-6,3.2E-7,7.2E-7,M2,9.450000000000001E-6,8.85E-7,3.2E-7,7.2E-7,M2,7.91E-6,9.5E-7,2.0E-7,6.0E-7,M2,7.91E-6,1.35E-6,2.0E-7,1.842E-5,M2,7.36E-6,1.957E-5,7.5E-7,2.0E-7,M2,7.36E-6,1.957E-5,2.0E-7,6.0E-7,M2,2.355E-5,4.7E-6,3.2E-7,7.2E-7,M2,2.359E-5,8.85E-7,3.2E-7,7.2E-7,M3,2.0E-7,1.605E-5,2.0E-7,6.0E-7,M3,2.0E-7,1.645E-5,2.0E-7,3.76E-6,M3,2.0E-7,2.001E-5,3.8E-7,2.0E-7,M3,3.8E-7,2.001E-5,2.8E-7,2.0E-7,M3,4.6E-7,2.001E-5,2.0E-7,6.0E-7,M3,3.27E-5,2.001E-5,2.0E-7,6.0E-7,M3,3.27E-5,2.001E-5,4.6E-7,2.0E-7,M3,3.296E-5,1.645E-5,2.0E-7,3.76E-6,M3,3.296E-5,1.605E-5,2.0E-7,6.0E-7,M3,1.232E-5,1.881E-5,7.2E-7,3.2E-7,M3,1.2460000000000001E-5,1.6515E-5,7.2E-7,3.2E-7,M3,2.8115E-5,1.753E-5,7.2E-7,3.2E-7,M3,1.4575E-5,1.261E-5,7.2E-7,3.2E-7,M3,9.55E-6,4.76E-6,2.0E-7,6.0E-7,M3,9.55E-6,1.345E-6,2.0E-7,3.615E-6,M3,9.51E-6,1.345E-6,2.4000000000000003E-7,2.0E-7,M3,9.51E-6,9.450000000000001E-7,2.0E-7,6.0E-7,M3,2.361E-5,4.76E-6,2.0E-7,6.0E-7,M3,2.361E-5,1.345E-6,2.0E-7,3.615E-6,M3,2.361E-5,1.345E-6,2.4000000000000003E-7,2.0E-7,M3,2.365E-5,9.450000000000001E-7,2.0E-7,6.0E-7,M4,1.238E-5,1.887E-5,6.0E-7,2.0E-7,M4,1.278E-5,1.6575E-5,2.0E-7,2.4950000000000003E-6,M4,1.272E-5,1.6575E-5,2.6E-7,2.0E-7,M4,1.252E-5,1.6575E-5,6.0E-7,2.0E-7,M4,2.8175E-5,1.759E-5,6.0E-7,2.0E-7,M4,1.4835000000000001E-5,1.759E-5,1.374E-5,2.0E-7,M4,1.4835000000000001E-5,1.267E-5,2.0E-7,5.12E-6,M4,1.4635E-5,1.267E-5,6.0E-7,2.0E-7,
M1,1.187E-5,2.35E-6,1.6E-7,1.44E-6,M1,1.185E-5,3.63E-6,1.8E-7,1.6E-7,M1,1.4390000000000001E-5,1.805E-6,4.58E-6,1.6E-7,M1,2.081E-5,1.33E-5,1.6E-7,8.6E-7,M1,2.0700000000000002E-5,1.33E-5,2.7E-7,1.6E-7,M1,1.502E-5,1.198E-5,6.4E-7,2.4000000000000003E-7,M1,2.411E-5,3.68E-6,6.4E-7,2.4000000000000003E-7,M1,1.309E-5,1.5225E-5,7.18E-6,1.6E-7,M1,1.214E-5,2.197E-5,2.4000000000000003E-7,6.4E-7,M1,1.147E-5,1.4785E-5,2.4000000000000003E-7,6.4E-7,M1,3.268E-5,2.007E-5,2.4000000000000003E-7,6.4E-7,M1,3.294E-5,1.611E-5,2.4000000000000003E-7,6.4E-7,M1,1.297E-5,1.326E-5,6.4E-7,2.4000000000000003E-7,M1,1.29E-5,4.2900000000000004E-6,2.4000000000000003E-7,6.4E-7,M1,4.4E-7,2.007E-5,2.4000000000000003E-7,6.4E-7,M1,1.8E-7,1.611E-5,2.4000000000000003E-7,6.4E-7,M1,1.099E-5,1.805E-6,1.6E-7,2.05E-7,M1,1.095E-5,1.01E-6,2.4000000000000003E-7,1.04E-6,M1,1.015E-5,1.81E-6,1.04E-6,2.4000000000000003E-7,M1,6.5000000000000004E-6,1.41E-6,2.4000000000000003E-7,6.4E-7,M1,2.046E-5,1.5925E-5,1.6E-7,3.2050000000000002E-6,M1,2.04E-5,1.897E-5,2.2E-7,1.6E-7,M1,2.098E-5,2.197E-5,2.4000000000000003E-7,6.4E-7,M1,2.165E-5,1.4785E-5,2.4000000000000003E-7,6.4E-7,M1,9.57E-6,1.365E-6,1.6E-7,3.655E-6,M1,9.53E-6,1.365E-6,2.0E-7,1.6E-7,M1,2.187E-5,4.86E-6,1.9200000000000003E-6,1.6E-7,M1,2.187E-5,4.77E-6,1.6E-7,2.5E-7,M1,1.25E-5,1.33E-5,1.6E-7,8.6E-7,M1,1.239E-5,1.4E-5,2.7E-7,1.6E-7,M1,2.363E-5,1.365E-6,1.6E-7,3.655E-6,M1,2.363E-5,1.365E-6,2.0E-7,1.6E-7,M1,3.109E-5,6.1E-7,2.4000000000000003E-7,6.4E-7,M1,2.962E-5,1.963E-5,2.4000000000000003E-7,6.4E-7,M1,2.567E-5,2.4E-6,6.4E-7,2.4000000000000003E-7,M1,7.05E-6,2.4E-6,6.4E-7,2.4000000000000003E-7,M1,2.022E-5,4.2900000000000004E-6,2.4000000000000003E-7,6.4E-7,M1,1.975E-5,1.326E-5,6.4E-7,2.4000000000000003E-7,M1,1.274E-5,1.5925E-5,1.6E-7,3.2050000000000002E-6,M1,1.274E-5,1.897E-5,2.2E-7,1.6E-7,M1,2.03E-6,6.1E-7,2.4000000000000003E-7,6.4E-7,M1,3.5E-6,1.963E-5,2.4000000000000003E-7,6.4E-7,M1,1.77E-5,1.198E-5,6.4E-7,2.4000000000000003E-7,M1,8.61E-6,3.68E-6,6.4E-7,2.4000000000000003E-7,M1,2.221E-5,1.805E-6,1.6E-7,2.05E-7,M1,2.217E-5,1.81E-6,1.04E-6,2.4000000000000003E-7,M1,2.217E-5,1.01E-6,2.4000000000000003E-7,1.04E-6,M1,2.662E-5,1.41E-6,2.4000000000000003E-7,6.4E-7,M1,2.133E-5,2.35E-6,1.6E-7,1.44E-6,M1,2.133E-5,3.63E-6,1.8E-7,1.6E-7,M1,9.57E-6,4.86E-6,1.9200000000000003E-6,1.6E-7,M1,1.133E-5,4.77E-6,1.6E-7,2.5E-7,M2,1.498E-5,1.1940000000000001E-5,7.2E-7,3.2E-7,M2,2.407E-5,3.64E-6,7.2E-7,3.2E-7,M2,1.216E-5,2.199E-5,2.0E-7,6.0E-7,M2,1.149E-5,2.239E-5,8.7E-7,2.0E-7,M2,1.149E-5,1.5205000000000001E-5,2.0E-7,7.3850000000000004E-6,M2,1.149E-5,1.4805E-5,2.0E-7,6.0E-7,M2,3.27E-5,2.009E-5,2.0E-7,6.0E-7,M2,3.27E-5,1.653E-5,2.0E-7,3.76E-6,M2,3.27E-5,1.653E-5,4.6E-7,2.0E-7,M2,3.296E-5,1.613E-5,2.0E-7,6.0E-7,M2,1.293E-5,1.322E-5,7.2E-7,3.2E-7,M2,1.286E-5,4.25E-6,3.2E-7,7.2E-7,M2,4.6E-7,2.009E-5,2.0E-7,6.0E-7,M2,4.6E-7,1.653E-5,2.0E-7,3.76E-6,M2,2.0E-7,1.653E-5,4.6E-7,2.0E-7,M2,2.0E-7,1.613E-5,2.0E-7,6.0E-7,M2,1.097E-5,1.03E-6,2.0E-7,1.0E-6,M2,1.0170000000000001E-5,1.83E-6,1.0E-6,2.0E-7,M2,6.52E-6,1.83E-6,4.65E-6,2.0E-7,M2,6.52E-6,1.43E-6,2.0E-7,6.0E-7,M2,2.1E-5,2.199E-5,2.0E-7,6.0E-7,M2,2.1E-5,2.239E-5,8.7E-7,2.0E-7,M2,2.167E-5,1.5205000000000001E-5,2.0E-7,7.3850000000000004E-6,M2,2.167E-5,1.4805E-5,2.0E-7,6.0E-7,M2,3.111E-5,6.3E-7,2.0E-7,6.0E-7,M2,2.964E-5,6.3E-7,1.67E-6,2.0E-7,M2,2.964E-5,6.3E-7,2.0E-7,1.922E-5,M2,2.964E-5,1.965E-5,2.0E-7,6.0E-7,M2,2.569E-5,2.42E-6,6.0E-7,2.0E-7,M2,7.4700000000000005E-6,2.42E-6,1.842E-5,2.0E-7,M2,7.07E-6,2.42E-6,6.0E-7,2.0E-7,M2,2.024E-5,4.31E-6,2.0E-7,6.0E-7,M2,2.024E-5,4.31E-6,2.0E-7,9.17E-6,M2,2.018E-5,1.242E-5,3.2E-7,1.12E-6,M2,1.938E-5,1.322E-5,1.12E-6,3.2E-7,M2,1.971E-5,1.322E-5,7.2E-7,3.2E-7,M2,2.05E-6,6.3E-7,2.0E-7,6.0E-7,M2,2.05E-6,6.3E-7,1.67E-6,2.0E-7,M2,3.52E-6,6.3E-7,2.0E-7,1.922E-5,M2,3.52E-6,1.965E-5,2.0E-7,6.0E-7,M2,1.772E-5,1.2E-5,6.0E-7,2.0E-7,M2,1.772E-5,3.7E-6,2.0E-7,8.5E-6,M2,9.03E-6,3.7E-6,8.89E-6,2.0E-7,M2,8.63E-6,3.7E-6,6.0E-7,2.0E-7,M2,2.219E-5,1.83E-6,1.0E-6,2.0E-7,M2,2.219E-5,1.03E-6,2.0E-7,1.0E-6,M2,2.219E-5,1.83E-6,4.65E-6,2.0E-7,M2,2.664E-5,1.43E-6,2.0E-7,6.0E-7,M3,1.504E-5,1.2E-5,6.0E-7,2.0E-7,M3,1.544E-5,3.7E-6,2.0E-7,8.5E-6,M3,1.544E-5,3.7E-6,8.89E-6,2.0E-7,M3,2.413E-5,3.7E-6,6.0E-7,2.0E-7,M3,1.2990000000000001E-5,1.328E-5,6.0E-7,2.0E-7,M3,1.292E-5,1.328E-5,4.7E-7,2.0E-7,M3,1.292E-5,4.31E-6,2.0E-7,9.17E-6,M3,1.292E-5,4.31E-6,2.0E-7,6.0E-7,M3,2.024E-5,1.248E-5,2.0E-7,1.0E-6,M3,1.944E-5,1.328E-5,1.0E-6,2.0E-7,M3,1.997E-5,1.328E-5,4.7E-7,2.0E-7,M3,1.977E-5,1.328E-5,6.0E-7,2.0E-7,
M1,1.244E-5,1.805E-6,1.664E-5,1.6E-7,M1,3.218E-5,1.365E-6,2.4000000000000003E-7,6.4E-7,M1,3.632E-5,2.0E-6,2.4000000000000003E-7,6.4E-7,M1,2.559E-5,2.305E-5,1.6E-7,1.42E-6,M1,2.555E-5,2.347E-5,2.4000000000000003E-7,1.04E-6,M1,2.4750000000000002E-5,2.427E-5,1.04E-6,2.4000000000000003E-7,M1,2.144E-5,2.387E-5,2.4000000000000003E-7,6.4E-7,M1,1.705E-6,2.629E-5,1.6E-7,6.25E-7,M1,1.66E-6,2.6755E-5,2.05E-7,1.6E-7,M1,1.66E-6,2.6755E-5,1.6E-7,2.75E-7,M1,3.71E-6,2.052E-5,2.4000000000000003E-7,6.4E-7,M1,3.83E-6,7.2E-7,2.4000000000000003E-7,6.4E-7,M1,4.084E-5,2.096E-5,2.4000000000000003E-7,6.4E-7,M1,4.084E-5,1.7525E-5,2.4000000000000003E-7,6.4E-7,M1,4.088E-5,1.744E-5,1.6E-7,4.85E-7,M1,4.088E-5,1.744E-5,4.2E-7,1.6E-7,M1,4.4E-7,2.096E-5,2.4000000000000003E-7,6.4E-7,M1,4.4E-7,1.7525E-5,2.4000000000000003E-7,6.4E-7,M1,4.800000000000001E-7,1.744E-5,1.6E-7,4.85E-7,M1,2.2E-7,1.744E-5,4.2E-7,1.6E-7,M1,1.795E-5,1.77E-5,1.6E-7,3.4000000000000003E-7,M1,1.048E-5,1.788E-5,7.63E-6,1.6E-7,M1,2.289E-5,2.35E-6,1.6E-7,1.44E-6,M1,2.289E-5,2.35E-6,6.81E-6,1.6E-7,M1,1.577E-5,2.305E-5,1.6E-7,1.42E-6,M1,1.573E-5,2.427E-5,1.04E-6,2.4000000000000003E-7,M1,1.573E-5,2.347E-5,2.4000000000000003E-7,1.04E-6,M1,1.984E-5,2.387E-5,2.4000000000000003E-7,6.4E-7,M1,4.96E-6,2.0E-6,2.4000000000000003E-7,6.4E-7,M1,9.100000000000001E-6,1.365E-6,2.4000000000000003E-7,6.4E-7,M1,1.1600000000000001E-6,2.625E-5,6.4E-7,2.4000000000000003E-7,M1,9.600000000000001E-7,2.301E-5,6.4E-7,2.4000000000000003E-7,M1,3.9655E-5,2.629E-5,1.6E-7,6.25E-7,M1,3.9655E-5,2.6755E-5,2.05E-7,1.6E-7,M1,3.97E-5,2.6755E-5,1.6E-7,2.75E-7,M1,3.084E-5,1.744E-5,2.4000000000000003E-7,6.4E-7,M1,3.004E-5,1.766E-5,1.04E-6,2.4000000000000003E-7,M1,3.084E-5,1.766E-5,2.4000000000000003E-7,1.04E-6,M1,2.341E-5,1.77E-5,7.63E-6,1.6E-7,M1,3.9920000000000004E-5,2.301E-5,6.4E-7,2.4000000000000003E-7,M1,3.972E-5,2.625E-5,6.4E-7,2.4000000000000003E-7,M1,1.91E-5,3.59E-6,6.4E-7,2.4000000000000003E-7,M1,3.136E-5,4.38E-6,6.4E-7,2.4000000000000003E-7,M1,3.745E-5,7.2E-7,2.4000000000000003E-7,6.4E-7,M1,3.757E-5,2.052E-5,2.4000000000000003E-7,6.4E-7,M1,4.088E-5,2.235E-5,1.6E-7,5.12E-6,M1,1.847E-5,2.35E-6,1.6E-7,1.44E-6,M1,1.182E-5,2.35E-6,6.81E-6,1.6E-7,M1,4.800000000000001E-7,2.235E-5,1.6E-7,5.12E-6,M1,3.553E-5,2.0E-8,6.4E-7,2.4000000000000003E-7,M1,5.3500000000000004E-6,2.0E-8,6.4E-7,2.4000000000000003E-7,M1,3.084E-5,5.5200000000000005E-6,2.4000000000000003E-7,6.4E-7,M1,3.067E-5,5.65E-7,2.4000000000000003E-7,6.4E-7,M1,9.52E-6,4.38E-6,6.4E-7,2.4000000000000003E-7,M1,2.178E-5,3.59E-6,6.4E-7,2.4000000000000003E-7,M1,2.624E-5,2.1910000000000002E-5,2.4000000000000003E-7,6.4E-7,M1,1.504E-5,2.1910000000000002E-5,2.4000000000000003E-7,6.4E-7,M1,1.061E-5,5.65E-7,2.4000000000000003E-7,6.4E-7,M1,1.061E-5,4.72E-6,2.4000000000000003E-7,1.04E-6,M1,9.810000000000001E-6,5.5200000000000005E-6,1.04E-6,2.4000000000000003E-7,M1,1.048E-5,5.56E-6,3.3E-7,1.6E-7,M2,3.214E-5,1.325E-6,3.2E-7,7.2E-7,M2,3.628E-5,1.96E-6,3.2E-7,7.2E-7,M2,2.557E-5,2.349E-5,2.0E-7,1.0E-6,M2,2.4770000000000002E-5,2.429E-5,1.0E-6,2.0E-7,M2,2.146E-5,2.429E-5,4.31E-6,2.0E-7,M2,2.146E-5,2.389E-5,2.0E-7,6.0E-7,M2,3.7300000000000003E-6,2.054E-5,2.0E-7,6.0E-7,M2,3.7300000000000003E-6,7.4E-7,2.0E-7,2.0E-5,M2,3.67E-6,6.800000000000001E-7,3.2E-7,1.12E-6,M2,3.67E-6,6.800000000000001E-7,1.12E-6,3.2E-7,M2,3.79E-6,6.800000000000001E-7,3.2E-7,7.2E-7,M2,4.086E-5,2.098E-5,2.0E-7,6.0E-7,M2,4.086E-5,1.7745E-5,2.0E-7,3.435E-6,M2,4.086E-5,1.7545E-5,2.0E-7,6.0E-7,M2,4.6E-7,2.098E-5,2.0E-7,6.0E-7,M2,4.6E-7,1.7745E-5,2.0E-7,3.435E-6,M2,4.6E-7,1.7545E-5,2.0E-7,6.0E-7,M2,1.575E-5,2.429E-5,1.0E-6,2.0E-7,M2,1.575E-5,2.349E-5,2.0E-7,1.0E-6,M2,1.575E-5,2.429E-5,4.31E-6,2.0E-7,M2,1.986E-5,2.389E-5,2.0E-7,6.0E-7,M2,4.92E-6,1.96E-6,3.2E-7,7.2E-7,M2,9.06E-6,1.325E-6,3.2E-7,7.2E-7,M2,1.18E-6,2.627E-5,6.0E-7,2.0E-7,M2,1.3800000000000001E-6,2.303E-5,2.0E-7,3.44E-6,M2,9.8E-7,2.303E-5,6.0E-7,2.0E-7,M2,9.8E-7,2.303E-5,6.0E-7,2.0E-7,M2,3.086E-5,1.746E-5,2.0E-7,6.0E-7,M2,3.086E-5,1.768E-5,2.0E-7,3.8E-7,M2,3.006E-5,1.768E-5,1.0E-6,2.0E-7,M2,3.086E-5,1.768E-5,2.0E-7,1.0E-6,M2,3.988E-5,2.2970000000000002E-5,7.2E-7,3.2E-7,M2,3.968E-5,2.621E-5,7.2E-7,3.2E-7,M2,1.906E-5,3.55E-6,7.2E-7,3.2E-7,M2,3.132E-5,4.34E-6,7.2E-7,3.2E-7,M2,3.747E-5,7.4E-7,2.0E-7,6.0E-7,M2,3.747E-5,7.4E-7,3.2E-7,2.0E-7,M2,3.759E-5,7.4E-7,2.0E-7,2.0E-5,M2,3.759E-5,2.054E-5,2.0E-7,6.0E-7,M2,3.5550000000000004E-5,4.0E-8,6.0E-7,2.0E-7,M2,5.77E-6,4.0E-8,2.998E-5,2.0E-7,M2,5.37E-6,4.0E-8,6.0E-7,2.0E-7,M2,3.08E-5,5.48E-6,3.2E-7,7.2E-7,M2,3.063E-5,5.250000000000001E-7,3.2E-7,7.2E-7,M2,9.48E-6,4.34E-6,7.2E-7,3.2E-7,M2,2.1740000000000002E-5,3.55E-6,7.2E-7,3.2E-7,M2,2.626E-5,2.1930000000000002E-5,2.0E-7,6.0E-7,M2,1.506E-5,2.233E-5,1.1400000000000001E-5,2.0E-7,M2,1.506E-5,2.1930000000000002E-5,2.0E-7,6.0E-7,M2,1.057E-5,5.250000000000001E-7,3.2E-7,7.2E-7,M2,1.057E-5,4.68E-6,3.2E-7,1.12E-6,M2,9.77E-6,5.48E-6,1.12E-6,3.2E-7,M3,3.2200000000000003E-5,1.385E-6,2.0E-7,6.0E-7,M3,3.2200000000000003E-5,1.785E-6,4.34E-6,2.0E-7,M3,3.634E-5,1.785E-6,2.0E-7,8.35E-7,M3,3.634E-5,2.02E-6,2.0E-7,6.0E-7,M3,3.7300000000000003E-6,7.4E-7,2.0E-7,1.0E-6,M3,3.7300000000000003E-6,7.4E-7,1.0E-6,2.0E-7,M3,3.7300000000000003E-6,7.4E-7,3.2E-7,2.0E-7,M3,3.85E-6,7.4E-7,2.0E-7,6.0E-7,M3,4.98E-6,2.02E-6,2.0E-7,6.0E-7,M3,4.98E-6,1.785E-6,2.0E-7,8.35E-7,M3,4.98E-6,1.785E-6,4.34E-6,2.0E-7,M3,9.12E-6,1.385E-6,2.0E-7,6.0E-7,M3,3.994E-5,2.303E-5,6.0E-7,2.0E-7,M3,3.994E-5,2.303E-5,6.0E-7,2.0E-7,M3,3.988E-5,2.2970000000000002E-5,3.2E-7,1.12E-6,M3,3.988E-5,2.2970000000000002E-5,1.12E-6,3.2E-7,M3,3.968E-5,2.621E-5,7.2E-7,3.2E-7,M3,1.906E-5,3.55E-6,7.2E-7,3.2E-7,M3,3.132E-5,4.34E-6,7.2E-7,3.2E-7,M3,3.086E-5,5.54E-6,2.0E-7,6.0E-7,M3,3.069E-5,5.54E-6,3.7E-7,2.0E-7,M3,3.069E-5,5.85E-7,2.0E-7,5.155E-6,M3,3.069E-5,5.85E-7,2.0E-7,6.0E-7,M3,9.48E-6,4.34E-6,7.2E-7,3.2E-7,M3,2.1740000000000002E-5,3.55E-6,7.2E-7,3.2E-7,M3,1.063E-5,5.85E-7,2.0E-7,6.0E-7,M3,1.063E-5,5.85E-7,2.0E-7,5.155E-6,M3,1.063E-5,4.74E-6,2.0E-7,1.0E-6,M3,9.83E-6,5.54E-6,1.0E-6,2.0E-7,M4,3.994E-5,2.303E-5,2.0E-7,1.0E-6,M4,3.994E-5,2.303E-5,1.0E-6,2.0E-7,M4,3.994E-5,2.303E-5,2.0E-7,3.44E-6,M4,3.974E-5,2.627E-5,6.0E-7,2.0E-7,M4,1.912E-5,3.61E-6,6.0E-7,2.0E-7,M4,1.952E-5,3.61E-6,2.0E-7,9.9E-7,M4,1.952E-5,4.4E-6,1.206E-5,2.0E-7,M4,3.138E-5,4.4E-6,6.0E-7,2.0E-7,M4,9.48E-6,4.34E-6,7.2E-7,3.2E-7,M4,2.1740000000000002E-5,3.55E-6,7.2E-7,3.2E-7,M5,9.54E-6,4.4E-6,6.0E-7,2.0E-7,M5,9.94E-6,4.4E-6,1.206E-5,2.0E-7,M5,2.18E-5,3.61E-6,2.0E-7,9.9E-7,M5,2.18E-5,3.61E-6,6.0E-7,2.0E-7,
M1,2.164E-5,2.35E-6,1.6E-7,1.79E-6,M1,1.3520000000000001E-5,1.485E-5,6.54E-6,1.6E-7,M1,2.216E-5,5.12E-6,1.9200000000000003E-6,1.6E-7,M1,1.8E-7,1.6385E-5,2.4000000000000003E-7,6.4E-7,M1,4.4E-7,1.8475000000000002E-5,2.4000000000000003E-7,6.4E-7,M1,4.800000000000001E-7,1.8715E-5,1.6E-7,1.83E-6,M1,1.178E-5,2.35E-6,1.6E-7,1.79E-6,M1,1.2425E-5,1.2980000000000001E-5,6.4E-7,2.4000000000000003E-7,M1,7.22E-6,1.9205E-5,6.4E-7,2.4000000000000003E-7,M1,9.5E-6,1.365E-6,1.6E-7,3.915E-6,M1,9.5E-6,1.365E-6,7.900000000000001E-7,1.6E-7,M1,2.485E-5,1.12E-6,2.4000000000000003E-7,6.4E-7,M1,2.507E-5,1.9905E-5,2.4000000000000003E-7,6.4E-7,M1,1.344E-5,1.2980000000000001E-5,6.4E-7,2.4000000000000003E-7,M1,1.587E-5,1.0160000000000001E-5,2.4000000000000003E-7,6.4E-7,M1,7.34E-6,3.94E-6,6.4E-7,2.4000000000000003E-7,M1,2.077E-5,1.17E-5,6.4E-7,2.4000000000000003E-7,M1,1.2665E-5,1.302E-5,1.6E-7,7.900000000000001E-7,M1,1.262E-5,1.365E-5,2.05E-7,1.6E-7,M1,2.519E-5,2.0E-8,6.4E-7,2.4000000000000003E-7,M1,7.75E-6,2.0E-8,6.4E-7,2.4000000000000003E-7,M1,2.185E-5,1.365E-6,2.4000000000000003E-7,6.4E-7,M1,2.646E-5,1.56E-6,2.4000000000000003E-7,6.4E-7,M1,2.392E-5,1.365E-6,1.6E-7,3.915E-6,M1,2.329E-5,1.365E-6,7.900000000000001E-7,1.6E-7,M1,3.316E-5,1.6385E-5,2.4000000000000003E-7,6.4E-7,M1,3.29E-5,1.8475000000000002E-5,2.4000000000000003E-7,6.4E-7,M1,3.294E-5,1.8715E-5,1.6E-7,1.83E-6,M1,1.481E-5,1.805E-6,3.96E-6,1.6E-7,M1,1.444E-5,2.168E-5,4.7E-6,1.6E-7,M1,2.56E-5,3.94E-6,6.4E-7,2.4000000000000003E-7,M1,1.217E-5,1.17E-5,6.4E-7,2.4000000000000003E-7,M1,1.954E-5,1.548E-5,1.6E-7,3.925E-6,M1,1.95E-5,1.9245E-5,2.0E-7,1.6E-7,M1,9.5E-6,5.12E-6,1.9200000000000003E-6,1.6E-7,M1,2.08E-5,1.302E-5,1.6E-7,7.900000000000001E-7,M1,2.0755E-5,1.302E-5,2.05E-7,1.6E-7,M1,8.49E-6,1.12E-6,2.4000000000000003E-7,6.4E-7,M1,8.27E-6,1.9905E-5,2.4000000000000003E-7,6.4E-7,M1,1.986E-5,1.4410000000000001E-5,2.4000000000000003E-7,6.4E-7,M1,1.894E-5,2.124E-5,2.4000000000000003E-7,6.4E-7,M1,1.747E-5,1.0160000000000001E-5,2.4000000000000003E-7,6.4E-7,M1,1.95E-5,1.2980000000000001E-5,6.4E-7,2.4000000000000003E-7,M1,1.149E-5,1.365E-6,2.4000000000000003E-7,6.4E-7,M1,6.88E-6,1.56E-6,2.4000000000000003E-7,6.4E-7,M2,2.0E-7,1.6405E-5,2.0E-7,6.0E-7,M2,2.0E-7,1.6805E-5,4.6E-7,2.0E-7,M2,4.6E-7,1.6805E-5,2.0E-7,2.09E-6,M2,4.6E-7,1.8495E-5,2.0E-7,6.0E-7,M2,1.2385000000000001E-5,1.294E-5,7.2E-7,3.2E-7,M2,7.18E-6,1.9165E-5,7.2E-7,3.2E-7,M2,2.487E-5,1.14E-6,2.0E-7,6.0E-7,M2,2.487E-5,1.54E-6,2.0E-7,1.8585E-5,M2,2.487E-5,1.9925E-5,4.2E-7,2.0E-7,M2,2.5090000000000002E-5,1.9925E-5,2.0E-7,6.0E-7,M2,1.34E-5,1.294E-5,7.2E-7,3.2E-7,M2,1.583E-5,1.012E-5,3.2E-7,7.2E-7,M2,7.3E-6,3.9E-6,7.2E-7,3.2E-7,M2,2.073E-5,1.166E-5,7.2E-7,3.2E-7,M2,2.521E-5,4.0E-8,6.0E-7,2.0E-7,M2,8.17E-6,4.0E-8,1.724E-5,2.0E-7,M2,7.77E-6,4.0E-8,6.0E-7,2.0E-7,M2,2.181E-5,1.325E-6,3.2E-7,7.2E-7,M2,2.642E-5,1.52E-6,3.2E-7,7.2E-7,M2,3.318E-5,1.6405E-5,2.0E-7,6.0E-7,M2,3.292E-5,1.6805E-5,4.6E-7,2.0E-7,M2,3.292E-5,1.6805E-5,2.0E-7,2.09E-6,M2,3.292E-5,1.8495E-5,2.0E-7,6.0E-7,M2,2.556E-5,3.9E-6,7.2E-7,3.2E-7,M2,1.213E-5,1.166E-5,7.2E-7,3.2E-7,M2,8.51E-6,1.14E-6,2.0E-7,6.0E-7,M2,8.51E-6,1.54E-6,2.0E-7,1.8585E-5,M2,8.29E-6,1.9925E-5,4.2E-7,2.0E-7,M2,8.29E-6,1.9925E-5,2.0E-7,6.0E-7,M2,1.982E-5,1.437E-5,3.2E-7,7.2E-7,M2,1.8900000000000002E-5,2.12E-5,3.2E-7,7.2E-7,M2,1.743E-5,1.012E-5,3.2E-7,7.2E-7,M2,1.946E-5,1.294E-5,7.2E-7,3.2E-7,M2,1.145E-5,1.325E-6,3.2E-7,7.2E-7,M2,6.84E-6,1.52E-6,3.2E-7,7.2E-7,M3,1.2445E-5,1.3000000000000001E-5,6.0E-7,2.0E-7,M3,7.44E-6,1.3000000000000001E-5,5.405E-6,2.0E-7,M3,7.44E-6,1.3000000000000001E-5,2.0E-7,6.425E-6,M3,7.24E-6,1.9225E-5,6.0E-7,2.0E-7,M3,1.346E-5,1.3000000000000001E-5,6.0E-7,2.0E-7,M3,1.3860000000000001E-5,1.058E-5,2.0E-7,2.62E-6,M3,1.3860000000000001E-5,1.058E-5,2.2300000000000002E-6,2.0E-7,M3,1.5890000000000002E-5,1.018E-5,2.0E-7,6.0E-7,M3,7.36E-6,3.96E-6,6.0E-7,2.0E-7,M3,7.5600000000000005E-6,3.96E-6,1.363E-5,2.0E-7,M3,2.099E-5,3.96E-6,2.0E-7,7.96E-6,M3,2.079E-5,1.172E-5,6.0E-7,2.0E-7,M3,2.187E-5,1.385E-6,2.0E-7,6.0E-7,M3,2.187E-5,1.785E-6,2.0E-7,3.9500000000000003E-7,M3,2.187E-5,1.98E-6,4.81E-6,2.0E-7,M3,2.648E-5,1.5800000000000001E-6,2.0E-7,6.0E-7,M3,2.556E-5,3.9E-6,7.2E-7,3.2E-7,M3,1.213E-5,1.166E-5,7.2E-7,3.2E-7,M3,1.988E-5,1.443E-5,2.0E-7,6.0E-7,M3,1.896E-5,1.483E-5,1.12E-6,2.0E-7,M3,1.896E-5,1.483E-5,2.0E-7,7.0300000000000005E-6,M3,1.896E-5,2.126E-5,2.0E-7,6.0E-7,M3,1.749E-5,1.018E-5,2.0E-7,6.0E-7,M3,1.749E-5,1.058E-5,2.2300000000000002E-6,2.0E-7,M3,1.952E-5,1.058E-5,2.0E-7,2.62E-6,M3,1.952E-5,1.3000000000000001E-5,6.0E-7,2.0E-7,M3,1.151E-5,1.385E-6,2.0E-7,6.0E-7,M3,1.151E-5,1.785E-6,2.0E-7,3.9500000000000003E-7,M3,6.9E-6,1.98E-6,4.81E-6,2.0E-7,M3,6.9E-6,1.5800000000000001E-6,2.0E-7,6.0E-7,M4,2.5620000000000002E-5,3.96E-6,6.0E-7,2.0E-7,M4,1.239E-5,3.96E-6,1.363E-5,2.0E-7,M4,1.239E-5,3.96E-6,2.0E-7,7.96E-6,M4,1.219E-5,1.172E-5,6.0E-7,2.0E-7,
M1,3.33E-5,1.8195E-5,2.4000000000000003E-7,6.4E-7,M1,3.294E-5,1.405E-6,2.4000000000000003E-7,6.4E-7,M1,2.284E-5,5.405E-6,1.9200000000000003E-6,1.6E-7,M1,3.68E-6,1.405E-6,2.4000000000000003E-7,6.4E-7,M1,3.32E-6,1.8195E-5,2.4000000000000003E-7,6.4E-7,M1,1.8E-7,1.4675000000000001E-5,2.4000000000000003E-7,6.4E-7,M1,4.4E-7,1.8635E-5,2.4000000000000003E-7,6.4E-7,M1,2.113E-5,1.1705E-5,5.1E-7,1.6E-7,M1,2.148E-5,1.1705E-5,1.6E-7,7.2E-7,M1,2.232E-5,2.35E-6,5.19E-6,1.6E-7,M1,2.232E-5,2.35E-6,1.6E-7,2.075E-6,M1,2.995E-5,1.365E-6,2.4000000000000003E-7,6.4E-7,M1,3.636E-5,1.8450000000000001E-6,2.4000000000000003E-7,6.4E-7,M1,3.618E-5,1.8635E-5,2.4000000000000003E-7,6.4E-7,M1,3.6440000000000003E-5,1.4675000000000001E-5,2.4000000000000003E-7,6.4E-7,M1,2.018E-5,1.1665000000000001E-5,6.4E-7,2.4000000000000003E-7,M1,1.911E-5,8.845000000000001E-6,2.4000000000000003E-7,6.4E-7,M1,2.16E-5,1.399E-5,6.4E-7,2.4000000000000003E-7,M1,2.204E-5,1.399E-5,1.04E-6,2.4000000000000003E-7,M1,2.284E-5,1.399E-5,2.4000000000000003E-7,1.04E-6,M1,2.288E-5,1.403E-5,1.6E-7,3.665E-6,M1,9.97E-6,1.805E-6,1.692E-5,1.6E-7,M1,2.508E-5,4.225E-6,6.4E-7,2.4000000000000003E-7,M1,1.5555E-5,1.0385E-5,6.4E-7,2.4000000000000003E-7,M1,2.34E-5,1.9585E-5,2.4000000000000003E-7,6.4E-7,M1,2.054E-5,1.303E-5,2.4000000000000003E-7,6.4E-7,M1,2.6E-7,1.8450000000000001E-6,2.4000000000000003E-7,6.4E-7,M1,6.6700000000000005E-6,1.365E-6,2.4000000000000003E-7,6.4E-7,M1,1.612E-5,1.347E-5,4.62E-6,1.6E-7,M1,1.322E-5,1.9585E-5,2.4000000000000003E-7,6.4E-7,M1,1.6080000000000002E-5,1.303E-5,2.4000000000000003E-7,6.4E-7,M1,1.5265E-5,1.2265E-5,1.815E-6,1.6E-7,M1,1.5265E-5,1.1705E-5,1.6E-7,7.2E-7,M1,1.2100000000000001E-5,5.405E-6,1.9200000000000003E-6,1.6E-7,M1,2.4560000000000002E-5,5.365E-6,2.4000000000000003E-7,6.4E-7,M1,2.8460000000000002E-5,5.65E-7,2.4000000000000003E-7,6.4E-7,M1,1.114E-5,4.225E-6,6.4E-7,2.4000000000000003E-7,M1,2.0665E-5,1.0385E-5,6.4E-7,2.4000000000000003E-7,M1,1.751E-5,8.845000000000001E-6,2.4000000000000003E-7,6.4E-7,M1,1.604E-5,1.1665000000000001E-5,6.4E-7,2.4000000000000003E-7,M1,1.206E-5,5.365E-6,2.4000000000000003E-7,6.4E-7,M1,8.16E-6,5.65E-7,2.4000000000000003E-7,6.4E-7,M1,2.9400000000000002E-6,2.0E-8,6.4E-7,2.4000000000000003E-7,M1,3.328E-5,2.0E-8,6.4E-7,2.4000000000000003E-7,M1,1.382E-5,1.403E-5,1.6E-7,3.665E-6,M1,1.382E-5,1.403E-5,1.0E-6,1.6E-7,M1,9.35E-6,2.35E-6,5.19E-6,1.6E-7,M1,1.438E-5,2.35E-6,1.6E-7,2.075E-6,M2,3.3260000000000003E-5,1.8155E-5,3.2E-7,7.2E-7,M2,3.29E-5,1.8155E-5,1.12E-6,3.2E-7,M2,3.29E-5,1.7355E-5,3.2E-7,1.12E-6,M2,3.296E-5,1.825E-6,2.0E-7,1.659E-5,M2,3.296E-5,1.4250000000000001E-6,2.0E-7,6.0E-7,M2,3.7E-6,1.4250000000000001E-6,2.0E-7,6.0E-7,M2,3.7E-6,1.825E-6,2.0E-7,1.659E-5,M2,3.64E-6,1.7355E-5,3.2E-7,1.12E-6,M2,2.84E-6,1.8155E-5,1.12E-6,3.2E-7,M2,3.28E-6,1.8155E-5,3.2E-7,7.2E-7,M2,1.4E-7,1.4635E-5,3.2E-7,7.2E-7,M2,4.0E-7,1.8595E-5,3.2E-7,7.2E-7,M2,2.991E-5,1.325E-6,3.2E-7,7.2E-7,M2,3.632E-5,1.805E-6,3.2E-7,7.2E-7,M2,3.614E-5,1.8595E-5,3.2E-7,7.2E-7,M2,3.6400000000000004E-5,1.4635E-5,3.2E-7,7.2E-7,M2,2.02E-5,1.1685E-5,6.0E-7,2.0E-7,M2,1.913E-5,1.1685E-5,1.2700000000000001E-6,2.0E-7,M2,1.9070000000000002E-5,1.1625E-5,1.12E-6,3.2E-7,M2,1.9070000000000002E-5,1.0825E-5,3.2E-7,1.12E-6,M2,1.9070000000000002E-5,8.805E-6,3.2E-7,7.2E-7,M2,2.156E-5,1.395E-5,7.2E-7,3.2E-7,M2,2.2E-5,1.395E-5,1.12E-6,3.2E-7,M2,2.2800000000000002E-5,1.395E-5,3.2E-7,1.12E-6,M2,2.504E-5,4.185E-6,7.2E-7,3.2E-7,M2,1.5515E-5,1.0345E-5,7.2E-7,3.2E-7,M2,2.336E-5,1.9545E-5,3.2E-7,7.2E-7,M2,2.05E-5,1.2990000000000001E-5,3.2E-7,7.2E-7,M2,2.8E-7,1.8650000000000001E-6,2.0E-7,6.0E-7,M2,2.8E-7,1.785E-6,2.0E-7,6.800000000000001E-7,M2,2.2E-7,1.725E-6,3.2E-7,1.12E-6,M2,2.2E-7,1.725E-6,1.12E-6,3.2E-7,M2,6.63E-6,1.325E-6,3.2E-7,7.2E-7,M2,1.3180000000000001E-5,1.9545E-5,3.2E-7,7.2E-7,M2,1.604E-5,1.2990000000000001E-5,3.2E-7,7.2E-7,M2,2.4580000000000002E-5,5.385E-6,2.0E-7,6.0E-7,M2,2.4580000000000002E-5,5.385E-6,4.1E-6,2.0E-7,M2,2.842E-5,4.525E-6,3.2E-7,1.12E-6,M2,2.762E-5,5.325E-6,1.12E-6,3.2E-7,M2,2.842E-5,5.250000000000001E-7,3.2E-7,7.2E-7,M2,1.116E-5,4.245E-6,6.0E-7,2.0E-7,M2,1.156E-5,4.245E-6,9.525E-6,2.0E-7,M2,2.0885E-5,4.245E-6,2.0E-7,6.36E-6,M2,2.0685E-5,1.0405E-5,6.0E-7,2.0E-7,M2,1.747E-5,8.805E-6,3.2E-7,7.2E-7,M2,1.6E-5,1.1625E-5,7.2E-7,3.2E-7,M2,1.208E-5,5.385E-6,2.0E-7,6.0E-7,M2,8.18E-6,5.385E-6,4.1E-6,2.0E-7,M2,8.12E-6,5.325E-6,1.12E-6,3.2E-7,M2,8.12E-6,4.525E-6,3.2E-7,1.12E-6,M2,8.12E-6,5.250000000000001E-7,3.2E-7,7.2E-7,M2,2.96E-6,4.0E-8,6.0E-7,2.0E-7,M2,3.36E-6,4.0E-8,3.014E-5,2.0E-7,M2,3.33E-5,4.0E-8,6.0E-7,2.0E-7,M3,3.332E-5,1.8215E-5,2.0E-7,6.0E-7,M3,3.296E-5,1.8215E-5,5.6E-7,2.0E-7,M3,3.296E-5,1.8215E-5,1.0E-6,2.0E-7,M3,3.296E-5,1.7415000000000002E-5,2.0E-7,1.0E-6,M3,3.7E-6,1.7415000000000002E-5,2.0E-7,1.0E-6,M3,2.9E-6,1.8215E-5,1.0E-6,2.0E-7,M3,3.34E-6,1.8215E-5,5.6E-7,2.0E-7,M3,3.34E-6,1.8215E-5,2.0E-7,6.0E-7,M3,2.0E-7,1.4695E-5,2.0E-7,6.0E-7,M3,2.0E-7,1.5095E-5,2.0E-7,3.76E-6,M3,2.0E-7,1.8655E-5,4.6E-7,2.0E-7,M3,4.6E-7,1.8655E-5,2.0E-7,6.0E-7,M3,2.997E-5,1.385E-6,2.0E-7,6.0E-7,M3,2.997E-5,1.785E-6,2.0E-7,6.800000000000001E-7,M3,2.991E-5,2.205E-6,1.12E-6,3.2E-7,M3,2.991E-5,1.405E-6,3.2E-7,1.12E-6,M3,3.632E-5,1.805E-6,3.2E-7,7.2E-7,M3,3.62E-5,1.8655E-5,2.0E-7,6.0E-7,M3,3.62E-5,1.8655E-5,4.6E-7,2.0E-7,M3,3.646E-5,1.5095E-5,2.0E-7,3.76E-6,M3,3.646E-5,1.4695E-5,2.0E-7,6.0E-7,M3,1.913E-5,1.1685E-5,1.0E-6,2.0E-7,M3,1.913E-5,1.0885E-5,2.0E-7,1.0E-6,M3,1.913E-5,9.265E-6,2.0E-7,2.62E-6,M3,1.913E-5,8.865E-6,2.0E-7,6.0E-7,M3,2.162E-5,1.401E-5,6.0E-7,2.0E-7,M3,2.202E-5,1.401E-5,1.04E-6,2.0E-7,M3,2.206E-5,1.401E-5,1.0E-6,2.0E-7,M3,2.286E-5,1.401E-5,2.0E-7,1.0E-6,M3,2.51E-5,4.245E-6,6.0E-7,2.0E-7,M3,1.5775E-5,4.245E-6,9.525E-6,2.0E-7,M3,1.5775E-5,4.245E-6,2.0E-7,6.36E-6,M3,1.5575E-5,1.0405E-5,6.0E-7,2.0E-7,M3,2.342E-5,1.9605E-5,2.0E-7,6.0E-7,M3,2.056E-5,2.0005E-5,3.06E-6,2.0E-7,M3,2.056E-5,1.345E-5,2.0E-7,6.7550000000000005E-6,M3,2.056E-5,1.305E-5,2.0E-7,6.0E-7,M3,2.2E-7,1.725E-6,3.2E-7,1.12E-6,M3,2.2E-7,1.725E-6,1.12E-6,3.2E-7,M3,6.63E-6,1.325E-6,3.2E-7,7.2E-7,M3,1.324E-5,1.9605E-5,2.0E-7,6.0E-7,M3,1.324E-5,2.0005E-5,3.06E-6,2.0E-7,M3,1.6100000000000002E-5,1.345E-5,2.0E-7,6.7550000000000005E-6,M3,1.6100000000000002E-5,1.305E-5,2.0E-7,6.0E-7,M3,2.8480000000000002E-5,4.585E-6,2.0E-7,1.0E-6,M3,2.768E-5,5.385E-6,1.0E-6,2.0E-7,M3,2.8480000000000002E-5,5.85E-7,2.0E-7,5.0E-6,M3,2.8480000000000002E-5,5.85E-7,2.0E-7,6.0E-7,M3,1.753E-5,8.865E-6,2.0E-7,6.0E-7,M3,1.753E-5,9.265E-6,2.0E-7,2.62E-6,M3,1.747E-5,1.0825E-5,3.2E-7,1.12E-6,M3,1.667E-5,1.1625E-5,1.12E-6,3.2E-7,M3,1.6E-5,1.1625E-5,7.2E-7,3.2E-7,M3,8.18E-6,5.385E-6,1.0E-6,2.0E-7,M3,8.18E-6,4.585E-6,2.0E-7,1.0E-6,M3,8.18E-6,5.85E-7,2.0E-7,5.0E-6,M3,8.18E-6,5.85E-7,2.0E-7,6.0E-7,M4,2.997E-5,2.265E-6,1.0E-6,2.0E-7,M4,2.997E-5,1.465E-6,2.0E-7,1.0E-6,M4,2.997E-5,2.265E-6,6.61E-6,2.0E-7,M4,3.638E-5,1.8650000000000001E-6,2.0E-7,6.0E-7,M4,2.8E-7,1.785E-6,2.0E-7,1.0E-6,M4,2.8E-7,1.785E-6,1.0E-6,2.0E-7,M4,2.8E-7,1.785E-6,6.61E-6,2.0E-7,M4,6.69E-6,1.385E-6,2.0E-7,6.0E-7,M4,1.753E-5,1.0885E-5,2.0E-7,1.0E-6,M4,1.673E-5,1.1685E-5,1.0E-6,2.0E-7,M4,1.646E-5,1.1685E-5,1.2700000000000001E-6,2.0E-7,M4,1.606E-5,1.1685E-5,6.0E-7,2.0E-7,
M1,2.165E-5,1.5465000000000002E-5,2.4000000000000003E-7,6.4E-7,M1,2.1275000000000002E-5,2.2290000000000002E-5,6.4E-7,2.4000000000000003E-7,M1,2.1020000000000002E-5,2.233E-5,6.55E-7,1.6E-7,M1,1.4390000000000001E-5,1.805E-6,4.58E-6,1.6E-7,M1,2.221E-5,1.805E-6,1.6E-7,1.65E-7,M1,2.221E-5,1.81E-6,4.61E-6,1.6E-7,M1,2.133E-5,2.35E-6,1.6E-7,1.45E-6,M1,2.133E-5,3.64E-6,1.8E-7,1.6E-7,M1,1.941E-5,1.468E-5,5.0E-7,1.6E-7,M1,1.975E-5,1.398E-5,1.6E-7,8.6E-7,M1,1.309E-5,1.5905E-5,7.18E-6,1.6E-7,M1,2.04E-5,1.6605E-5,2.2E-7,1.6E-7,M1,2.04E-5,1.6605E-5,1.6E-7,2.445E-6,M1,1.8E-7,1.603E-5,2.4000000000000003E-7,6.4E-7,M1,4.4E-7,1.999E-5,2.4000000000000003E-7,6.4E-7,M1,3.268E-5,1.999E-5,2.4000000000000003E-7,6.4E-7,M1,3.294E-5,1.603E-5,2.4000000000000003E-7,6.4E-7,M1,1.301E-5,1.394E-5,6.4E-7,2.4000000000000003E-7,M1,1.576E-5,1.112E-5,2.4000000000000003E-7,6.4E-7,M1,1.187E-5,2.35E-6,1.6E-7,1.45E-6,M1,1.185E-5,3.64E-6,1.8E-7,1.6E-7,M1,1.8105E-5,3.6000000000000003E-6,6.4E-7,2.4000000000000003E-7,M1,5.98E-6,1.757E-5,6.4E-7,2.4000000000000003E-7,M1,1.147E-5,1.5465000000000002E-5,2.4000000000000003E-7,6.4E-7,M1,1.1445E-5,2.2290000000000002E-5,6.4E-7,2.4000000000000003E-7,M1,1.1685E-5,2.233E-5,6.55E-7,1.6E-7,M1,1.099E-5,1.805E-6,1.6E-7,1.65E-7,M1,6.54E-6,1.81E-6,4.61E-6,1.6E-7,M1,2.523E-5,9.3E-7,2.4000000000000003E-7,6.4E-7,M1,2.578E-5,1.955E-5,2.4000000000000003E-7,6.4E-7,M1,2.674E-5,1.757E-5,6.4E-7,2.4000000000000003E-7,M1,1.4615E-5,3.6000000000000003E-6,6.4E-7,2.4000000000000003E-7,M1,9.57E-6,4.78E-6,1.9200000000000003E-6,1.6E-7,M1,2.6565E-5,2.0E-8,6.4E-7,2.4000000000000003E-7,M1,7.05E-6,2.0E-8,6.4E-7,2.4000000000000003E-7,M1,1.736E-5,1.112E-5,2.4000000000000003E-7,6.4E-7,M1,1.971E-5,1.394E-5,6.4E-7,2.4000000000000003E-7,M1,1.345E-5,1.468E-5,5.0E-7,1.6E-7,M1,1.345E-5,1.398E-5,1.6E-7,8.6E-7,M1,1.236E-5,1.885E-5,6.4E-7,2.4000000000000003E-7,M1,1.25E-5,1.6565E-5,6.4E-7,2.4000000000000003E-7,M1,9.53E-6,4.74E-6,2.4000000000000003E-7,6.4E-7,M1,9.49E-6,9.25E-7,2.4000000000000003E-7,6.4E-7,M1,2.187E-5,4.78E-6,1.9200000000000003E-6,1.6E-7,M1,7.89E-6,9.3E-7,2.4000000000000003E-7,6.4E-7,M1,7.34E-6,1.955E-5,2.4000000000000003E-7,6.4E-7,M1,2.359E-5,4.74E-6,2.4000000000000003E-7,6.4E-7,M1,2.363E-5,9.25E-7,2.4000000000000003E-7,6.4E-7,M2,2.167E-5,1.5485E-5,2.0E-7,6.0E-7,M2,2.167E-5,1.5885E-5,2.0E-7,6.625E-6,M2,2.1495E-5,2.231E-5,3.75E-7,2.0E-7,M2,2.1295000000000002E-5,2.231E-5,6.0E-7,2.0E-7,M2,1.4E-7,1.599E-5,3.2E-7,7.2E-7,M2,4.0E-7,1.995E-5,3.2E-7,7.2E-7,M2,3.264E-5,1.995E-5,3.2E-7,7.2E-7,M2,3.29E-5,1.599E-5,3.2E-7,7.2E-7,M2,1.303E-5,1.396E-5,6.0E-7,2.0E-7,M2,1.343E-5,1.154E-5,2.0E-7,2.62E-6,M2,1.343E-5,1.154E-5,2.55E-6,2.0E-7,M2,1.578E-5,1.114E-5,2.0E-7,6.0E-7,M2,1.8065E-5,3.5600000000000002E-6,7.2E-7,3.2E-7,M2,5.94E-6,1.753E-5,7.2E-7,3.2E-7,M2,1.149E-5,1.5485E-5,2.0E-7,6.0E-7,M2,1.149E-5,1.5885E-5,2.0E-7,6.625E-6,M2,1.149E-5,2.231E-5,3.75E-7,2.0E-7,M2,1.1465E-5,2.231E-5,6.0E-7,2.0E-7,M2,2.525E-5,9.5E-7,2.0E-7,6.0E-7,M2,2.525E-5,1.35E-6,2.0E-7,1.842E-5,M2,2.525E-5,1.957E-5,7.5E-7,2.0E-7,M2,2.58E-5,1.957E-5,2.0E-7,6.0E-7,M2,2.6700000000000002E-5,1.753E-5,7.2E-7,3.2E-7,M2,1.4775E-5,8.33E-6,1.12E-6,3.2E-7,M2,1.4775E-5,7.53E-6,3.2E-7,1.12E-6,M2,1.4835000000000001E-5,3.62E-6,2.0E-7,4.97E-6,M2,1.4635E-5,3.62E-6,6.0E-7,2.0E-7,M2,2.6585E-5,4.0E-8,6.0E-7,2.0E-7,M2,7.4700000000000005E-6,4.0E-8,1.9515000000000002E-5,2.0E-7,M2,7.07E-6,4.0E-8,6.0E-7,2.0E-7,M2,1.738E-5,1.114E-5,2.0E-7,6.0E-7,M2,1.738E-5,1.154E-5,2.55E-6,2.0E-7,M2,1.887E-5,1.148E-5,1.12E-6,3.2E-7,M2,1.967E-5,1.148E-5,3.2E-7,1.12E-6,M2,1.967E-5,1.39E-5,7.2E-7,3.2E-7,M2,1.232E-5,1.881E-5,7.2E-7,3.2E-7,M2,1.2460000000000001E-5,1.6525000000000002E-5,7.2E-7,3.2E-7,M2,9.49E-6,4.7E-6,3.2E-7,7.2E-7,M2,8.69E-6,1.285E-6,1.12E-6,3.2E-7,M2,9.49E-6,1.285E-6,3.2E-7,1.12E-6,M2,9.51E-6,1.345E-6,2.4000000000000003E-7,2.0E-7,M2,9.51E-6,9.450000000000001E-7,2.0E-7,6.0E-7,M2,7.91E-6,9.5E-7,2.0E-7,6.0E-7,M2,7.91E-6,1.35E-6,2.0E-7,1.842E-5,M2,7.36E-6,1.957E-5,7.5E-7,2.0E-7,M2,7.36E-6,1.957E-5,2.0E-7,6.0E-7,M2,2.355E-5,4.7E-6,3.2E-7,7.2E-7,M2,2.355E-5,1.285E-6,3.2E-7,1.12E-6,M2,2.355E-5,1.285E-6,1.12E-6,3.2E-7,M2,2.361E-5,1.345E-6,2.4000000000000003E-7,2.0E-7,M2,2.365E-5,9.450000000000001E-7,2.0E-7,6.0E-7,M3,2.0E-7,1.605E-5,2.0E-7,6.0E-7,M3,2.0E-7,1.645E-5,2.0E-7,3.76E-6,M3,2.0E-7,2.001E-5,4.6E-7,2.0E-7,M3,4.6E-7,2.001E-5,2.0E-7,6.0E-7,M3,3.27E-5,2.001E-5,2.0E-7,6.0E-7,M3,3.27E-5,2.001E-5,4.6E-7,2.0E-7,M3,3.296E-5,1.645E-5,2.0E-7,3.76E-6,M3,3.296E-5,1.605E-5,2.0E-7,6.0E-7,M3,1.8065E-5,3.5600000000000002E-6,7.2E-7,3.2E-7,M3,5.94E-6,1.753E-5,7.2E-7,3.2E-7,M3,2.676E-5,1.759E-5,6.0E-7,2.0E-7,M3,2.696E-5,8.390000000000001E-6,2.0E-7,9.4E-6,M3,1.4835000000000001E-5,8.390000000000001E-6,1.2325E-5,2.0E-7,M3,1.4835000000000001E-5,8.390000000000001E-6,1.0E-6,2.0E-7,M3,1.4835000000000001E-5,7.59E-6,2.0E-7,1.0E-6,M3,1.893E-5,1.154E-5,1.0E-6,2.0E-7,M3,1.973E-5,1.154E-5,2.0E-7,1.0E-6,M3,1.973E-5,1.154E-5,2.0E-7,2.62E-6,M3,1.973E-5,1.396E-5,6.0E-7,2.0E-7,M3,1.238E-5,1.887E-5,6.0E-7,2.0E-7,M3,1.278E-5,1.6585E-5,2.0E-7,2.485E-6,M3,1.1920000000000001E-5,1.6525000000000002E-5,1.12E-6,3.2E-7,M3,1.272E-5,1.6525000000000002E-5,3.2E-7,1.12E-6,M3,1.2460000000000001E-5,1.6525000000000002E-5,7.2E-7,3.2E-7,M3,9.55E-6,4.76E-6,2.0E-7,6.0E-7,M3,9.55E-6,1.345E-6,2.0E-7,3.615E-6,M3,8.750000000000001E-6,1.345E-6,1.0E-6,2.0E-7,M3,9.55E-6,1.345E-6,2.0E-7,1.0E-6,M3,2.361E-5,4.76E-6,2.0E-7,6.0E-7,M3,2.361E-5,1.345E-6,2.0E-7,3.615E-6,M3,2.361E-5,1.345E-6,2.0E-7,1.0E-6,M3,2.361E-5,1.345E-6,1.0E-6,2.0E-7,M4,1.8065E-5,3.5600000000000002E-6,7.2E-7,3.2E-7,M4,6.1400000000000005E-6,8.33E-6,3.2E-7,1.12E-6,M4,6.1400000000000005E-6,8.33E-6,1.12E-6,3.2E-7,M4,6.2E-6,8.390000000000001E-6,2.0E-7,9.4E-6,M4,6.0E-6,1.759E-5,6.0E-7,2.0E-7,M4,1.198E-5,1.6585E-5,1.0E-6,2.0E-7,M4,1.278E-5,1.6585E-5,2.0E-7,1.0E-6,M4,1.272E-5,1.6585E-5,2.6E-7,2.0E-7,M4,1.252E-5,1.6585E-5,6.0E-7,2.0E-7,M5,1.8125E-5,3.62E-6,6.0E-7,2.0E-7,M5,1.8325E-5,3.62E-6,2.0E-7,4.97E-6,M5,6.2E-6,8.390000000000001E-6,1.2325E-5,2.0E-7,M5,6.2E-6,8.390000000000001E-6,2.0E-7,1.0E-6,M5,6.2E-6,8.390000000000001E-6,1.0E-6,2.0E-7,
M1,1.301E-5,1.5975E-5,6.4E-7,2.4000000000000003E-7,M1,1.236E-5,1.893E-5,6.4E-7,2.4000000000000003E-7,M1,1.4390000000000001E-5,1.805E-6,4.58E-6,1.6E-7,M1,2.098E-5,2.197E-5,2.4000000000000003E-7,6.4E-7,M1,2.165E-5,1.7905E-5,2.4000000000000003E-7,6.4E-7,M1,2.169E-5,1.5315E-5,1.6E-7,2.99E-6,M1,1.309E-5,1.5315E-5,7.18E-6,1.6E-7,M1,3.272E-5,1.8675E-5,1.6E-7,1.595E-6,M1,3.268E-5,1.8435E-5,2.4000000000000003E-7,6.4E-7,M1,3.294E-5,1.611E-5,2.4000000000000003E-7,6.4E-7,M1,4.800000000000001E-7,1.8675E-5,1.6E-7,1.595E-6,M1,4.4E-7,1.8435E-5,2.4000000000000003E-7,6.4E-7,M1,1.8E-7,1.611E-5,2.4000000000000003E-7,6.4E-7,M1,1.095E-5,1.365E-6,2.4000000000000003E-7,6.4E-7,M1,6.5000000000000004E-6,1.41E-6,2.4000000000000003E-7,6.4E-7,M1,9.57E-6,4.86E-6,1.9200000000000003E-6,1.6E-7,M1,2.0700000000000002E-5,1.339E-5,1.6E-7,8.6E-7,M1,2.0700000000000002E-5,1.409E-5,2.7E-7,1.6E-7,M1,8.61E-6,1.765E-5,6.4E-7,2.4000000000000003E-7,M1,1.8705E-5,1.207E-5,6.4E-7,2.4000000000000003E-7,M1,9.57E-6,1.365E-6,1.6E-7,3.655E-6,M1,9.53E-6,1.365E-6,2.0E-7,1.6E-7,M1,2.363E-5,1.365E-6,1.6E-7,3.655E-6,M1,2.363E-5,1.365E-6,2.0E-7,1.6E-7,M1,1.214E-5,2.197E-5,2.4000000000000003E-7,6.4E-7,M1,1.147E-5,1.7905E-5,2.4000000000000003E-7,6.4E-7,M1,1.151E-5,1.5315E-5,1.6E-7,2.99E-6,M1,2.036E-5,1.893E-5,6.4E-7,2.4000000000000003E-7,M1,1.971E-5,1.5975E-5,6.4E-7,2.4000000000000003E-7,M1,2.811E-5,6.1E-7,2.4000000000000003E-7,6.4E-7,M1,2.77E-5,1.963E-5,2.4000000000000003E-7,6.4E-7,M1,2.6565E-5,2.0E-8,6.4E-7,2.4000000000000003E-7,M1,7.05E-6,2.0E-8,6.4E-7,2.4000000000000003E-7,M1,1.736E-5,1.053E-5,2.4000000000000003E-7,6.4E-7,M1,1.841E-5,1.3350000000000001E-5,6.4E-7,2.4000000000000003E-7,M1,1.865E-5,1.339E-5,1.5E-6,1.6E-7,M1,1.185E-5,2.35E-6,1.6E-7,1.53E-6,M1,1.185E-5,2.35E-6,1.8E-7,1.6E-7,M1,1.4015E-5,1.207E-5,6.4E-7,2.4000000000000003E-7,M1,2.411E-5,1.765E-5,6.4E-7,2.4000000000000003E-7,M1,5.01E-6,6.1E-7,2.4000000000000003E-7,6.4E-7,M1,5.42E-6,1.963E-5,2.4000000000000003E-7,6.4E-7,M1,1.576E-5,1.053E-5,2.4000000000000003E-7,6.4E-7,M1,1.431E-5,1.3350000000000001E-5,6.4E-7,2.4000000000000003E-7,M1,1.321E-5,1.339E-5,1.5E-6,1.6E-7,M1,1.239E-5,1.339E-5,1.6E-7,8.6E-7,M1,1.239E-5,1.339E-5,2.7E-7,1.6E-7,M1,2.217E-5,1.365E-6,2.4000000000000003E-7,6.4E-7,M1,2.662E-5,1.41E-6,2.4000000000000003E-7,6.4E-7,M1,2.187E-5,4.86E-6,1.9200000000000003E-6,1.6E-7,M1,2.133E-5,2.35E-6,1.6E-7,1.53E-6,M1,2.133E-5,3.72E-6,1.8E-7,1.6E-7,M2,1.297E-5,1.5935E-5,7.2E-7,3.2E-7,M2,1.232E-5,1.889E-5,7.2E-7,3.2E-7,M2,2.1E-5,2.199E-5,2.0E-7,6.0E-7,M2,2.1E-5,2.239E-5,8.7E-7,2.0E-7,M2,2.167E-5,1.8125E-5,2.0E-7,4.4650000000000004E-6,M2,2.167E-5,1.7925000000000002E-5,2.0E-7,6.0E-7,M2,3.27E-5,1.8455000000000002E-5,2.0E-7,6.0E-7,M2,3.27E-5,1.653E-5,2.0E-7,2.325E-6,M2,3.27E-5,1.653E-5,4.6E-7,2.0E-7,M2,3.296E-5,1.613E-5,2.0E-7,6.0E-7,M2,4.6E-7,1.8455000000000002E-5,2.0E-7,6.0E-7,M2,4.6E-7,1.653E-5,2.0E-7,2.325E-6,M2,2.0E-7,1.653E-5,4.6E-7,2.0E-7,M2,2.0E-7,1.613E-5,2.0E-7,6.0E-7,M2,1.097E-5,1.385E-6,2.0E-7,6.0E-7,M2,1.097E-5,1.785E-6,2.0E-7,2.45E-7,M2,1.091E-5,9.7E-7,3.2E-7,1.12E-6,M2,1.011E-5,1.77E-6,1.12E-6,3.2E-7,M2,6.46E-6,1.37E-6,3.2E-7,7.2E-7,M2,8.570000000000001E-6,1.761E-5,7.2E-7,3.2E-7,M2,1.8665000000000002E-5,1.203E-5,7.2E-7,3.2E-7,M2,1.216E-5,2.199E-5,2.0E-7,6.0E-7,M2,1.149E-5,2.239E-5,8.7E-7,2.0E-7,M2,1.149E-5,1.8125E-5,2.0E-7,4.4650000000000004E-6,M2,1.149E-5,1.7925000000000002E-5,2.0E-7,6.0E-7,M2,2.0320000000000002E-5,1.889E-5,7.2E-7,3.2E-7,M2,1.967E-5,1.5935E-5,7.2E-7,3.2E-7,M2,2.813E-5,6.3E-7,2.0E-7,6.0E-7,M2,2.7720000000000002E-5,6.3E-7,6.1E-7,2.0E-7,M2,2.7720000000000002E-5,6.3E-7,2.0E-7,1.922E-5,M2,2.7720000000000002E-5,1.965E-5,2.0E-7,6.0E-7,M2,2.6585E-5,4.0E-8,6.0E-7,2.0E-7,M2,7.4700000000000005E-6,4.0E-8,1.9515000000000002E-5,2.0E-7,M2,7.07E-6,4.0E-8,6.0E-7,2.0E-7,M2,1.738E-5,1.055E-5,2.0E-7,6.0E-7,M2,1.738E-5,1.095E-5,2.0E-7,2.62E-6,M2,1.738E-5,1.337E-5,1.45E-6,2.0E-7,M2,1.843E-5,1.337E-5,6.0E-7,2.0E-7,M2,1.3975000000000001E-5,1.203E-5,7.2E-7,3.2E-7,M2,2.407E-5,1.761E-5,7.2E-7,3.2E-7,M2,5.03E-6,6.3E-7,2.0E-7,6.0E-7,M2,5.03E-6,6.3E-7,6.1E-7,2.0E-7,M2,5.4400000000000004E-6,6.3E-7,2.0E-7,1.922E-5,M2,5.4400000000000004E-6,1.965E-5,2.0E-7,6.0E-7,M2,1.578E-5,1.055E-5,2.0E-7,6.0E-7,M2,1.578E-5,1.095E-5,2.0E-7,2.62E-6,M2,1.453E-5,1.337E-5,1.45E-6,2.0E-7,M2,1.433E-5,1.337E-5,6.0E-7,2.0E-7,M2,2.219E-5,1.385E-6,2.0E-7,6.0E-7,M2,2.219E-5,1.785E-6,2.0E-7,2.45E-7,M2,2.213E-5,1.77E-6,1.12E-6,3.2E-7,M2,2.213E-5,9.7E-7,3.2E-7,1.12E-6,M2,2.658E-5,1.37E-6,3.2E-7,7.2E-7,M3,1.303E-5,1.5995000000000002E-5,6.0E-7,2.0E-7,M3,1.343E-5,1.5995000000000002E-5,2.0E-7,2.2E-7,M3,1.343E-5,1.6015E-5,2.0E-7,3.135E-6,M3,1.278E-5,1.895E-5,8.5E-7,2.0E-7,M3,1.238E-5,1.895E-5,6.0E-7,2.0E-7,M3,1.097E-5,1.03E-6,2.0E-7,1.0E-6,M3,1.0170000000000001E-5,1.83E-6,1.0E-6,2.0E-7,M3,6.52E-6,1.83E-6,4.65E-6,2.0E-7,M3,6.52E-6,1.43E-6,2.0E-7,6.0E-7,M3,8.570000000000001E-6,1.761E-5,7.2E-7,3.2E-7,M3,1.8665000000000002E-5,1.203E-5,7.2E-7,3.2E-7,M3,2.0320000000000002E-5,1.889E-5,7.2E-7,3.2E-7,M3,2.0320000000000002E-5,1.5755E-5,3.2E-7,7.2E-7,M3,2.038E-5,1.5995000000000002E-5,2.0E-7,2.2E-7,M3,1.973E-5,1.5995000000000002E-5,8.5E-7,2.0E-7,M3,1.973E-5,1.5995000000000002E-5,6.0E-7,2.0E-7,M3,1.3975000000000001E-5,1.203E-5,7.2E-7,3.2E-7,M3,2.407E-5,1.761E-5,7.2E-7,3.2E-7,M3,2.219E-5,1.83E-6,1.0E-6,2.0E-7,M3,2.219E-5,1.03E-6,2.0E-7,1.0E-6,M3,2.219E-5,1.83E-6,4.65E-6,2.0E-7,M3,2.664E-5,1.43E-6,2.0E-7,6.0E-7,M4,8.570000000000001E-6,1.761E-5,7.2E-7,3.2E-7,M4,8.97E-6,1.501E-5,3.2E-7,1.12E-6,M4,8.97E-6,1.501E-5,1.12E-6,3.2E-7,M4,9.03E-6,1.507E-5,1.0095E-5,2.0E-7,M4,1.8925E-5,1.209E-5,2.0E-7,3.18E-6,M4,1.8725E-5,1.209E-5,6.0E-7,2.0E-7,M4,2.038E-5,1.895E-5,6.0E-7,2.0E-7,M4,2.038E-5,1.6015E-5,2.0E-7,3.135E-6,M4,2.038E-5,1.5815E-5,2.0E-7,6.0E-7,M4,1.3975000000000001E-5,1.203E-5,7.2E-7,3.2E-7,M4,2.327E-5,1.501E-5,1.12E-6,3.2E-7,M4,2.407E-5,1.501E-5,3.2E-7,1.12E-6,M4,2.413E-5,1.507E-5,2.0E-7,2.8E-6,M4,2.413E-5,1.7670000000000002E-5,6.0E-7,2.0E-7,M5,8.570000000000001E-6,1.761E-5,7.2E-7,3.2E-7,M5,8.97E-6,1.501E-5,3.2E-7,1.12E-6,M5,8.97E-6,1.501E-5,1.12E-6,3.2E-7,M5,1.3975000000000001E-5,1.203E-5,7.2E-7,3.2E-7,M5,2.327E-5,1.501E-5,1.12E-6,3.2E-7,M5,2.407E-5,1.501E-5,3.2E-7,1.12E-6,M6,8.63E-6,1.7670000000000002E-5,6.0E-7,2.0E-7,M6,9.03E-6,1.507E-5,2.0E-7,2.8E-6,M6,9.03E-6,1.507E-5,2.0E-7,1.0E-6,M6,9.03E-6,1.507E-5,1.0E-6,2.0E-7,M6,1.4035E-5,1.209E-5,6.0E-7,2.0E-7,M6,1.4235E-5,1.209E-5,2.0E-7,3.18E-6,M6,1.4235E-5,1.507E-5,1.0095E-5,2.0E-7,M6,2.3330000000000002E-5,1.507E-5,1.0E-6,2.0E-7,M6,2.413E-5,1.507E-5,2.0E-7,1.0E-6,
M1,2.465E-5,2.35E-6,1.6E-7,1.44E-6,M1,2.465E-5,3.63E-6,3.3E-7,1.6E-7,M1,5.34E-6,4.21E-6,1.6E-7,8.475000000000001E-6,M1,5.3E-6,1.2285E-5,2.4000000000000003E-7,6.4E-7,M1,8.7E-6,1.2595E-5,2.4000000000000003E-7,6.4E-7,M1,9.19E-6,2.0E-8,6.4E-7,2.4000000000000003E-7,M1,2.709E-5,2.0E-8,6.4E-7,2.4000000000000003E-7,M1,2.798E-5,1.2595E-5,2.4000000000000003E-7,6.4E-7,M1,3.138E-5,1.1795E-5,2.4000000000000003E-7,1.04E-6,M1,3.058E-5,1.2595E-5,1.04E-6,2.4000000000000003E-7,M1,3.142E-5,1.2525E-5,1.6E-7,2.7E-7,M1,3.142E-5,4.21E-6,1.6E-7,8.475000000000001E-6,M1,2.996E-5,4.65E-6,1.6E-7,2.8E-7,M1,2.82E-5,4.77E-6,1.9200000000000003E-6,1.6E-7,M1,3.624E-5,2.317E-5,2.4000000000000003E-7,6.4E-7,M1,3.6085E-5,1.961E-5,6.4E-7,2.4000000000000003E-7,M1,3.6325E-5,1.965E-5,3.75E-7,1.6E-7,M1,9.92E-6,1.1635E-5,1.6E-7,7.2E-7,M1,9.92E-6,1.1635E-5,2.0E-7,1.6E-7,M1,1.106E-5,9.215E-6,2.4000000000000003E-7,6.4E-7,M1,1.163E-5,9.25E-7,2.4000000000000003E-7,6.4E-7,M1,4.4E-7,2.317E-5,2.4000000000000003E-7,6.4E-7,M1,1.95E-7,1.961E-5,6.4E-7,2.4000000000000003E-7,M1,2.2E-7,1.965E-5,3.75E-7,1.6E-7,M1,1.732E-5,2.5280000000000002E-5,2.28E-6,1.6E-7,M1,1.2110000000000001E-5,2.35E-6,1.6E-7,1.44E-6,M1,1.1940000000000001E-5,3.63E-6,3.3E-7,1.6E-7,M1,1.2280000000000001E-5,9.215E-6,2.55E-7,1.6E-7,M1,1.2375000000000001E-5,9.215E-6,1.6E-7,2.58E-6,M1,2.684E-5,1.1635E-5,1.6E-7,7.2E-7,M1,2.68E-5,1.1635E-5,2.0E-7,1.6E-7,M1,2.665E-5,5.05E-7,2.4000000000000003E-7,6.4E-7,M1,2.679E-5,2.273E-5,2.4000000000000003E-7,6.4E-7,M1,2.1655000000000002E-5,2.35E-6,1.6E-7,1.86E-5,M1,6.28E-6,2.079E-5,1.5535E-5,1.6E-7,M1,2.37E-5,1.805E-6,4.42E-6,1.6E-7,M1,2.796E-5,1.745E-6,1.6E-7,2.2E-7,M1,1.129E-5,2.203E-5,6.4E-7,2.4000000000000003E-7,M1,1.149E-5,1.6005E-5,2.4000000000000003E-7,1.04E-6,M1,1.149E-5,1.6005E-5,1.04E-6,2.4000000000000003E-7,M1,1.153E-5,1.6045E-5,4.0E-7,1.6E-7,M1,1.177E-5,1.3955000000000001E-5,1.6E-7,2.25E-6,M1,2.499E-5,2.203E-5,6.4E-7,2.4000000000000003E-7,M1,2.4390000000000002E-5,1.6005E-5,1.04E-6,2.4000000000000003E-7,M1,2.519E-5,1.6005E-5,2.4000000000000003E-7,1.04E-6,M1,2.499E-5,1.6045E-5,4.0E-7,1.6E-7,M1,2.499E-5,1.3955000000000001E-5,1.6E-7,2.25E-6,M1,1.632E-5,1.805E-6,4.28E-6,1.6E-7,M1,8.8E-6,1.805E-6,4.42E-6,1.6E-7,M1,8.8E-6,1.745E-6,1.6E-7,2.2E-7,M1,9.89E-6,2.273E-5,2.4000000000000003E-7,6.4E-7,M1,1.003E-5,5.05E-7,2.4000000000000003E-7,6.4E-7,M1,2.4145E-5,1.1595E-5,6.4E-7,2.4000000000000003E-7,M1,2.444E-5,8.775E-6,2.4000000000000003E-7,6.4E-7,M1,6.8E-6,4.65E-6,1.6E-7,2.8E-7,M1,6.8E-6,4.77E-6,1.9200000000000003E-6,1.6E-7,M1,2.5620000000000002E-5,9.215E-6,2.4000000000000003E-7,6.4E-7,M1,2.505E-5,9.25E-7,2.4000000000000003E-7,6.4E-7,M1,1.4865E-5,2.31E-6,6.4E-7,2.4000000000000003E-7,M1,3.044E-5,2.075E-5,6.4E-7,2.4000000000000003E-7,M2,5.2600000000000005E-6,1.2245E-5,3.2E-7,7.2E-7,M2,8.66E-6,1.2555000000000001E-5,3.2E-7,7.2E-7,M2,9.21E-6,4.0E-8,6.0E-7,2.0E-7,M2,9.61E-6,4.0E-8,1.77E-5,2.0E-7,M2,2.711E-5,4.0E-8,6.0E-7,2.0E-7,M2,2.8E-5,1.2615E-5,2.0E-7,6.0E-7,M2,2.8E-5,1.2615E-5,3.6000000000000003E-6,2.0E-7,M2,3.14E-5,1.1815E-5,2.0E-7,1.0E-6,M2,3.06E-5,1.2615E-5,1.0E-6,2.0E-7,M2,3.626E-5,2.319E-5,2.0E-7,6.0E-7,M2,3.626E-5,1.963E-5,2.0E-7,3.76E-6,M2,3.626E-5,1.963E-5,2.45E-7,2.0E-7,M2,3.6105E-5,1.963E-5,6.0E-7,2.0E-7,M2,1.108E-5,9.235E-6,2.0E-7,6.0E-7,M2,1.108E-5,9.635E-6,7.7E-7,2.0E-7,M2,1.165E-5,1.345E-6,2.0E-7,8.49E-6,M2,1.165E-5,9.450000000000001E-7,2.0E-7,6.0E-7,M2,4.6E-7,2.319E-5,2.0E-7,6.0E-7,M2,4.6E-7,1.963E-5,2.0E-7,3.76E-6,M2,4.15E-7,1.963E-5,2.45E-7,2.0E-7,M2,2.15E-7,1.963E-5,6.0E-7,2.0E-7,M2,2.661E-5,4.65E-7,3.2E-7,7.2E-7,M2,2.675E-5,2.269E-5,3.2E-7,7.2E-7,M2,1.125E-5,2.199E-5,7.2E-7,3.2E-7,M2,1.145E-5,1.5965E-5,3.2E-7,1.12E-6,M2,1.145E-5,1.5965E-5,1.12E-6,3.2E-7,M2,2.495E-5,2.199E-5,7.2E-7,3.2E-7,M2,2.435E-5,1.5965E-5,1.12E-6,3.2E-7,M2,2.515E-5,1.5965E-5,3.2E-7,1.12E-6,M2,9.85E-6,2.269E-5,3.2E-7,7.2E-7,M2,9.990000000000001E-6,4.65E-7,3.2E-7,7.2E-7,M2,2.4165E-5,1.1615E-5,6.0E-7,2.0E-7,M2,2.4365E-5,9.195000000000001E-6,2.0E-7,2.62E-6,M2,2.4365E-5,9.195000000000001E-6,2.95E-7,2.0E-7,M2,2.446E-5,8.795E-6,2.0E-7,6.0E-7,M2,2.5640000000000002E-5,9.235E-6,2.0E-7,6.0E-7,M2,2.507E-5,9.635E-6,7.7E-7,2.0E-7,M2,2.507E-5,1.345E-6,2.0E-7,8.49E-6,M2,2.507E-5,9.450000000000001E-7,2.0E-7,6.0E-7,M2,1.4885E-5,2.33E-6,6.0E-7,2.0E-7,M2,1.5085E-5,2.33E-6,2.0E-7,1.864E-5,M2,1.5085E-5,2.077E-5,1.5575E-5,2.0E-7,M2,3.046E-5,2.077E-5,6.0E-7,2.0E-7,M3,5.32E-6,1.2305E-5,2.0E-7,6.0E-7,M3,5.32E-6,1.2505E-5,2.0E-7,3.1E-7,M3,5.32E-6,1.2615E-5,3.6000000000000003E-6,2.0E-7,M3,8.72E-6,1.2615E-5,2.0E-7,6.0E-7,M3,2.661E-5,4.65E-7,3.2E-7,7.2E-7,M3,2.661E-5,1.3905E-5,3.2E-7,7.2E-7,M3,2.667E-5,1.4165E-5,2.0E-7,8.785E-6,M3,2.667E-5,2.275E-5,3.4000000000000003E-7,2.0E-7,M3,2.681E-5,2.275E-5,2.0E-7,6.0E-7,M3,1.131E-5,2.205E-5,6.0E-7,2.0E-7,M3,1.151E-5,1.6025E-5,2.0E-7,6.2250000000000005E-6,M3,1.151E-5,1.6025E-5,2.0E-7,1.0E-6,M3,1.151E-5,1.6025E-5,1.0E-6,2.0E-7,M3,2.501E-5,2.205E-5,6.0E-7,2.0E-7,M3,2.521E-5,1.6025E-5,2.0E-7,6.2250000000000005E-6,M3,2.4410000000000002E-5,1.6025E-5,1.0E-6,2.0E-7,M3,2.521E-5,1.6025E-5,2.0E-7,1.0E-6,M3,9.85E-6,2.269E-5,3.2E-7,7.2E-7,M3,9.85E-6,1.3905E-5,3.2E-7,7.2E-7,M3,9.91E-6,5.250000000000001E-7,2.0E-7,1.384E-5,M3,9.91E-6,5.250000000000001E-7,3.4000000000000003E-7,2.0E-7,M3,1.005E-5,5.250000000000001E-7,2.0E-7,6.0E-7,M4,2.667E-5,5.250000000000001E-7,2.0E-7,6.0E-7,M4,2.667E-5,5.250000000000001E-7,2.0E-7,1.384E-5,M4,2.667E-5,1.3965000000000001E-5,2.0E-7,6.0E-7,M4,9.91E-6,2.275E-5,2.0E-7,6.0E-7,M4,9.91E-6,1.4165E-5,2.0E-7,8.785E-6,M4,9.91E-6,1.3965000000000001E-5,2.0E-7,6.0E-7,
M1,2.681E-5,1.0050000000000001E-6,2.4000000000000003E-7,6.4E-7,M1,2.505E-5,1.0050000000000001E-6,2.4000000000000003E-7,6.4E-7,M1,2.318E-5,8.49E-6,6.4E-7,2.4000000000000003E-7,M1,3.563E-5,3.9300000000000005E-6,6.4E-7,2.4000000000000003E-7,M1,3.174E-5,9.77E-6,6.4E-7,2.4000000000000003E-7,M1,3.1990000000000004E-5,4.63E-6,2.4000000000000003E-7,6.4E-7,M1,1.972E-5,9.77E-6,6.4E-7,2.4000000000000003E-7,M1,1.987E-5,4.63E-6,2.4000000000000003E-7,6.4E-7,M1,1.628E-5,1.55E-6,2.4000000000000003E-7,6.4E-7,M1,2.187E-5,1.365E-6,2.4000000000000003E-7,6.4E-7,M1,3.335E-5,5.07E-6,2.4000000000000003E-7,6.4E-7,M1,3.511E-5,5.07E-6,2.4000000000000003E-7,6.4E-7,M1,3.335E-5,7.39E-6,2.4000000000000003E-7,6.4E-7,M1,3.134E-5,5.65E-7,2.4000000000000003E-7,6.4E-7,M1,2.828E-5,3.9300000000000005E-6,6.4E-7,2.4000000000000003E-7,M1,3.09E-5,3.13E-6,2.4000000000000003E-7,1.04E-6,M1,3.01E-5,3.9300000000000005E-6,1.04E-6,2.4000000000000003E-7,M1,3.094E-5,2.35E-6,1.6E-7,1.7800000000000001E-6,M1,2.052E-5,5.65E-7,2.4000000000000003E-7,6.4E-7,M1,1.851E-5,7.39E-6,2.4000000000000003E-7,6.4E-7,M1,4.4E-7,1.596E-5,2.4000000000000003E-7,6.4E-7,M1,1.8E-7,1.2E-5,2.4000000000000003E-7,6.4E-7,M1,3.605E-5,2.0E-8,6.4E-7,2.4000000000000003E-7,M1,9.48E-6,2.0E-8,6.4E-7,2.4000000000000003E-7,M1,1.675E-5,5.07E-6,2.4000000000000003E-7,6.4E-7,M1,1.851E-5,5.07E-6,2.4000000000000003E-7,6.4E-7,M1,3.622E-5,1.8715E-5,6.4E-7,2.4000000000000003E-7,M1,3.198E-5,9.77E-6,6.4E-7,2.4000000000000003E-7,M1,3.222E-5,9.810000000000001E-6,1.6E-7,8.6E-7,M1,3.222E-5,1.0510000000000001E-5,2.7E-7,1.6E-7,M1,1.62E-5,1.6E-5,2.69E-6,1.6E-7,M1,1.8730000000000002E-5,1.1735E-5,1.6E-7,4.425E-6,M1,2.828E-5,8.49E-6,6.4E-7,2.4000000000000003E-7,M1,1.583E-5,3.9300000000000005E-6,6.4E-7,2.4000000000000003E-7,M1,5.168E-5,1.2E-5,2.4000000000000003E-7,6.4E-7,M1,5.142E-5,1.596E-5,2.4000000000000003E-7,6.4E-7,M1,1.972E-5,9.810000000000001E-6,1.6E-7,8.6E-7,M1,1.961E-5,1.0510000000000001E-5,2.7E-7,1.6E-7,M1,3.08E-6,7.2E-7,2.4000000000000003E-7,6.4E-7,M1,3.5E-6,1.552E-5,2.4000000000000003E-7,6.4E-7,M1,4.836E-5,1.552E-5,2.4000000000000003E-7,6.4E-7,M1,4.8780000000000004E-5,7.2E-7,2.4000000000000003E-7,6.4E-7,M1,1.948E-5,9.77E-6,6.4E-7,2.4000000000000003E-7,M1,1.524E-5,1.8715E-5,6.4E-7,2.4000000000000003E-7,M1,3.317E-5,1.1295E-5,2.4000000000000003E-7,6.4E-7,M1,3.57E-5,1.596E-5,2.4000000000000003E-7,6.4E-7,M1,2.1E-5,2.35E-6,1.6E-7,1.7800000000000001E-6,M1,2.096E-5,3.9300000000000005E-6,1.04E-6,2.4000000000000003E-7,M1,2.096E-5,3.13E-6,2.4000000000000003E-7,1.04E-6,M1,2.318E-5,3.9300000000000005E-6,6.4E-7,2.4000000000000003E-7,M1,2.999E-5,1.365E-6,2.4000000000000003E-7,6.4E-7,M1,3.558E-5,1.55E-6,2.4000000000000003E-7,6.4E-7,M1,2.031E-5,1.1735E-5,1.148E-5,1.6E-7,M2,2.683E-5,1.025E-6,2.0E-7,6.0E-7,M2,2.507E-5,1.025E-6,1.96E-6,2.0E-7,M2,2.507E-5,1.025E-6,2.0E-7,6.0E-7,M2,2.3140000000000002E-5,8.45E-6,7.2E-7,3.2E-7,M2,3.559E-5,3.89E-6,7.2E-7,3.2E-7,M2,3.176E-5,9.79E-6,6.0E-7,2.0E-7,M2,3.196E-5,9.79E-6,2.5E-7,2.0E-7,M2,3.201E-5,4.65E-6,2.0E-7,5.34E-6,M2,3.201E-5,4.65E-6,2.0E-7,6.0E-7,M2,1.974E-5,9.79E-6,6.0E-7,2.0E-7,M2,1.989E-5,9.79E-6,2.5E-7,2.0E-7,M2,1.989E-5,4.65E-6,2.0E-7,5.34E-6,M2,1.989E-5,4.65E-6,2.0E-7,6.0E-7,M2,1.63E-5,1.57E-6,2.0E-7,6.0E-7,M2,1.63E-5,1.93E-6,2.0E-7,2.4000000000000003E-7,M2,1.624E-5,1.87E-6,3.2E-7,1.12E-6,M2,1.624E-5,1.87E-6,1.12E-6,3.2E-7,M2,2.183E-5,1.07E-6,3.2E-7,1.12E-6,M2,2.103E-5,1.87E-6,1.12E-6,3.2E-7,M2,2.189E-5,1.785E-6,2.0E-7,3.4500000000000003E-7,M2,2.189E-5,1.385E-6,2.0E-7,6.0E-7,M2,3.337E-5,5.09E-6,2.0E-7,6.0E-7,M2,3.337E-5,5.09E-6,1.96E-6,2.0E-7,M2,3.513E-5,5.09E-6,2.0E-7,6.0E-7,M2,3.331E-5,7.35E-6,3.2E-7,7.2E-7,M2,3.251E-5,5.250000000000001E-7,1.12E-6,3.2E-7,M2,3.331E-5,5.250000000000001E-7,3.2E-7,1.12E-6,M2,3.136E-5,5.85E-7,2.21E-6,2.0E-7,M2,3.136E-5,5.85E-7,2.0E-7,6.0E-7,M2,2.824E-5,3.89E-6,7.2E-7,3.2E-7,M2,3.086E-5,3.09E-6,3.2E-7,1.12E-6,M2,3.006E-5,3.89E-6,1.12E-6,3.2E-7,M2,2.048E-5,5.250000000000001E-7,3.2E-7,7.2E-7,M2,1.847E-5,5.250000000000001E-7,3.2E-7,1.12E-6,M2,1.847E-5,5.250000000000001E-7,1.12E-6,3.2E-7,M2,1.853E-5,5.85E-7,2.0E-7,7.425E-6,M2,1.853E-5,7.41E-6,2.0E-7,6.0E-7,M2,4.0E-7,1.592E-5,3.2E-7,7.2E-7,M2,1.4E-7,1.196E-5,3.2E-7,7.2E-7,M2,3.601E-5,-2.0E-8,7.2E-7,3.2E-7,M2,9.44E-6,-2.0E-8,7.2E-7,3.2E-7,M2,1.671E-5,5.03E-6,3.2E-7,7.2E-7,M2,1.847E-5,5.03E-6,3.2E-7,7.2E-7,M2,3.618E-5,1.8675E-5,7.2E-7,3.2E-7,M2,3.194E-5,9.73E-6,7.2E-7,3.2E-7,M2,2.83E-5,8.51E-6,6.0E-7,2.0E-7,M2,2.85E-5,6.5850000000000005E-6,2.0E-7,2.125E-6,M2,2.764E-5,6.525E-6,1.12E-6,3.2E-7,M2,2.8440000000000002E-5,6.525E-6,3.2E-7,1.12E-6,M2,1.579E-5,3.89E-6,7.2E-7,3.2E-7,M2,5.164E-5,1.196E-5,3.2E-7,7.2E-7,M2,5.138E-5,1.592E-5,3.2E-7,7.2E-7,M2,3.1E-6,7.4E-7,2.0E-7,6.0E-7,M2,3.1E-6,7.4E-7,6.2E-7,2.0E-7,M2,3.52E-6,7.4E-7,2.0E-7,1.5E-5,M2,3.52E-6,1.554E-5,2.0E-7,6.0E-7,M2,4.832E-5,1.548E-5,3.2E-7,7.2E-7,M2,4.8740000000000004E-5,6.800000000000001E-7,3.2E-7,7.2E-7,M2,1.944E-5,9.73E-6,7.2E-7,3.2E-7,M2,1.52E-5,1.8675E-5,7.2E-7,3.2E-7,M2,3.313E-5,1.1255E-5,3.2E-7,7.2E-7,M2,3.566E-5,1.592E-5,3.2E-7,7.2E-7,M2,2.092E-5,3.89E-6,1.12E-6,3.2E-7,M2,2.092E-5,3.09E-6,3.2E-7,1.12E-6,M2,2.3140000000000002E-5,3.89E-6,7.2E-7,3.2E-7,M2,3.001E-5,1.385E-6,2.0E-7,6.0E-7,M2,3.001E-5,1.785E-6,2.0E-7,3.4500000000000003E-7,M2,3.001E-5,1.93E-6,2.0E-7,2.4000000000000003E-7,M2,3.001E-5,1.97E-6,5.7900000000000005E-6,2.0E-7,M2,3.56E-5,1.57E-6,2.0E-7,6.0E-7,M3,2.32E-5,8.51E-6,6.0E-7,2.0E-7,M3,2.34E-5,3.95E-6,2.0E-7,4.76E-6,M3,2.334E-5,3.89E-6,3.2E-7,1.12E-6,M3,2.334E-5,3.89E-6,1.12E-6,3.2E-7,M3,3.559E-5,3.89E-6,7.2E-7,3.2E-7,M3,1.624E-5,1.87E-6,3.2E-7,1.12E-6,M3,1.624E-5,1.87E-6,1.12E-6,3.2E-7,M3,2.183E-5,1.07E-6,3.2E-7,1.12E-6,M3,2.103E-5,1.87E-6,1.12E-6,3.2E-7,M3,3.337E-5,7.41E-6,2.0E-7,6.0E-7,M3,3.337E-5,5.85E-7,2.0E-7,7.425E-6,M3,3.257E-5,5.85E-7,1.0E-6,2.0E-7,M3,3.337E-5,5.85E-7,2.0E-7,1.0E-6,M3,2.83E-5,3.95E-6,6.0E-7,2.0E-7,M3,2.85E-5,3.95E-6,2.62E-6,2.0E-7,M3,3.092E-5,3.15E-6,2.0E-7,1.0E-6,M3,3.012E-5,3.95E-6,1.0E-6,2.0E-7,M3,2.048E-5,5.250000000000001E-7,3.2E-7,7.2E-7,M3,1.847E-5,5.250000000000001E-7,3.2E-7,1.12E-6,M3,1.847E-5,5.250000000000001E-7,1.12E-6,3.2E-7,M3,4.6E-7,1.598E-5,2.0E-7,6.0E-7,M3,2.0E-7,1.598E-5,4.6E-7,2.0E-7,M3,2.0E-7,1.242E-5,2.0E-7,3.76E-6,M3,2.0E-7,1.202E-5,2.0E-7,6.0E-7,M3,3.607E-5,4.0E-8,6.0E-7,2.0E-7,M3,9.7E-6,4.0E-8,2.677E-5,2.0E-7,M3,9.5E-6,4.0E-8,6.0E-7,2.0E-7,M3,1.677E-5,5.09E-6,2.0E-7,6.0E-7,M3,1.677E-5,5.09E-6,1.96E-6,2.0E-7,M3,1.853E-5,5.09E-6,2.0E-7,6.0E-7,M3,3.624E-5,1.8735E-5,6.0E-7,2.0E-7,M3,3.624E-5,9.79E-6,2.0E-7,9.145E-6,M3,3.5380000000000003E-5,9.73E-6,1.12E-6,3.2E-7,M3,3.618E-5,9.73E-6,3.2E-7,1.12E-6,M3,3.194E-5,9.73E-6,7.2E-7,3.2E-7,M3,2.764E-5,6.525E-6,1.12E-6,3.2E-7,M3,2.8440000000000002E-5,6.525E-6,3.2E-7,1.12E-6,M3,1.579E-5,3.89E-6,7.2E-7,3.2E-7,M3,5.17E-5,1.202E-5,2.0E-7,6.0E-7,M3,5.17E-5,1.242E-5,2.0E-7,3.76E-6,M3,5.144E-5,1.598E-5,4.6E-7,2.0E-7,M3,5.144E-5,1.598E-5,2.0E-7,6.0E-7,M3,4.832E-5,1.548E-5,3.2E-7,7.2E-7,M3,4.8740000000000004E-5,6.800000000000001E-7,3.2E-7,7.2E-7,M3,1.95E-5,9.79E-6,6.0E-7,2.0E-7,M3,1.97E-5,9.79E-6,2.0E-7,9.145E-6,M3,1.9640000000000002E-5,1.7875E-5,3.2E-7,1.12E-6,M3,1.884E-5,1.8675E-5,1.12E-6,3.2E-7,M3,1.52E-5,1.8675E-5,7.2E-7,3.2E-7,M3,3.319E-5,1.1315000000000001E-5,2.0E-7,6.0E-7,M3,3.319E-5,1.1715E-5,2.0E-7,4.4650000000000004E-6,M3,3.319E-5,1.598E-5,2.73E-6,2.0E-7,M3,3.5720000000000004E-5,1.598E-5,2.0E-7,6.0E-7,M3,2.098E-5,3.95E-6,1.0E-6,2.0E-7,M3,2.098E-5,3.15E-6,2.0E-7,1.0E-6,M3,2.098E-5,3.95E-6,2.62E-6,2.0E-7,M3,2.32E-5,3.95E-6,6.0E-7,2.0E-7,M4,2.334E-5,3.89E-6,3.2E-7,1.12E-6,M4,2.334E-5,3.89E-6,1.12E-6,3.2E-7,M4,3.559E-5,3.89E-6,7.2E-7,3.2E-7,M4,1.624E-5,1.87E-6,3.2E-7,1.12E-6,M4,1.624E-5,1.87E-6,1.12E-6,3.2E-7,M4,2.183E-5,1.07E-6,3.2E-7,1.12E-6,M4,2.103E-5,1.87E-6,1.12E-6,3.2E-7,M4,2.048E-5,5.250000000000001E-7,3.2E-7,7.2E-7,M4,1.847E-5,5.250000000000001E-7,3.2E-7,1.12E-6,M4,1.847E-5,5.250000000000001E-7,1.12E-6,3.2E-7,M4,3.544E-5,9.79E-6,1.0E-6,2.0E-7,M4,3.624E-5,9.79E-6,2.0E-7,1.0E-6,M4,3.2200000000000003E-5,9.79E-6,4.24E-6,2.0E-7,M4,3.2E-5,9.79E-6,6.0E-7,2.0E-7,M4,2.764E-5,6.525E-6,1.12E-6,3.2E-7,M4,2.8440000000000002E-5,6.525E-6,3.2E-7,1.12E-6,M4,1.619E-5,6.525E-6,1.12E-6,3.2E-7,M4,1.619E-5,5.725E-6,3.2E-7,1.12E-6,M4,1.6250000000000002E-5,3.95E-6,2.0E-7,2.835E-6,M4,1.585E-5,3.95E-6,6.0E-7,2.0E-7,M4,4.838E-5,1.554E-5,2.0E-7,6.0E-7,M4,4.838E-5,7.4E-7,2.0E-7,1.5E-5,M4,4.838E-5,7.4E-7,4.1E-7,2.0E-7,M4,4.859E-5,7.4E-7,4.1E-7,2.0E-7,M4,4.88E-5,7.4E-7,2.0E-7,6.0E-7,M4,1.97E-5,1.7935E-5,2.0E-7,1.0E-6,M4,1.8900000000000002E-5,1.8735E-5,1.0E-6,2.0E-7,M4,1.566E-5,1.8735E-5,4.24E-6,2.0E-7,M4,1.526E-5,1.8735E-5,6.0E-7,2.0E-7,M5,2.334E-5,3.89E-6,3.2E-7,1.12E-6,M5,2.334E-5,3.89E-6,1.12E-6,3.2E-7,M5,3.559E-5,3.89E-6,7.2E-7,3.2E-7,M5,1.63E-5,1.93E-6,2.0E-7,1.0E-6,M5,1.63E-5,1.93E-6,1.0E-6,2.0E-7,M5,1.63E-5,1.93E-6,5.7900000000000005E-6,2.0E-7,M5,2.189E-5,1.13E-6,2.0E-7,1.0E-6,M5,2.109E-5,1.93E-6,1.0E-6,2.0E-7,M5,2.048E-5,5.250000000000001E-7,3.2E-7,7.2E-7,M5,1.847E-5,5.250000000000001E-7,3.2E-7,1.12E-6,M5,1.847E-5,5.250000000000001E-7,1.12E-6,3.2E-7,M5,2.77E-5,6.5850000000000005E-6,1.0E-6,2.0E-7,M5,2.85E-5,6.5850000000000005E-6,2.0E-7,1.0E-6,M5,1.6250000000000002E-5,6.5850000000000005E-6,1.2450000000000001E-5,2.0E-7,M5,1.6250000000000002E-5,6.5850000000000005E-6,1.0E-6,2.0E-7,M5,1.6250000000000002E-5,5.7850000000000005E-6,2.0E-7,1.0E-6,M6,2.34E-5,3.95E-6,2.0E-7,1.0E-6,M6,2.34E-5,3.95E-6,1.0E-6,2.0E-7,M6,2.34E-5,3.95E-6,1.2450000000000001E-5,2.0E-7,M6,3.565E-5,3.95E-6,6.0E-7,2.0E-7,M6,2.054E-5,5.85E-7,2.0E-7,6.0E-7,M6,1.853E-5,5.85E-7,2.21E-6,2.0E-7,M6,1.853E-5,5.85E-7,2.0E-7,1.0E-6,M6,1.853E-5,5.85E-7,1.0E-6,2.0E-7,
M1,3.109E-5,2.2445E-5,6.4E-7,2.4000000000000003E-7,M1,3.437E-5,2.3945000000000002E-5,6.4E-7,2.4000000000000003E-7,M1,3.117E-5,1.986E-5,1.6E-7,8.6E-7,M1,3.117E-5,1.986E-5,2.85E-7,1.6E-7,M1,3.734E-5,1.9200000000000003E-6,2.4000000000000003E-7,6.4E-7,M1,3.189E-5,1.3E-6,2.4000000000000003E-7,6.4E-7,M1,1.8E-7,1.6845E-5,2.4000000000000003E-7,6.4E-7,M1,4.4E-7,2.0805E-5,2.4000000000000003E-7,6.4E-7,M1,4.5260000000000004E-5,2.0805E-5,2.4000000000000003E-7,6.4E-7,M1,4.552E-5,1.6845E-5,2.4000000000000003E-7,6.4E-7,M1,1.381E-5,1.3E-6,2.4000000000000003E-7,6.4E-7,M1,8.36E-6,1.9200000000000003E-6,2.4000000000000003E-7,6.4E-7,M1,1.997E-5,4.16E-6,2.4000000000000003E-7,6.4E-7,M1,1.972E-5,4.16E-6,1.04E-6,2.4000000000000003E-7,M1,1.972E-5,3.36E-6,2.4000000000000003E-7,1.04E-6,M1,1.976E-5,5.4E-7,1.6E-7,3.82E-6,M1,2.4410000000000002E-5,1.788E-5,1.6E-7,4.765E-6,M1,2.4370000000000002E-5,2.2445E-5,1.04E-6,2.4000000000000003E-7,M1,2.4370000000000002E-5,2.1645E-5,2.4000000000000003E-7,1.04E-6,M1,3.011E-5,2.2445E-5,6.4E-7,2.4000000000000003E-7,M1,3.57E-5,2.0E-8,6.4E-7,2.4000000000000003E-7,M1,9.6E-6,2.0E-8,6.4E-7,2.4000000000000003E-7,M1,1.729E-5,1.8385E-5,6.4E-7,2.4000000000000003E-7,M1,2.471E-5,1.8540000000000002E-5,6.4E-7,2.4000000000000003E-7,M1,1.552E-5,5.04E-6,3.26E-6,1.6E-7,M1,1.838E-5,5.0E-6,6.4E-7,2.4000000000000003E-7,M1,3.0220000000000002E-5,5.0E-6,2.4000000000000003E-7,6.4E-7,M1,2.5980000000000002E-5,5.0E-7,2.4000000000000003E-7,6.4E-7,M1,2.573E-5,4.16E-6,2.4000000000000003E-7,6.4E-7,M1,1.137E-5,2.2485E-5,1.6E-7,1.66E-6,M1,1.137E-5,2.2485E-5,2.75E-6,1.6E-7,M1,1.372E-5,2.2445E-5,6.4E-7,2.4000000000000003E-7,M1,1.421E-5,2.2445E-5,6.4E-7,2.4000000000000003E-7,M1,1.0340000000000001E-5,1.48E-6,2.4000000000000003E-7,6.4E-7,M1,8.27E-6,2.0365E-5,2.4000000000000003E-7,6.4E-7,M1,2.801E-5,1.8385E-5,6.4E-7,2.4000000000000003E-7,M1,2.059E-5,1.8540000000000002E-5,6.4E-7,2.4000000000000003E-7,M1,2.0945E-5,2.7200000000000002E-6,1.6E-7,9.4E-7,M1,2.0945E-5,2.22E-6,1.6E-7,6.6E-7,M1,2.0945E-5,2.22E-6,6.05E-7,1.6E-7,M1,3.747E-5,1.9200000000000003E-6,1.6E-7,1.8645000000000002E-5,M1,3.54E-5,1.9200000000000003E-6,2.2300000000000002E-6,1.6E-7,M1,1.461E-5,1.986E-5,1.6E-7,8.6E-7,M1,1.4485000000000001E-5,1.986E-5,2.85E-7,1.6E-7,M1,1.519E-5,2.2445E-5,6.4E-7,2.4000000000000003E-7,M1,2.133E-5,1.744E-5,2.4000000000000003E-7,6.4E-7,M1,1.082E-5,2.2845E-5,2.4000000000000003E-7,6.4E-7,M1,1.3690000000000001E-5,2.1345E-5,2.4000000000000003E-7,6.4E-7,M1,3.205E-5,2.1785E-5,1.6E-7,1.66E-6,M1,3.205E-5,2.3285E-5,3.0300000000000002E-6,1.6E-7,M1,2.201E-5,1.74E-6,1.9200000000000003E-6,1.6E-7,M1,2.001E-5,1.7725E-5,1.6E-7,3.15E-7,M1,1.825E-5,1.7725E-5,1.9200000000000003E-6,1.6E-7,M1,2.749E-5,1.7285E-5,2.4000000000000003E-7,6.4E-7,M1,2.749E-5,1.704E-5,2.4000000000000003E-7,1.04E-6,M1,2.669E-5,1.7840000000000002E-5,1.04E-6,2.4000000000000003E-7,M1,2.577E-5,1.788E-5,1.9200000000000003E-6,1.6E-7,M1,2.4390000000000002E-5,2.22E-6,1.6E-7,6.6E-7,M1,2.4390000000000002E-5,2.7200000000000002E-6,1.6E-7,9.4E-7,M1,2.4390000000000002E-5,3.5E-6,6.05E-7,1.6E-7,M2,3.111E-5,2.2465E-5,6.0E-7,2.0E-7,M2,3.151E-5,2.2465E-5,3.08E-6,2.0E-7,M2,3.439E-5,2.2465E-5,2.0E-7,1.7E-6,M2,3.439E-5,2.3965000000000002E-5,6.0E-7,2.0E-7,M2,3.73E-5,1.88E-6,3.2E-7,7.2E-7,M2,3.185E-5,1.26E-6,3.2E-7,7.2E-7,M2,1.4E-7,1.6805E-5,3.2E-7,7.2E-7,M2,4.0E-7,2.0765000000000002E-5,3.2E-7,7.2E-7,M2,4.5220000000000004E-5,2.0765000000000002E-5,3.2E-7,7.2E-7,M2,4.548E-5,1.6805E-5,3.2E-7,7.2E-7,M2,1.377E-5,1.26E-6,3.2E-7,7.2E-7,M2,8.32E-6,1.88E-6,3.2E-7,7.2E-7,M2,1.993E-5,4.12E-6,3.2E-7,7.2E-7,M2,1.968E-5,4.12E-6,1.12E-6,3.2E-7,M2,1.968E-5,3.32E-6,3.2E-7,1.12E-6,M2,2.4390000000000002E-5,2.2465E-5,1.0E-6,2.0E-7,M2,2.4390000000000002E-5,2.1665E-5,2.0E-7,1.0E-6,M2,2.4390000000000002E-5,2.2465E-5,6.1400000000000005E-6,2.0E-7,M2,3.013E-5,2.2465E-5,6.0E-7,2.0E-7,M2,3.566E-5,-2.0E-8,7.2E-7,3.2E-7,M2,9.56E-6,-2.0E-8,7.2E-7,3.2E-7,M2,1.7310000000000002E-5,1.8405E-5,6.0E-7,2.0E-7,M2,1.771E-5,1.8405E-5,7.22E-6,2.0E-7,M2,2.4730000000000002E-5,1.8405E-5,2.0E-7,3.55E-7,M2,2.4730000000000002E-5,1.8560000000000002E-5,6.0E-7,2.0E-7,M2,1.84E-5,5.02E-6,6.0E-7,2.0E-7,M2,1.86E-5,5.02E-6,1.184E-5,2.0E-7,M2,3.0240000000000002E-5,5.02E-6,2.0E-7,6.0E-7,M2,2.6000000000000002E-5,5.2E-7,2.0E-7,6.0E-7,M2,2.6000000000000002E-5,5.2E-7,2.0E-7,3.86E-6,M2,2.594E-5,3.32E-6,3.2E-7,1.12E-6,M2,2.514E-5,4.12E-6,1.12E-6,3.2E-7,M2,2.569E-5,4.12E-6,3.2E-7,7.2E-7,M2,1.374E-5,2.2465E-5,6.0E-7,2.0E-7,M2,1.394E-5,2.2465E-5,4.9E-7,2.0E-7,M2,1.4230000000000001E-5,2.2465E-5,6.0E-7,2.0E-7,M2,1.03E-5,1.44E-6,3.2E-7,7.2E-7,M2,8.23E-6,2.0325E-5,3.2E-7,7.2E-7,M2,2.797E-5,1.8345E-5,7.2E-7,3.2E-7,M2,2.055E-5,1.85E-5,7.2E-7,3.2E-7,M2,1.521E-5,2.2465E-5,6.0E-7,2.0E-7,M2,1.541E-5,1.7860000000000002E-5,2.0E-7,4.805E-6,M2,1.541E-5,1.7860000000000002E-5,6.1400000000000005E-6,2.0E-7,M2,2.135E-5,1.746E-5,2.0E-7,6.0E-7,M2,1.084E-5,2.2865000000000002E-5,2.0E-7,6.0E-7,M2,1.084E-5,2.1765E-5,2.0E-7,1.7E-6,M2,1.084E-5,2.1765E-5,3.0700000000000003E-6,2.0E-7,M2,1.3710000000000001E-5,2.1365E-5,2.0E-7,6.0E-7,M2,2.751E-5,1.7305E-5,2.0E-7,6.0E-7,M2,2.751E-5,1.7705E-5,2.0E-7,3.55E-7,M2,2.751E-5,1.706E-5,2.0E-7,1.0E-6,M2,2.671E-5,1.7860000000000002E-5,1.0E-6,2.0E-7,M3,3.736E-5,1.94E-6,2.0E-7,6.0E-7,M3,3.736E-5,1.72E-6,2.0E-7,8.2E-7,M3,3.191E-5,1.72E-6,5.65E-6,2.0E-7,M3,3.191E-5,1.32E-6,2.0E-7,6.0E-7,M3,2.0E-7,1.6865000000000002E-5,2.0E-7,6.0E-7,M3,2.0E-7,1.7265E-5,2.0E-7,3.76E-6,M3,2.0E-7,2.0825E-5,4.6E-7,2.0E-7,M3,4.6E-7,2.0825E-5,2.0E-7,6.0E-7,M3,4.528E-5,2.0825E-5,2.0E-7,6.0E-7,M3,4.528E-5,2.0825E-5,4.6E-7,2.0E-7,M3,4.554E-5,1.7265E-5,2.0E-7,3.76E-6,M3,4.554E-5,1.6865000000000002E-5,2.0E-7,6.0E-7,M3,1.383E-5,1.32E-6,2.0E-7,6.0E-7,M3,1.383E-5,1.72E-6,2.0E-7,8.2E-7,M3,8.38E-6,2.34E-6,5.65E-6,2.0E-7,M3,8.38E-6,1.94E-6,2.0E-7,6.0E-7,M3,1.999E-5,4.18E-6,2.0E-7,6.0E-7,M3,1.974E-5,4.18E-6,4.5000000000000003E-7,2.0E-7,M3,1.974E-5,4.18E-6,1.0E-6,2.0E-7,M3,1.974E-5,3.3800000000000002E-6,2.0E-7,1.0E-6,M3,3.5720000000000004E-5,4.0E-8,6.0E-7,2.0E-7,M3,1.002E-5,4.0E-8,2.59E-5,2.0E-7,M3,9.62E-6,4.0E-8,6.0E-7,2.0E-7,M3,2.6000000000000002E-5,3.3800000000000002E-6,2.0E-7,1.0E-6,M3,2.52E-5,4.18E-6,1.0E-6,2.0E-7,M3,2.575E-5,4.18E-6,4.5000000000000003E-7,2.0E-7,M3,2.575E-5,4.18E-6,2.0E-7,6.0E-7,M3,1.036E-5,1.5E-6,2.0E-7,6.0E-7,M3,1.036E-5,1.9E-6,2.0E-7,1.8685E-5,M3,8.29E-6,2.0385E-5,2.27E-6,2.0E-7,M3,8.29E-6,2.0385E-5,2.0E-7,6.0E-7,M3,2.803E-5,1.8405E-5,6.0E-7,2.0E-7,M3,2.101E-5,1.8405E-5,7.22E-6,2.0E-7,M3,2.101E-5,1.8405E-5,2.0E-7,3.55E-7,M3,2.061E-5,1.8560000000000002E-5,6.0E-7,2.0E-7,
M1,1.667E-5,8.845000000000001E-6,2.4000000000000003E-7,6.4E-7,M1,1.5035000000000001E-5,1.1665000000000001E-5,6.4E-7,2.4000000000000003E-7,M1,3.2900000000000003E-6,1.405E-6,2.4000000000000003E-7,6.4E-7,M1,3.32E-6,1.8195E-5,2.4000000000000003E-7,6.4E-7,M1,1.827E-5,8.845000000000001E-6,2.4000000000000003E-7,6.4E-7,M1,1.9505E-5,1.1665000000000001E-5,6.4E-7,2.4000000000000003E-7,M1,2.206E-5,5.405E-6,1.9200000000000003E-6,1.6E-7,M1,1.116E-5,5.365E-6,2.4000000000000003E-7,6.4E-7,M1,1.036E-5,5.65E-7,1.04E-6,2.4000000000000003E-7,M1,1.116E-5,5.65E-7,2.4000000000000003E-7,1.04E-6,M1,7.75E-6,6.05E-7,3.61E-6,1.6E-7,M1,2.31E-5,2.0685E-5,6.4E-7,2.4000000000000003E-7,M1,2.072E-5,1.399E-5,6.4E-7,2.4000000000000003E-7,M1,2.378E-5,5.365E-6,2.4000000000000003E-7,6.4E-7,M1,2.378E-5,5.65E-7,2.4000000000000003E-7,1.04E-6,M1,2.378E-5,5.65E-7,1.04E-6,2.4000000000000003E-7,M1,2.382E-5,6.05E-7,3.61E-6,1.6E-7,M1,4.4E-7,1.8635E-5,2.4000000000000003E-7,6.4E-7,M1,1.8E-7,1.4675000000000001E-5,2.4000000000000003E-7,6.4E-7,M1,2.869E-5,1.365E-6,2.4000000000000003E-7,6.4E-7,M1,3.26E-5,1.8450000000000001E-6,2.4000000000000003E-7,6.4E-7,M1,2.99E-6,2.9850000000000002E-6,2.92E-5,1.6E-7,M1,1.4365E-5,1.1705E-5,1.6E-7,7.2E-7,M1,1.432E-5,1.2265E-5,2.05E-7,1.6E-7,M1,3.476E-5,1.4675000000000001E-5,2.4000000000000003E-7,6.4E-7,M1,3.45E-5,1.8635E-5,2.4000000000000003E-7,6.4E-7,M1,2.34E-6,1.8450000000000001E-6,2.4000000000000003E-7,6.4E-7,M1,6.25E-6,1.365E-6,2.4000000000000003E-7,6.4E-7,M1,2.5785E-5,4.225E-6,6.4E-7,2.4000000000000003E-7,M1,1.372E-5,1.0385E-5,6.4E-7,2.4000000000000003E-7,M1,2.0700000000000002E-5,1.1705E-5,1.6E-7,7.2E-7,M1,2.0655E-5,1.1705E-5,2.05E-7,1.6E-7,M1,1.12E-5,5.405E-6,1.9200000000000003E-6,1.6E-7,M1,1.382E-5,1.399E-5,6.4E-7,2.4000000000000003E-7,M1,1.144E-5,2.0685E-5,6.4E-7,2.4000000000000003E-7,M1,2.1720000000000002E-5,1.9585E-5,2.4000000000000003E-7,6.4E-7,M1,2.1525E-5,1.343E-5,6.4E-7,2.4000000000000003E-7,M1,2.1765E-5,1.347E-5,2.75E-7,1.6E-7,M1,2.11E-5,4.225E-6,6.4E-7,2.4000000000000003E-7,M1,2.611E-5,2.31E-6,6.4E-7,2.4000000000000003E-7,M1,9.49E-6,1.805E-6,1.62E-5,1.6E-7,M1,2.082E-5,1.0385E-5,6.4E-7,2.4000000000000003E-7,M1,8.755E-6,4.225E-6,6.4E-7,2.4000000000000003E-7,M1,1.522E-5,1.347E-5,4.74E-6,1.6E-7,M1,3.1650000000000004E-5,1.405E-6,2.4000000000000003E-7,6.4E-7,M1,3.162E-5,1.8195E-5,2.4000000000000003E-7,6.4E-7,M1,8.43E-6,2.31E-6,6.4E-7,2.4000000000000003E-7,M1,1.344E-5,4.225E-6,6.4E-7,2.4000000000000003E-7,M1,1.322E-5,1.9585E-5,2.4000000000000003E-7,6.4E-7,M1,1.3015E-5,1.343E-5,6.4E-7,2.4000000000000003E-7,M1,1.314E-5,1.347E-5,2.75E-7,1.6E-7,M2,1.669E-5,8.865E-6,2.0E-7,6.0E-7,M2,1.5255E-5,9.265E-6,1.635E-6,2.0E-7,M2,1.5255E-5,9.265E-6,2.0E-7,2.62E-6,M2,1.5055E-5,1.1685E-5,6.0E-7,2.0E-7,M2,3.31E-6,1.4250000000000001E-6,2.0E-7,6.0E-7,M2,3.31E-6,1.825E-6,2.3E-7,2.0E-7,M2,3.34E-6,1.825E-6,2.0E-7,1.659E-5,M2,3.34E-6,1.8215E-5,2.0E-7,6.0E-7,M2,1.829E-5,8.865E-6,2.0E-7,6.0E-7,M2,1.829E-5,9.265E-6,1.635E-6,2.0E-7,M2,1.9725000000000002E-5,9.265E-6,2.0E-7,2.62E-6,M2,1.9525E-5,1.1685E-5,6.0E-7,2.0E-7,M2,1.112E-5,5.325E-6,3.2E-7,7.2E-7,M2,1.032E-5,5.250000000000001E-7,1.12E-6,3.2E-7,M2,1.112E-5,5.250000000000001E-7,3.2E-7,1.12E-6,M2,2.312E-5,2.0705E-5,6.0E-7,2.0E-7,M2,2.332E-5,1.401E-5,2.0E-7,6.895E-6,M2,2.2460000000000002E-5,1.395E-5,1.12E-6,3.2E-7,M2,2.326E-5,1.395E-5,3.2E-7,1.12E-6,M2,2.0680000000000002E-5,1.395E-5,7.2E-7,3.2E-7,M2,2.374E-5,5.325E-6,3.2E-7,7.2E-7,M2,2.374E-5,5.250000000000001E-7,3.2E-7,1.12E-6,M2,2.374E-5,5.250000000000001E-7,1.12E-6,3.2E-7,M2,4.0E-7,1.8595E-5,3.2E-7,7.2E-7,M2,1.4E-7,1.4635E-5,3.2E-7,7.2E-7,M2,2.8650000000000002E-5,1.325E-6,3.2E-7,7.2E-7,M2,3.256E-5,1.805E-6,3.2E-7,7.2E-7,M2,3.472E-5,1.4635E-5,3.2E-7,7.2E-7,M2,3.446E-5,1.8595E-5,3.2E-7,7.2E-7,M2,2.3E-6,1.805E-6,3.2E-7,7.2E-7,M2,6.21E-6,1.325E-6,3.2E-7,7.2E-7,M2,2.5805E-5,4.245E-6,6.0E-7,2.0E-7,M2,2.6005E-5,4.245E-6,2.0E-7,6.36E-6,M2,2.5945E-5,9.545000000000001E-6,3.2E-7,1.12E-6,M2,2.5145E-5,1.0345E-5,1.12E-6,3.2E-7,M2,1.368E-5,1.0345E-5,7.2E-7,3.2E-7,M2,1.378E-5,1.395E-5,7.2E-7,3.2E-7,M2,1.1400000000000001E-5,2.0645E-5,7.2E-7,3.2E-7,M2,2.1740000000000002E-5,1.9605E-5,2.0E-7,6.0E-7,M2,2.1740000000000002E-5,1.345E-5,2.0E-7,6.7550000000000005E-6,M2,2.1740000000000002E-5,1.345E-5,2.05E-7,2.0E-7,M2,2.1545E-5,1.345E-5,6.0E-7,2.0E-7,M2,2.106E-5,4.185E-6,7.2E-7,3.2E-7,M2,2.146E-5,2.27E-6,3.2E-7,1.12E-6,M2,2.146E-5,2.27E-6,1.12E-6,3.2E-7,M2,2.152E-5,2.33E-6,4.81E-6,2.0E-7,M2,2.6130000000000002E-5,2.33E-6,6.0E-7,2.0E-7,M2,2.084E-5,1.0405E-5,6.0E-7,2.0E-7,M2,2.1040000000000002E-5,4.245E-6,2.0E-7,6.36E-6,M2,2.018E-5,4.185E-6,1.12E-6,3.2E-7,M2,2.098E-5,4.185E-6,3.2E-7,1.12E-6,M2,8.715E-6,4.185E-6,7.2E-7,3.2E-7,M2,3.167E-5,1.4250000000000001E-6,2.0E-7,6.0E-7,M2,3.164E-5,1.825E-6,2.3E-7,2.0E-7,M2,3.164E-5,1.825E-6,2.0E-7,1.659E-5,M2,3.164E-5,1.8215E-5,2.0E-7,6.0E-7,M2,8.390000000000001E-6,2.27E-6,7.2E-7,3.2E-7,M2,1.34E-5,4.185E-6,7.2E-7,3.2E-7,M2,1.324E-5,1.9605E-5,2.0E-7,6.0E-7,M2,1.324E-5,1.345E-5,2.0E-7,6.7550000000000005E-6,M2,1.3235E-5,1.345E-5,2.05E-7,2.0E-7,M2,1.3035E-5,1.345E-5,6.0E-7,2.0E-7,M3,1.118E-5,5.385E-6,2.0E-7,6.0E-7,M3,1.118E-5,5.85E-7,2.0E-7,5.0E-6,M3,1.038E-5,5.85E-7,1.0E-6,2.0E-7,M3,1.118E-5,5.85E-7,2.0E-7,1.0E-6,M3,2.2460000000000002E-5,1.395E-5,1.12E-6,3.2E-7,M3,2.326E-5,1.395E-5,3.2E-7,1.12E-6,M3,2.0680000000000002E-5,1.395E-5,7.2E-7,3.2E-7,M3,2.38E-5,5.385E-6,2.0E-7,6.0E-7,M3,2.38E-5,5.85E-7,2.0E-7,5.0E-6,M3,2.38E-5,5.85E-7,2.0E-7,1.0E-6,M3,2.38E-5,5.85E-7,1.0E-6,2.0E-7,M3,4.6E-7,1.8655E-5,2.0E-7,6.0E-7,M3,4.6E-7,1.5095E-5,2.0E-7,3.76E-6,M3,2.0E-7,1.5095E-5,4.6E-7,2.0E-7,M3,2.0E-7,1.4695E-5,2.0E-7,6.0E-7,M3,2.871E-5,1.385E-6,2.0E-7,6.0E-7,M3,2.871E-5,1.785E-6,4.1100000000000005E-6,2.0E-7,M3,3.262E-5,1.785E-6,2.0E-7,6.800000000000001E-7,M3,3.262E-5,1.8650000000000001E-6,2.0E-7,6.0E-7,M3,3.478E-5,1.4695E-5,2.0E-7,6.0E-7,M3,3.452E-5,1.5095E-5,4.6E-7,2.0E-7,M3,3.452E-5,1.5095E-5,2.0E-7,3.76E-6,M3,3.452E-5,1.8655E-5,2.0E-7,6.0E-7,M3,2.36E-6,1.8650000000000001E-6,2.0E-7,6.0E-7,M3,2.36E-6,1.785E-6,2.0E-7,6.800000000000001E-7,M3,2.36E-6,1.785E-6,4.1100000000000005E-6,2.0E-7,M3,6.27E-6,1.385E-6,2.0E-7,6.0E-7,M3,2.5945E-5,9.545000000000001E-6,3.2E-7,1.12E-6,M3,2.5145E-5,1.0345E-5,1.12E-6,3.2E-7,M3,1.368E-5,1.0345E-5,7.2E-7,3.2E-7,M3,1.384E-5,1.401E-5,6.0E-7,2.0E-7,M3,1.166E-5,1.401E-5,2.58E-6,2.0E-7,M3,1.166E-5,1.401E-5,2.0E-7,6.895E-6,M3,1.146E-5,2.0705E-5,6.0E-7,2.0E-7,M3,2.106E-5,4.185E-6,7.2E-7,3.2E-7,M3,2.146E-5,2.27E-6,3.2E-7,1.12E-6,M3,2.146E-5,2.27E-6,1.12E-6,3.2E-7,M3,2.018E-5,4.185E-6,1.12E-6,3.2E-7,M3,2.098E-5,4.185E-6,3.2E-7,1.12E-6,M3,8.715E-6,4.185E-6,7.2E-7,3.2E-7,M3,8.390000000000001E-6,2.27E-6,7.2E-7,3.2E-7,M3,1.34E-5,4.185E-6,7.2E-7,3.2E-7,M4,2.2460000000000002E-5,1.395E-5,1.12E-6,3.2E-7,M4,2.326E-5,1.395E-5,3.2E-7,1.12E-6,M4,2.0680000000000002E-5,1.395E-5,7.2E-7,3.2E-7,M4,2.6005E-5,9.605E-6,2.0E-7,1.0E-6,M4,2.5205E-5,1.0405E-5,1.0E-6,2.0E-7,M4,1.394E-5,1.0405E-5,1.2265E-5,2.0E-7,M4,1.374E-5,1.0405E-5,6.0E-7,2.0E-7,M4,2.112E-5,4.245E-6,6.0E-7,2.0E-7,M4,2.152E-5,2.33E-6,2.0E-7,2.115E-6,M4,2.152E-5,2.33E-6,2.0E-7,1.0E-6,M4,2.152E-5,2.33E-6,1.0E-6,2.0E-7,M4,2.018E-5,4.185E-6,1.12E-6,3.2E-7,M4,2.098E-5,4.185E-6,3.2E-7,1.12E-6,M4,8.715E-6,4.185E-6,7.2E-7,3.2E-7,M4,8.390000000000001E-6,2.27E-6,7.2E-7,3.2E-7,M4,1.34E-5,4.185E-6,7.2E-7,3.2E-7,M5,2.252E-5,1.401E-5,1.0E-6,2.0E-7,M5,2.332E-5,1.401E-5,2.0E-7,1.0E-6,M5,2.094E-5,1.401E-5,2.58E-6,2.0E-7,M5,2.074E-5,1.401E-5,6.0E-7,2.0E-7,M5,2.018E-5,4.185E-6,1.12E-6,3.2E-7,M5,2.098E-5,4.185E-6,3.2E-7,1.12E-6,M5,8.715E-6,4.185E-6,7.2E-7,3.2E-7,M5,8.45E-6,2.33E-6,6.0E-7,2.0E-7,M5,8.85E-6,2.33E-6,4.81E-6,2.0E-7,M5,1.346E-5,2.33E-6,2.0E-7,2.115E-6,M5,1.346E-5,4.245E-6,6.0E-7,2.0E-7,M6,2.024E-5,4.245E-6,1.0E-6,2.0E-7,M6,2.1040000000000002E-5,4.245E-6,2.0E-7,1.0E-6,M6,8.975E-6,4.245E-6,1.2265E-5,2.0E-7,M6,8.775E-6,4.245E-6,6.0E-7,2.0E-7,
M1,2.164E-5,2.35E-6,1.6E-7,1.79E-6,M1,1.3520000000000001E-5,1.485E-5,6.54E-6,1.6E-7,M1,2.216E-5,5.12E-6,1.9200000000000003E-6,1.6E-7,M1,1.8E-7,1.6385E-5,2.4000000000000003E-7,6.4E-7,M1,4.4E-7,2.0345E-5,2.4000000000000003E-7,6.4E-7,M1,1.178E-5,2.35E-6,1.6E-7,1.79E-6,M1,1.2425E-5,1.2980000000000001E-5,6.4E-7,2.4000000000000003E-7,M1,7.22E-6,1.9205E-5,6.4E-7,2.4000000000000003E-7,M1,9.5E-6,1.365E-6,1.6E-7,3.915E-6,M1,9.5E-6,1.365E-6,7.900000000000001E-7,1.6E-7,M1,3.129E-5,7.2E-7,2.4000000000000003E-7,6.4E-7,M1,3.017E-5,1.9905E-5,2.4000000000000003E-7,6.4E-7,M1,1.344E-5,1.2980000000000001E-5,6.4E-7,2.4000000000000003E-7,M1,1.587E-5,1.0160000000000001E-5,2.4000000000000003E-7,6.4E-7,M1,7.34E-6,1.7925000000000002E-5,6.4E-7,2.4000000000000003E-7,M1,1.781E-5,1.17E-5,6.4E-7,2.4000000000000003E-7,M1,1.2665E-5,1.302E-5,1.6E-7,7.900000000000001E-7,M1,1.262E-5,1.365E-5,2.05E-7,1.6E-7,M1,2.519E-5,2.66E-6,6.4E-7,2.4000000000000003E-7,M1,7.75E-6,2.66E-6,6.4E-7,2.4000000000000003E-7,M1,2.185E-5,1.365E-6,2.4000000000000003E-7,6.4E-7,M1,2.646E-5,1.56E-6,2.4000000000000003E-7,6.4E-7,M1,2.392E-5,1.365E-6,1.6E-7,3.915E-6,M1,2.329E-5,1.365E-6,7.900000000000001E-7,1.6E-7,M1,3.316E-5,1.6385E-5,2.4000000000000003E-7,6.4E-7,M1,3.29E-5,2.0345E-5,2.4000000000000003E-7,6.4E-7,M1,1.481E-5,1.805E-6,3.96E-6,1.6E-7,M1,1.444E-5,2.168E-5,4.7E-6,1.6E-7,M1,2.56E-5,1.7925000000000002E-5,6.4E-7,2.4000000000000003E-7,M1,1.513E-5,1.17E-5,6.4E-7,2.4000000000000003E-7,M1,1.954E-5,1.548E-5,1.6E-7,3.925E-6,M1,1.95E-5,1.9245E-5,2.0E-7,1.6E-7,M1,9.5E-6,5.12E-6,1.9200000000000003E-6,1.6E-7,M1,2.08E-5,1.302E-5,1.6E-7,7.900000000000001E-7,M1,2.0755E-5,1.302E-5,2.05E-7,1.6E-7,M1,2.05E-6,7.2E-7,2.4000000000000003E-7,6.4E-7,M1,3.17E-6,1.9905E-5,2.4000000000000003E-7,6.4E-7,M1,1.986E-5,1.4410000000000001E-5,2.4000000000000003E-7,6.4E-7,M1,1.894E-5,2.124E-5,2.4000000000000003E-7,6.4E-7,M1,1.747E-5,1.0160000000000001E-5,2.4000000000000003E-7,6.4E-7,M1,1.95E-5,1.2980000000000001E-5,6.4E-7,2.4000000000000003E-7,M1,1.149E-5,1.365E-6,2.4000000000000003E-7,6.4E-7,M1,6.88E-6,1.56E-6,2.4000000000000003E-7,6.4E-7,M2,2.0E-7,1.6405E-5,2.0E-7,6.0E-7,M2,2.0E-7,1.6805E-5,2.0E-7,3.76E-6,M2,2.0E-7,2.0365E-5,4.6E-7,2.0E-7,M2,4.6E-7,2.0365E-5,2.0E-7,6.0E-7,M2,1.2445E-5,1.3000000000000001E-5,6.0E-7,2.0E-7,M2,1.2645E-5,1.3000000000000001E-5,2.0E-7,6.425E-6,M2,7.44E-6,1.9225E-5,5.405E-6,2.0E-7,M2,7.24E-6,1.9225E-5,6.0E-7,2.0E-7,M2,3.1310000000000003E-5,7.4E-7,2.0E-7,6.0E-7,M2,3.1310000000000003E-5,7.4E-7,2.0E-7,1.9385E-5,M2,3.019E-5,1.9925E-5,1.32E-6,2.0E-7,M2,3.019E-5,1.9925E-5,2.0E-7,6.0E-7,M2,1.346E-5,1.3000000000000001E-5,6.0E-7,2.0E-7,M2,1.3860000000000001E-5,1.058E-5,2.0E-7,2.62E-6,M2,1.38E-5,1.0520000000000001E-5,3.2E-7,1.12E-6,M2,1.38E-5,1.0520000000000001E-5,1.12E-6,3.2E-7,M2,1.583E-5,1.012E-5,3.2E-7,7.2E-7,M2,7.3E-6,1.7885E-5,7.2E-7,3.2E-7,M2,1.777E-5,1.166E-5,7.2E-7,3.2E-7,M2,2.521E-5,2.68E-6,6.0E-7,2.0E-7,M2,8.17E-6,2.68E-6,1.724E-5,2.0E-7,M2,7.77E-6,2.68E-6,6.0E-7,2.0E-7,M2,2.187E-5,1.385E-6,2.0E-7,6.0E-7,M2,2.187E-5,1.785E-6,4.81E-6,2.0E-7,M2,2.648E-5,1.785E-6,2.0E-7,3.9500000000000003E-7,M2,2.648E-5,1.5800000000000001E-6,2.0E-7,6.0E-7,M2,3.318E-5,1.6405E-5,2.0E-7,6.0E-7,M2,3.318E-5,1.6805E-5,2.0E-7,3.76E-6,M2,3.292E-5,2.0365E-5,4.6E-7,2.0E-7,M2,3.292E-5,2.0365E-5,2.0E-7,6.0E-7,M2,2.556E-5,1.7885E-5,7.2E-7,3.2E-7,M2,1.509E-5,1.166E-5,7.2E-7,3.2E-7,M2,2.07E-6,7.4E-7,2.0E-7,6.0E-7,M2,2.07E-6,7.4E-7,2.0E-7,1.9385E-5,M2,2.07E-6,1.9925E-5,1.32E-6,2.0E-7,M2,3.19E-6,1.9925E-5,2.0E-7,6.0E-7,M2,1.988E-5,1.443E-5,2.0E-7,6.0E-7,M2,1.988E-5,1.483E-5,2.0E-7,7.0300000000000005E-6,M2,1.896E-5,2.166E-5,1.12E-6,2.0E-7,M2,1.896E-5,2.126E-5,2.0E-7,6.0E-7,M2,1.743E-5,1.012E-5,3.2E-7,7.2E-7,M2,1.946E-5,1.294E-5,7.2E-7,3.2E-7,M2,1.151E-5,1.385E-6,2.0E-7,6.0E-7,M2,6.9E-6,1.785E-6,4.81E-6,2.0E-7,M2,6.9E-6,1.785E-6,2.0E-7,3.9500000000000003E-7,M2,6.9E-6,1.5800000000000001E-6,2.0E-7,6.0E-7,M3,1.3860000000000001E-5,1.058E-5,2.0E-7,1.0E-6,M3,1.3860000000000001E-5,1.058E-5,1.0E-6,2.0E-7,M3,1.3860000000000001E-5,1.058E-5,2.2300000000000002E-6,2.0E-7,M3,1.5890000000000002E-5,1.018E-5,2.0E-7,6.0E-7,M3,7.3E-6,1.7885E-5,7.2E-7,3.2E-7,M3,1.777E-5,1.166E-5,7.2E-7,3.2E-7,M3,2.556E-5,1.7885E-5,7.2E-7,3.2E-7,M3,1.509E-5,1.166E-5,7.2E-7,3.2E-7,M3,1.743E-5,1.012E-5,3.2E-7,7.2E-7,M3,1.946E-5,1.294E-5,7.2E-7,3.2E-7,M4,7.36E-6,1.7945000000000002E-5,6.0E-7,2.0E-7,M4,7.5600000000000005E-6,1.7945000000000002E-5,1.047E-5,2.0E-7,M4,1.783E-5,1.172E-5,2.0E-7,6.425E-6,M4,1.783E-5,1.172E-5,6.0E-7,2.0E-7,M4,2.556E-5,1.7885E-5,7.2E-7,3.2E-7,M4,1.509E-5,1.166E-5,7.2E-7,3.2E-7,M4,1.749E-5,1.018E-5,2.0E-7,6.0E-7,M4,1.749E-5,1.058E-5,2.2300000000000002E-6,2.0E-7,M4,1.952E-5,1.058E-5,2.0E-7,2.62E-6,M4,1.952E-5,1.3000000000000001E-5,6.0E-7,2.0E-7,M5,2.5620000000000002E-5,1.7945000000000002E-5,6.0E-7,2.0E-7,M5,1.5550000000000002E-5,1.7945000000000002E-5,1.047E-5,2.0E-7,M5,1.5550000000000002E-5,1.172E-5,2.0E-7,6.425E-6,M5,1.515E-5,1.172E-5,6.0E-7,2.0E-7,
M1,1.674E-5,9.7E-6,2.4000000000000003E-7,6.4E-7,M1,1.861E-5,1.252E-5,6.4E-7,2.4000000000000003E-7,M1,2.0195E-5,1.5185000000000001E-5,1.6E-7,4.835E-6,M1,2.007E-5,1.5185000000000001E-5,2.85E-7,1.6E-7,M1,1.9600000000000002E-5,1.326E-5,2.7E-7,1.6E-7,M1,1.9600000000000002E-5,1.256E-5,1.6E-7,8.6E-7,M1,2.559E-5,1.8540000000000002E-5,6.4E-7,2.4000000000000003E-7,M1,1.4400000000000001E-5,3.58E-6,6.4E-7,2.4000000000000003E-7,M1,1.244E-5,7.2E-7,2.4000000000000003E-7,6.4E-7,M1,1.115E-5,4.72E-6,2.4000000000000003E-7,6.4E-7,M1,2.073E-5,1.014E-5,2.4000000000000003E-7,6.4E-7,M1,2.249E-5,1.0860000000000001E-5,2.4000000000000003E-7,6.4E-7,M1,1.8685E-5,2.14E-6,1.6E-7,1.64E-6,M1,1.866E-5,2.14E-6,1.85E-7,1.6E-7,M1,1.51E-6,6.0E-7,5.47E-6,1.6E-7,M1,1.4700000000000001E-6,5.6E-7,2.4000000000000003E-7,1.04E-6,M1,1.4700000000000001E-6,5.6E-7,1.04E-6,2.4000000000000003E-7,M1,1.4700000000000001E-6,2.052E-5,2.4000000000000003E-7,6.4E-7,M1,3.1440000000000004E-5,2.096E-5,2.4000000000000003E-7,6.4E-7,M1,3.17E-5,1.7E-5,2.4000000000000003E-7,6.4E-7,M1,1.4060000000000001E-5,1.44E-6,4.0E-6,1.6E-7,M1,4.4E-7,2.096E-5,2.4000000000000003E-7,6.4E-7,M1,1.8E-7,1.7E-5,2.4000000000000003E-7,6.4E-7,M1,9.43E-6,1.11E-5,3.9E-7,1.6E-7,M1,9.42E-6,1.106E-5,6.4E-7,2.4000000000000003E-7,M1,1.115E-5,1.014E-5,2.4000000000000003E-7,6.4E-7,M1,1.3275E-5,2.14E-6,1.85E-7,1.6E-7,M1,1.3235E-5,2.1000000000000002E-6,2.4000000000000003E-7,1.04E-6,M1,1.3235E-5,2.1000000000000002E-6,1.04E-6,2.4000000000000003E-7,M1,1.3035E-5,3.58E-6,6.4E-7,2.4000000000000003E-7,M1,1.0E-5,2.0E-8,6.4E-7,2.4000000000000003E-7,M1,2.148E-5,2.0E-8,6.4E-7,2.4000000000000003E-7,M1,1.331E-5,1.256E-5,2.03E-6,1.6E-7,M1,1.514E-5,1.172E-5,2.4000000000000003E-7,1.04E-6,M1,1.434E-5,1.252E-5,1.04E-6,2.4000000000000003E-7,M1,1.514E-5,9.7E-6,2.4000000000000003E-7,6.4E-7,M1,1.225E-5,1.256E-5,2.7E-7,1.6E-7,M1,1.225E-5,1.256E-5,1.6E-7,8.6E-7,M1,1.2120000000000001E-5,1.252E-5,6.4E-7,2.4000000000000003E-7,M1,1.232E-5,1.902E-5,2.4000000000000003E-7,1.04E-6,M1,1.152E-5,1.982E-5,1.04E-6,2.4000000000000003E-7,M1,5.305E-6,1.986E-5,7.215E-6,1.6E-7,M1,2.302E-5,1.3600000000000001E-6,2.4000000000000003E-7,6.4E-7,M1,1.7860000000000002E-5,1.0E-6,2.4000000000000003E-7,6.4E-7,M1,1.402E-5,1.0E-6,2.4000000000000003E-7,6.4E-7,M1,8.86E-6,1.3600000000000001E-6,2.4000000000000003E-7,6.4E-7,M1,5.89E-6,1.8540000000000002E-5,6.4E-7,2.4000000000000003E-7,M1,1.728E-5,3.58E-6,6.4E-7,2.4000000000000003E-7,M1,2.073E-5,4.72E-6,2.4000000000000003E-7,6.4E-7,M1,1.944E-5,7.2E-7,2.4000000000000003E-7,6.4E-7,M1,1.295E-5,1.4485000000000001E-5,6.22E-6,1.6E-7,M1,1.752E-5,1.4485000000000001E-5,1.6E-7,6.6750000000000005E-6,M1,1.752E-5,1.4485000000000001E-5,1.65E-6,1.6E-7,M1,1.444E-5,2.273E-5,3.24E-6,1.6E-7,M1,3.0410000000000002E-5,2.052E-5,2.4000000000000003E-7,6.4E-7,M1,2.961E-5,5.6E-7,1.04E-6,2.4000000000000003E-7,M1,3.0410000000000002E-5,5.6E-7,2.4000000000000003E-7,1.04E-6,M1,2.514E-5,6.0E-7,5.47E-6,1.6E-7,M2,1.676E-5,9.72E-6,2.0E-7,6.0E-7,M2,1.676E-5,1.012E-5,2.0E-7,2.62E-6,M2,1.676E-5,1.254E-5,2.07E-6,2.0E-7,M2,1.863E-5,1.254E-5,6.0E-7,2.0E-7,M2,2.555E-5,1.85E-5,7.2E-7,3.2E-7,M2,1.436E-5,3.54E-6,7.2E-7,3.2E-7,M2,1.2460000000000001E-5,7.4E-7,2.0E-7,6.0E-7,M2,1.2460000000000001E-5,7.4E-7,2.0E-7,4.2000000000000004E-6,M2,1.117E-5,4.74E-6,1.4900000000000001E-6,2.0E-7,M2,1.117E-5,4.74E-6,2.0E-7,6.0E-7,M2,2.069E-5,1.01E-5,3.2E-7,7.2E-7,M2,2.069E-5,1.102E-5,1.12E-6,3.2E-7,M2,2.069E-5,1.022E-5,3.2E-7,1.12E-6,M2,2.075E-5,1.108E-5,1.73E-6,2.0E-7,M2,2.202E-5,1.102E-5,7.2E-7,3.2E-7,M2,2.245E-5,1.082E-5,3.2E-7,7.2E-7,M2,1.4900000000000001E-6,5.800000000000001E-7,2.0E-7,1.0E-6,M2,1.4900000000000001E-6,5.800000000000001E-7,1.0E-6,2.0E-7,M2,1.4900000000000001E-6,5.800000000000001E-7,2.0E-7,2.016E-5,M2,1.4900000000000001E-6,2.054E-5,2.0E-7,6.0E-7,M2,3.14E-5,2.092E-5,3.2E-7,7.2E-7,M2,3.166E-5,1.696E-5,3.2E-7,7.2E-7,M2,4.0E-7,2.092E-5,3.2E-7,7.2E-7,M2,1.4E-7,1.696E-5,3.2E-7,7.2E-7,M2,9.38E-6,1.102E-5,7.2E-7,3.2E-7,M2,1.111E-5,1.01E-5,3.2E-7,7.2E-7,M2,1.3195E-5,2.06E-6,3.2E-7,1.12E-6,M2,1.3195E-5,2.06E-6,1.12E-6,3.2E-7,M2,1.2995E-5,3.54E-6,7.2E-7,3.2E-7,M2,1.002E-5,4.0E-8,6.0E-7,2.0E-7,M2,1.042E-5,4.0E-8,1.128E-5,2.0E-7,M2,2.15E-5,4.0E-8,6.0E-7,2.0E-7,M2,1.5100000000000001E-5,1.168E-5,3.2E-7,1.12E-6,M2,1.43E-5,1.248E-5,1.12E-6,3.2E-7,M2,1.5100000000000001E-5,9.66E-6,3.2E-7,7.2E-7,M2,1.208E-5,1.248E-5,7.2E-7,3.2E-7,M2,1.2280000000000001E-5,1.898E-5,3.2E-7,1.12E-6,M2,1.148E-5,1.978E-5,1.12E-6,3.2E-7,M2,2.298E-5,1.32E-6,3.2E-7,7.2E-7,M2,1.782E-5,9.600000000000001E-7,3.2E-7,7.2E-7,M2,1.398E-5,9.600000000000001E-7,3.2E-7,7.2E-7,M2,8.82E-6,1.32E-6,3.2E-7,7.2E-7,M2,5.85E-6,1.85E-5,7.2E-7,3.2E-7,M2,1.724E-5,3.54E-6,7.2E-7,3.2E-7,M2,2.075E-5,4.74E-6,2.0E-7,6.0E-7,M2,2.075E-5,7.4E-7,2.0E-7,4.2000000000000004E-6,M2,1.946E-5,7.4E-7,1.4900000000000001E-6,2.0E-7,M2,1.946E-5,7.4E-7,2.0E-7,6.0E-7,M2,3.0430000000000002E-5,2.054E-5,2.0E-7,6.0E-7,M2,3.0430000000000002E-5,5.800000000000001E-7,2.0E-7,2.016E-5,M2,2.963E-5,5.800000000000001E-7,1.0E-6,2.0E-7,M2,3.0430000000000002E-5,5.800000000000001E-7,2.0E-7,1.0E-6,M3,2.555E-5,1.85E-5,7.2E-7,3.2E-7,M3,1.436E-5,3.54E-6,7.2E-7,3.2E-7,M3,2.075E-5,1.0160000000000001E-5,2.0E-7,6.0E-7,M3,2.075E-5,1.056E-5,2.0E-7,7.2E-7,M3,2.075E-5,1.108E-5,1.0E-6,2.0E-7,M3,2.075E-5,1.028E-5,2.0E-7,1.0E-6,M3,2.2080000000000002E-5,1.108E-5,6.0E-7,2.0E-7,M3,2.228E-5,1.108E-5,4.3E-7,2.0E-7,M3,2.251E-5,1.0880000000000001E-5,2.0E-7,6.0E-7,M3,3.146E-5,2.098E-5,2.0E-7,6.0E-7,M3,3.146E-5,2.098E-5,4.6E-7,2.0E-7,M3,3.172E-5,1.742E-5,2.0E-7,3.76E-6,M3,3.172E-5,1.702E-5,2.0E-7,6.0E-7,M3,4.6E-7,2.098E-5,2.0E-7,6.0E-7,M3,2.0E-7,2.098E-5,4.6E-7,2.0E-7,M3,2.0E-7,1.742E-5,2.0E-7,3.76E-6,M3,2.0E-7,1.702E-5,2.0E-7,6.0E-7,M3,9.44E-6,1.108E-5,6.0E-7,2.0E-7,M3,9.640000000000001E-6,1.108E-5,1.73E-6,2.0E-7,M3,1.117E-5,1.056E-5,2.0E-7,7.2E-7,M3,1.117E-5,1.0160000000000001E-5,2.0E-7,6.0E-7,M3,1.3195E-5,2.06E-6,3.2E-7,1.12E-6,M3,1.3195E-5,2.06E-6,1.12E-6,3.2E-7,M3,1.2995E-5,3.54E-6,7.2E-7,3.2E-7,M3,1.5100000000000001E-5,1.168E-5,3.2E-7,1.12E-6,M3,1.43E-5,1.248E-5,1.12E-6,3.2E-7,M3,1.5100000000000001E-5,9.66E-6,3.2E-7,7.2E-7,M3,1.214E-5,1.254E-5,6.0E-7,2.0E-7,M3,1.234E-5,1.254E-5,2.0E-7,7.5E-6,M3,1.234E-5,1.904E-5,2.0E-7,1.0E-6,M3,1.154E-5,1.984E-5,1.0E-6,2.0E-7,M3,2.304E-5,1.3800000000000001E-6,2.0E-7,6.0E-7,M3,2.304E-5,1.42E-6,2.0E-7,5.6E-7,M3,1.788E-5,1.42E-6,5.36E-6,2.0E-7,M3,1.788E-5,1.02E-6,2.0E-7,6.0E-7,M3,1.4040000000000001E-5,1.02E-6,2.0E-7,6.0E-7,M3,8.88E-6,1.42E-6,5.36E-6,2.0E-7,M3,8.88E-6,1.42E-6,2.0E-7,5.6E-7,M3,8.88E-6,1.3800000000000001E-6,2.0E-7,6.0E-7,M3,5.85E-6,1.85E-5,7.2E-7,3.2E-7,M3,1.724E-5,3.54E-6,7.2E-7,3.2E-7,M4,2.555E-5,1.85E-5,7.2E-7,3.2E-7,M4,1.436E-5,3.54E-6,7.2E-7,3.2E-7,M4,1.3255000000000001E-5,2.12E-6,2.0E-7,1.0E-6,M4,1.3255000000000001E-5,2.12E-6,1.0E-6,2.0E-7,M4,1.3255000000000001E-5,2.12E-6,2.0E-7,1.68E-6,M4,1.3055E-5,3.6000000000000003E-6,6.0E-7,2.0E-7,M4,1.516E-5,1.174E-5,2.0E-7,1.0E-6,M4,1.436E-5,1.254E-5,1.0E-6,2.0E-7,M4,1.516E-5,1.012E-5,2.0E-7,2.62E-6,M4,1.516E-5,9.72E-6,2.0E-7,6.0E-7,M4,5.85E-6,1.85E-5,7.2E-7,3.2E-7,M4,1.724E-5,3.54E-6,7.2E-7,3.2E-7,M5,2.555E-5,1.85E-5,7.2E-7,3.2E-7,M5,1.436E-5,3.54E-6,7.2E-7,3.2E-7,M5,5.85E-6,1.85E-5,7.2E-7,3.2E-7,M5,1.724E-5,3.54E-6,7.2E-7,3.2E-7,M6,2.531E-5,1.846E-5,1.2E-6,4.0E-7,M6,1.472E-5,1.846E-5,2.0E-6,4.0E-7,M6,1.472E-5,1.686E-5,4.0E-7,2.0E-6,M6,1.482E-5,3.6000000000000003E-6,2.0E-7,1.516E-5,M6,1.4420000000000001E-5,3.6000000000000003E-6,6.0E-7,2.0E-7,M6,5.91E-6,1.8560000000000002E-5,6.0E-7,2.0E-7,M6,6.11E-6,3.6000000000000003E-6,2.0E-7,1.516E-5,M6,6.01E-6,3.5E-6,4.0E-7,2.0E-6,M6,6.01E-6,3.5E-6,2.0E-6,4.0E-7,M6,1.7E-5,3.5E-6,1.2E-6,4.0E-7,M7,2.531E-5,1.846E-5,1.2E-6,4.0E-7,M7,1.472E-5,1.846E-5,2.0E-6,4.0E-7,M7,1.472E-5,1.686E-5,4.0E-7,2.0E-6,M7,6.01E-6,3.5E-6,4.0E-7,2.0E-6,M7,6.01E-6,3.5E-6,2.0E-6,4.0E-7,M7,6.01E-6,3.5E-6,1.1390000000000001E-5,4.0E-7,M7,1.7E-5,3.5E-6,1.2E-6,4.0E-7,M8,2.531E-5,1.846E-5,1.2E-6,4.0E-7,M8,1.472E-5,1.846E-5,1.1390000000000001E-5,4.0E-7,M8,1.472E-5,1.846E-5,2.0E-6,4.0E-7,M8,1.472E-5,1.686E-5,4.0E-7,2.0E-6,
M1,2.744E-5,2.0605E-5,2.4000000000000003E-7,6.4E-7,M1,2.693E-5,9.95E-7,2.4000000000000003E-7,6.4E-7,M1,1.8E-7,1.7085E-5,2.4000000000000003E-7,6.4E-7,M1,4.4E-7,2.1045E-5,2.4000000000000003E-7,6.4E-7,M1,1.262E-5,1.378E-5,2.05E-7,1.6E-7,M1,1.2665E-5,1.32E-5,1.6E-7,7.4E-7,M1,1.13E-5,2.35E-6,1.6E-7,1.44E-6,M1,1.13E-5,3.63E-6,6.4E-7,1.6E-7,M1,9.460000000000001E-6,1.0975E-5,2.4000000000000003E-7,6.4E-7,M1,9.460000000000001E-6,1.118E-5,1.04E-6,2.4000000000000003E-7,M1,9.460000000000001E-6,1.038E-5,2.4000000000000003E-7,1.04E-6,M1,9.5E-6,1.1220000000000001E-5,1.9200000000000003E-6,1.6E-7,M1,3.212E-5,2.1045E-5,2.4000000000000003E-7,6.4E-7,M1,3.238E-5,1.7085E-5,2.4000000000000003E-7,6.4E-7,M1,1.1920000000000001E-5,1.805E-6,8.96E-6,1.6E-7,M1,2.1380000000000002E-5,1.1215E-5,1.6E-7,1.65E-7,M1,2.1380000000000002E-5,1.1215E-5,1.9200000000000003E-6,1.6E-7,M1,1.326E-5,2.2355000000000002E-5,6.28E-6,1.6E-7,M1,1.011E-5,5.65E-7,2.4000000000000003E-7,6.4E-7,M1,9.460000000000001E-6,4.865E-6,2.4000000000000003E-7,6.4E-7,M1,2.004E-5,1.3160000000000001E-5,6.4E-7,2.4000000000000003E-7,M1,1.878E-5,1.8995E-5,2.4000000000000003E-7,6.4E-7,M1,1.882E-5,1.9235E-5,1.6E-7,8.7E-7,M1,5.63E-6,9.95E-7,2.4000000000000003E-7,6.4E-7,M1,5.12E-6,2.0605E-5,2.4000000000000003E-7,6.4E-7,M1,1.872E-5,1.3160000000000001E-5,6.4E-7,2.4000000000000003E-7,M1,1.708E-5,1.0340000000000001E-5,2.4000000000000003E-7,6.4E-7,M1,1.9975E-5,1.32E-5,2.05E-7,1.6E-7,M1,2.002E-5,1.32E-5,1.6E-7,7.4E-7,M1,2.0055E-5,1.188E-5,6.4E-7,2.4000000000000003E-7,M1,8.54E-6,3.725E-6,6.4E-7,2.4000000000000003E-7,M1,1.3520000000000001E-5,1.498E-5,5.76E-6,1.6E-7,M1,2.31E-5,4.865E-6,2.4000000000000003E-7,6.4E-7,M1,2.245E-5,5.65E-7,2.4000000000000003E-7,6.4E-7,M1,1.1400000000000001E-5,1.454E-5,2.4000000000000003E-7,6.4E-7,M1,9.62E-6,2.1335E-5,2.4000000000000003E-7,6.4E-7,M1,9.66E-6,2.1575E-5,1.6E-7,9.4E-7,M1,8.66E-6,1.805E-6,1.6E-7,2.3E-7,M1,4.04E-6,1.875E-6,4.78E-6,1.6E-7,M1,2.856E-5,1.435E-6,2.4000000000000003E-7,6.4E-7,M1,2.394E-5,1.365E-6,2.4000000000000003E-7,6.4E-7,M1,2.737E-5,2.445E-6,6.4E-7,2.4000000000000003E-7,M1,5.885E-6,2.445E-6,6.4E-7,2.4000000000000003E-7,M1,5.23E-6,2.485E-6,1.055E-6,1.6E-7,M1,1.3880000000000001E-5,1.556E-5,1.6E-7,4.545E-6,M1,1.382E-5,1.9945E-5,2.2E-7,1.6E-7,M1,1.548E-5,1.0340000000000001E-5,2.4000000000000003E-7,6.4E-7,M1,1.344E-5,1.3160000000000001E-5,6.4E-7,2.4000000000000003E-7,M1,2.362E-5,3.725E-6,6.4E-7,2.4000000000000003E-7,M1,1.2105E-5,1.188E-5,6.4E-7,2.4000000000000003E-7,M1,2.134E-5,2.35E-6,1.6E-7,1.44E-6,M1,2.086E-5,3.63E-6,6.4E-7,1.6E-7,M2,2.746E-5,2.0625E-5,2.0E-7,6.0E-7,M2,2.695E-5,2.0625E-5,7.1E-7,2.0E-7,M2,2.6890000000000002E-5,2.0565E-5,1.12E-6,3.2E-7,M2,2.6890000000000002E-5,1.9765E-5,3.2E-7,1.12E-6,M2,2.6890000000000002E-5,9.55E-7,3.2E-7,7.2E-7,M2,1.4E-7,1.7045E-5,3.2E-7,7.2E-7,M2,4.0E-7,2.1005E-5,3.2E-7,7.2E-7,M2,9.42E-6,1.0935E-5,3.2E-7,7.2E-7,M2,9.42E-6,1.114E-5,1.12E-6,3.2E-7,M2,9.42E-6,1.0340000000000001E-5,3.2E-7,1.12E-6,M2,3.208E-5,2.1005E-5,3.2E-7,7.2E-7,M2,3.234E-5,1.7045E-5,3.2E-7,7.2E-7,M2,1.007E-5,5.250000000000001E-7,3.2E-7,7.2E-7,M2,9.42E-6,4.825E-6,3.2E-7,7.2E-7,M2,2.006E-5,1.3180000000000001E-5,6.0E-7,2.0E-7,M2,2.026E-5,1.3180000000000001E-5,2.0E-7,3.285E-6,M2,1.88E-5,1.6265E-5,1.66E-6,2.0E-7,M2,1.88E-5,1.6265E-5,2.0E-7,3.15E-6,M2,1.88E-5,1.9015E-5,2.0E-7,6.0E-7,M2,5.59E-6,9.55E-7,3.2E-7,7.2E-7,M2,5.0800000000000005E-6,2.0565E-5,3.2E-7,7.2E-7,M2,1.868E-5,1.312E-5,7.2E-7,3.2E-7,M2,1.704E-5,1.03E-5,3.2E-7,7.2E-7,M2,2.0015E-5,1.184E-5,7.2E-7,3.2E-7,M2,8.5E-6,3.685E-6,7.2E-7,3.2E-7,M2,2.306E-5,4.825E-6,3.2E-7,7.2E-7,M2,2.241E-5,5.250000000000001E-7,3.2E-7,7.2E-7,M2,1.142E-5,1.456E-5,2.0E-7,6.0E-7,M2,1.142E-5,1.496E-5,2.0E-7,3.57E-6,M2,9.640000000000001E-6,1.833E-5,1.98E-6,2.0E-7,M2,9.640000000000001E-6,1.833E-5,2.0E-7,3.4250000000000002E-6,M2,9.640000000000001E-6,2.1355E-5,2.0E-7,6.0E-7,M2,2.852E-5,1.395E-6,3.2E-7,7.2E-7,M2,2.39E-5,1.795E-6,1.12E-6,3.2E-7,M2,2.39E-5,9.95E-7,3.2E-7,1.12E-6,M2,2.396E-5,1.785E-6,2.0E-7,2.7E-7,M2,2.396E-5,1.385E-6,2.0E-7,6.0E-7,M2,2.739E-5,2.465E-6,6.0E-7,2.0E-7,M2,6.105E-6,2.465E-6,2.1485000000000002E-5,2.0E-7,M2,5.905E-6,2.465E-6,6.0E-7,2.0E-7,M2,1.544E-5,1.03E-5,3.2E-7,7.2E-7,M2,1.34E-5,1.312E-5,7.2E-7,3.2E-7,M2,2.358E-5,3.685E-6,7.2E-7,3.2E-7,M2,1.2065E-5,1.184E-5,7.2E-7,3.2E-7,M3,2.695E-5,2.0625E-5,1.0E-6,2.0E-7,M3,2.695E-5,1.9825E-5,2.0E-7,1.0E-6,M3,2.695E-5,1.415E-6,2.0E-7,1.941E-5,M3,2.695E-5,1.015E-6,2.0E-7,6.0E-7,M3,2.0E-7,1.7105E-5,2.0E-7,6.0E-7,M3,2.0E-7,1.7505E-5,2.0E-7,3.76E-6,M3,2.0E-7,2.1065E-5,4.6E-7,2.0E-7,M3,4.6E-7,2.1065E-5,2.0E-7,6.0E-7,M3,9.48E-6,1.0995E-5,2.0E-7,6.0E-7,M3,9.48E-6,1.1195E-5,2.0E-7,2.05E-7,M3,9.48E-6,1.12E-5,1.0E-6,2.0E-7,M3,9.48E-6,1.04E-5,2.0E-7,1.0E-6,M3,3.214E-5,2.1065E-5,2.0E-7,6.0E-7,M3,3.214E-5,1.7505E-5,2.0E-7,3.76E-6,M3,3.214E-5,1.7505E-5,4.6E-7,2.0E-7,M3,3.24E-5,1.7105E-5,2.0E-7,6.0E-7,M3,1.007E-5,5.250000000000001E-7,3.2E-7,7.2E-7,M3,9.42E-6,4.825E-6,3.2E-7,7.2E-7,M3,5.65E-6,1.015E-6,2.0E-7,6.0E-7,M3,5.65E-6,1.415E-6,2.0E-7,1.941E-5,M3,5.14E-6,2.0625E-5,7.1E-7,2.0E-7,M3,5.14E-6,2.0625E-5,2.0E-7,6.0E-7,M3,1.874E-5,1.3180000000000001E-5,6.0E-7,2.0E-7,M3,1.874E-5,1.076E-5,2.0E-7,2.62E-6,M3,1.71E-5,1.076E-5,1.84E-6,2.0E-7,M3,1.71E-5,1.036E-5,2.0E-7,6.0E-7,M3,2.0015E-5,1.184E-5,7.2E-7,3.2E-7,M3,8.5E-6,3.685E-6,7.2E-7,3.2E-7,M3,2.312E-5,4.885E-6,2.0E-7,6.0E-7,M3,2.247E-5,4.885E-6,8.5E-7,2.0E-7,M3,2.241E-5,4.825E-6,1.12E-6,3.2E-7,M3,2.241E-5,4.0250000000000004E-6,3.2E-7,1.12E-6,M3,2.241E-5,5.250000000000001E-7,3.2E-7,7.2E-7,M3,2.852E-5,1.395E-6,3.2E-7,7.2E-7,M3,2.39E-5,1.795E-6,1.12E-6,3.2E-7,M3,2.39E-5,9.95E-7,3.2E-7,1.12E-6,M3,1.55E-5,1.036E-5,2.0E-7,6.0E-7,M3,1.55E-5,1.076E-5,2.0E-7,2.62E-6,M3,1.3860000000000001E-5,1.3180000000000001E-5,1.84E-6,2.0E-7,M3,1.346E-5,1.3180000000000001E-5,6.0E-7,2.0E-7,M3,2.358E-5,3.685E-6,7.2E-7,3.2E-7,M3,1.2065E-5,1.184E-5,7.2E-7,3.2E-7,M4,1.013E-5,5.85E-7,2.0E-7,6.0E-7,M4,1.013E-5,5.85E-7,2.0E-7,4.5E-6,M4,9.48E-6,4.885E-6,8.5E-7,2.0E-7,M4,9.48E-6,4.885E-6,2.0E-7,6.0E-7,M4,2.0015E-5,1.184E-5,7.2E-7,3.2E-7,M4,8.5E-6,3.685E-6,7.2E-7,3.2E-7,M4,2.247E-5,4.885E-6,1.0E-6,2.0E-7,M4,2.247E-5,4.085E-6,2.0E-7,1.0E-6,M4,2.247E-5,5.85E-7,2.0E-7,4.5E-6,M4,2.247E-5,5.85E-7,2.0E-7,6.0E-7,M4,2.858E-5,1.455E-6,2.0E-7,6.0E-7,M4,2.396E-5,1.855E-6,4.8200000000000004E-6,2.0E-7,M4,2.396E-5,1.855E-6,1.0E-6,2.0E-7,M4,2.396E-5,1.055E-6,2.0E-7,1.0E-6,M4,2.358E-5,3.685E-6,7.2E-7,3.2E-7,M4,1.2065E-5,1.184E-5,7.2E-7,3.2E-7,M5,2.0075E-5,1.19E-5,6.0E-7,2.0E-7,M5,2.0275E-5,3.745E-6,2.0E-7,8.355E-6,M5,8.96E-6,3.745E-6,1.1515E-5,2.0E-7,M5,8.56E-6,3.745E-6,6.0E-7,2.0E-7,M5,2.358E-5,3.685E-6,7.2E-7,3.2E-7,M5,1.2065E-5,1.184E-5,7.2E-7,3.2E-7,M6,2.364E-5,3.745E-6,6.0E-7,2.0E-7,M6,2.364E-5,3.745E-6,2.0E-7,8.355E-6,M6,1.2325E-5,1.19E-5,1.1515E-5,2.0E-7,M6,1.2125E-5,1.19E-5,6.0E-7,2.0E-7,
M1,3.51E-5,1.8195E-5,2.4000000000000003E-7,6.4E-7,M1,3.51E-5,7.2E-7,2.4000000000000003E-7,6.4E-7,M1,2.284E-5,5.405E-6,1.9200000000000003E-6,1.6E-7,M1,1.52E-6,7.2E-7,2.4000000000000003E-7,6.4E-7,M1,1.52E-6,1.8195E-5,2.4000000000000003E-7,6.4E-7,M1,1.8E-7,1.4675000000000001E-5,2.4000000000000003E-7,6.4E-7,M1,4.4E-7,1.8635E-5,2.4000000000000003E-7,6.4E-7,M1,2.1435E-5,1.1705E-5,1.6E-7,7.2E-7,M1,2.1435E-5,1.2265E-5,2.05E-7,1.6E-7,M1,2.232E-5,2.35E-6,5.19E-6,1.6E-7,M1,2.232E-5,2.35E-6,1.6E-7,2.075E-6,M1,2.995E-5,1.365E-6,2.4000000000000003E-7,6.4E-7,M1,3.402E-5,1.8450000000000001E-6,2.4000000000000003E-7,6.4E-7,M1,3.618E-5,1.8635E-5,2.4000000000000003E-7,6.4E-7,M1,3.6440000000000003E-5,1.4675000000000001E-5,2.4000000000000003E-7,6.4E-7,M1,2.018E-5,1.1665000000000001E-5,6.4E-7,2.4000000000000003E-7,M1,1.911E-5,8.845000000000001E-6,2.4000000000000003E-7,6.4E-7,M1,2.15E-5,1.399E-5,6.4E-7,2.4000000000000003E-7,M1,2.478E-5,1.7495E-5,6.4E-7,2.4000000000000003E-7,M1,9.97E-6,1.805E-6,1.692E-5,1.6E-7,M1,2.508E-5,4.225E-6,6.4E-7,2.4000000000000003E-7,M1,1.6495E-5,1.0385E-5,6.4E-7,2.4000000000000003E-7,M1,2.34E-5,1.9585E-5,2.4000000000000003E-7,6.4E-7,M1,2.262E-5,1.303E-5,2.4000000000000003E-7,6.4E-7,M1,2.6E-6,1.8450000000000001E-6,2.4000000000000003E-7,6.4E-7,M1,6.6700000000000005E-6,1.365E-6,2.4000000000000003E-7,6.4E-7,M1,1.612E-5,1.347E-5,4.62E-6,1.6E-7,M1,1.322E-5,1.9585E-5,2.4000000000000003E-7,6.4E-7,M1,1.4E-5,1.303E-5,2.4000000000000003E-7,6.4E-7,M1,1.522E-5,1.1705E-5,1.6E-7,7.2E-7,M1,1.522E-5,1.1705E-5,2.05E-7,1.6E-7,M1,1.2100000000000001E-5,5.405E-6,1.9200000000000003E-6,1.6E-7,M1,2.4560000000000002E-5,5.365E-6,2.4000000000000003E-7,6.4E-7,M1,2.8460000000000002E-5,5.65E-7,2.4000000000000003E-7,6.4E-7,M1,1.114E-5,4.225E-6,6.4E-7,2.4000000000000003E-7,M1,1.9725000000000002E-5,1.0385E-5,6.4E-7,2.4000000000000003E-7,M1,1.751E-5,8.845000000000001E-6,2.4000000000000003E-7,6.4E-7,M1,1.604E-5,1.1665000000000001E-5,6.4E-7,2.4000000000000003E-7,M1,1.206E-5,5.365E-6,2.4000000000000003E-7,6.4E-7,M1,8.16E-6,5.65E-7,2.4000000000000003E-7,6.4E-7,M1,2.71E-6,2.0E-8,6.4E-7,2.4000000000000003E-7,M1,3.328E-5,2.0E-8,6.4E-7,2.4000000000000003E-7,M1,1.144E-5,1.7495E-5,6.4E-7,2.4000000000000003E-7,M1,1.472E-5,1.399E-5,6.4E-7,2.4000000000000003E-7,M1,9.35E-6,2.35E-6,5.19E-6,1.6E-7,M1,1.438E-5,2.35E-6,1.6E-7,2.075E-6,M2,3.512E-5,1.8215E-5,2.0E-7,6.0E-7,M2,3.512E-5,7.4E-7,2.0E-7,1.7675E-5,M2,3.512E-5,7.4E-7,2.0E-7,6.0E-7,M2,1.54E-6,7.4E-7,2.0E-7,6.0E-7,M2,1.54E-6,7.4E-7,2.0E-7,1.7675E-5,M2,1.54E-6,1.8215E-5,2.0E-7,6.0E-7,M2,1.4E-7,1.4635E-5,3.2E-7,7.2E-7,M2,4.0E-7,1.8595E-5,3.2E-7,7.2E-7,M2,2.991E-5,1.325E-6,3.2E-7,7.2E-7,M2,3.398E-5,1.805E-6,3.2E-7,7.2E-7,M2,3.614E-5,1.8595E-5,3.2E-7,7.2E-7,M2,3.6400000000000004E-5,1.4635E-5,3.2E-7,7.2E-7,M2,2.02E-5,1.1685E-5,6.0E-7,2.0E-7,M2,1.913E-5,1.1685E-5,1.2700000000000001E-6,2.0E-7,M2,1.913E-5,9.265E-6,2.0E-7,2.62E-6,M2,1.913E-5,8.865E-6,2.0E-7,6.0E-7,M2,2.152E-5,1.401E-5,6.0E-7,2.0E-7,M2,2.1720000000000002E-5,1.401E-5,2.0E-7,3.705E-6,M2,2.166E-5,1.7455E-5,1.12E-6,3.2E-7,M2,2.166E-5,1.6655E-5,3.2E-7,1.12E-6,M2,2.474E-5,1.7455E-5,7.2E-7,3.2E-7,M2,2.504E-5,4.185E-6,7.2E-7,3.2E-7,M2,1.6455E-5,1.0345E-5,7.2E-7,3.2E-7,M2,2.342E-5,1.9605E-5,2.0E-7,6.0E-7,M2,2.342E-5,1.345E-5,2.0E-7,6.7550000000000005E-6,M2,2.264E-5,1.345E-5,9.8E-7,2.0E-7,M2,2.264E-5,1.305E-5,2.0E-7,6.0E-7,M2,2.56E-6,1.805E-6,3.2E-7,7.2E-7,M2,6.63E-6,1.325E-6,3.2E-7,7.2E-7,M2,1.324E-5,1.9605E-5,2.0E-7,6.0E-7,M2,1.324E-5,1.345E-5,2.0E-7,6.7550000000000005E-6,M2,1.324E-5,1.345E-5,9.8E-7,2.0E-7,M2,1.402E-5,1.305E-5,2.0E-7,6.0E-7,M2,2.4580000000000002E-5,5.385E-6,2.0E-7,6.0E-7,M2,2.4580000000000002E-5,5.385E-6,4.1E-6,2.0E-7,M2,2.8480000000000002E-5,5.85E-7,2.0E-7,5.0E-6,M2,2.8480000000000002E-5,5.85E-7,2.0E-7,6.0E-7,M2,1.116E-5,4.245E-6,6.0E-7,2.0E-7,M2,1.156E-5,4.245E-6,8.585E-6,2.0E-7,M2,1.9945E-5,4.245E-6,2.0E-7,6.36E-6,M2,1.9745E-5,1.0405E-5,6.0E-7,2.0E-7,M2,1.753E-5,8.865E-6,2.0E-7,6.0E-7,M2,1.753E-5,9.265E-6,2.0E-7,2.62E-6,M2,1.747E-5,1.0825E-5,3.2E-7,1.12E-6,M2,1.667E-5,1.1625E-5,1.12E-6,3.2E-7,M2,1.6E-5,1.1625E-5,7.2E-7,3.2E-7,M2,1.208E-5,5.385E-6,2.0E-7,6.0E-7,M2,8.18E-6,5.385E-6,4.1E-6,2.0E-7,M2,8.18E-6,5.85E-7,2.0E-7,5.0E-6,M2,8.18E-6,5.85E-7,2.0E-7,6.0E-7,M2,2.73E-6,4.0E-8,6.0E-7,2.0E-7,M2,2.93E-6,4.0E-8,3.057E-5,2.0E-7,M2,3.33E-5,4.0E-8,6.0E-7,2.0E-7,M2,1.146E-5,1.7515E-5,6.0E-7,2.0E-7,M2,1.166E-5,1.401E-5,2.0E-7,3.705E-6,M2,1.16E-5,1.395E-5,3.2E-7,1.12E-6,M2,1.16E-5,1.395E-5,1.12E-6,3.2E-7,M2,1.468E-5,1.395E-5,7.2E-7,3.2E-7,M3,2.0E-7,1.4695E-5,2.0E-7,6.0E-7,M3,2.0E-7,1.5095E-5,4.6E-7,2.0E-7,M3,4.6E-7,1.5095E-5,2.0E-7,3.76E-6,M3,4.6E-7,1.8655E-5,2.0E-7,6.0E-7,M3,2.997E-5,1.385E-6,2.0E-7,6.0E-7,M3,2.997E-5,1.785E-6,2.0E-7,6.800000000000001E-7,M3,2.997E-5,2.265E-6,4.27E-6,2.0E-7,M3,3.404E-5,1.8650000000000001E-6,2.0E-7,6.0E-7,M3,3.62E-5,1.8655E-5,2.0E-7,6.0E-7,M3,3.62E-5,1.5095E-5,2.0E-7,3.76E-6,M3,3.62E-5,1.5095E-5,4.6E-7,2.0E-7,M3,3.646E-5,1.4695E-5,2.0E-7,6.0E-7,M3,2.1720000000000002E-5,1.7515E-5,1.0E-6,2.0E-7,M3,2.1720000000000002E-5,1.6715000000000002E-5,2.0E-7,1.0E-6,M3,2.1720000000000002E-5,1.7515E-5,3.48E-6,2.0E-7,M3,2.48E-5,1.7515E-5,6.0E-7,2.0E-7,M3,2.51E-5,4.245E-6,6.0E-7,2.0E-7,M3,1.6715000000000002E-5,4.245E-6,8.585E-6,2.0E-7,M3,1.6715000000000002E-5,4.245E-6,2.0E-7,6.36E-6,M3,1.6515E-5,1.0405E-5,6.0E-7,2.0E-7,M3,2.62E-6,1.8650000000000001E-6,2.0E-7,6.0E-7,M3,2.62E-6,1.785E-6,2.0E-7,6.800000000000001E-7,M3,2.62E-6,1.785E-6,4.27E-6,2.0E-7,M3,6.69E-6,1.385E-6,2.0E-7,6.0E-7,M3,1.753E-5,1.0885E-5,2.0E-7,1.0E-6,M3,1.673E-5,1.1685E-5,1.0E-6,2.0E-7,M3,1.646E-5,1.1685E-5,1.2700000000000001E-6,2.0E-7,M3,1.606E-5,1.1685E-5,6.0E-7,2.0E-7,M3,1.166E-5,1.401E-5,2.0E-7,1.0E-6,M3,1.166E-5,1.401E-5,1.0E-6,2.0E-7,M3,1.166E-5,1.401E-5,3.48E-6,2.0E-7,M3,1.474E-5,1.401E-5,6.0E-7,2.0E-7,
M1,2.165E-5,1.5465000000000002E-5,2.4000000000000003E-7,6.4E-7,M1,2.29E-5,2.189E-5,2.4000000000000003E-7,6.4E-7,M1,1.4390000000000001E-5,1.805E-6,4.58E-6,1.6E-7,M1,2.217E-5,1.365E-6,2.4000000000000003E-7,6.4E-7,M1,2.662E-5,1.37E-6,2.4000000000000003E-7,6.4E-7,M1,2.133E-5,2.35E-6,1.8E-7,1.6E-7,M1,2.135E-5,2.35E-6,1.6E-7,1.45E-6,M1,2.081E-5,1.398E-5,1.6E-7,8.6E-7,M1,2.081E-5,1.398E-5,2.85E-7,1.6E-7,M1,1.151E-5,1.5905E-5,1.65E-7,1.6E-7,M1,1.1515E-5,1.5905E-5,8.755E-6,1.6E-7,M1,2.04E-5,1.6605E-5,2.2E-7,1.6E-7,M1,2.04E-5,1.6605E-5,1.6E-7,2.445E-6,M1,1.8E-7,1.603E-5,2.4000000000000003E-7,6.4E-7,M1,4.4E-7,1.999E-5,2.4000000000000003E-7,6.4E-7,M1,3.268E-5,1.999E-5,2.4000000000000003E-7,6.4E-7,M1,3.294E-5,1.603E-5,2.4000000000000003E-7,6.4E-7,M1,1.301E-5,1.394E-5,6.4E-7,2.4000000000000003E-7,M1,1.576E-5,1.112E-5,2.4000000000000003E-7,6.4E-7,M1,1.185E-5,2.35E-6,1.8E-7,1.6E-7,M1,1.185E-5,2.35E-6,1.6E-7,1.45E-6,M1,1.8105E-5,1.266E-5,6.4E-7,2.4000000000000003E-7,M1,8.61E-6,3.6000000000000003E-6,6.4E-7,2.4000000000000003E-7,M1,1.147E-5,1.5465000000000002E-5,2.4000000000000003E-7,6.4E-7,M1,1.022E-5,2.189E-5,2.4000000000000003E-7,6.4E-7,M1,1.095E-5,1.365E-6,2.4000000000000003E-7,6.4E-7,M1,6.5000000000000004E-6,1.37E-6,2.4000000000000003E-7,6.4E-7,M1,3.109E-5,5.7E-7,2.4000000000000003E-7,6.4E-7,M1,3.018E-5,1.955E-5,6.4E-7,2.4000000000000003E-7,M1,2.966E-5,1.959E-5,9.2E-7,1.6E-7,M1,2.411E-5,3.6000000000000003E-6,6.4E-7,2.4000000000000003E-7,M1,1.4615E-5,1.266E-5,6.4E-7,2.4000000000000003E-7,M1,9.57E-6,4.78E-6,1.9200000000000003E-6,1.6E-7,M1,2.567E-5,2.3200000000000002E-6,6.4E-7,2.4000000000000003E-7,M1,7.05E-6,2.3200000000000002E-6,6.4E-7,2.4000000000000003E-7,M1,1.736E-5,1.112E-5,2.4000000000000003E-7,6.4E-7,M1,1.971E-5,1.394E-5,6.4E-7,2.4000000000000003E-7,M1,1.239E-5,1.398E-5,1.6E-7,8.6E-7,M1,1.2265E-5,1.398E-5,2.85E-7,1.6E-7,M1,1.236E-5,1.885E-5,6.4E-7,2.4000000000000003E-7,M1,1.196E-5,1.6565E-5,1.04E-6,2.4000000000000003E-7,M1,1.276E-5,1.6565E-5,2.4000000000000003E-7,1.04E-6,M1,1.274E-5,1.6605E-5,2.2E-7,1.6E-7,M1,9.53E-6,4.78E-6,2.0E-7,1.6E-7,M1,9.53E-6,6.05E-7,1.6E-7,4.335E-6,M1,2.187E-5,4.78E-6,1.9200000000000003E-6,1.6E-7,M1,2.03E-6,5.7E-7,2.4000000000000003E-7,6.4E-7,M1,2.5400000000000002E-6,1.955E-5,6.4E-7,2.4000000000000003E-7,M1,2.78E-6,1.959E-5,9.2E-7,1.6E-7,M1,2.363E-5,4.78E-6,2.0E-7,1.6E-7,M1,2.3670000000000002E-5,6.05E-7,1.6E-7,4.335E-6,M2,2.161E-5,1.5425E-5,3.2E-7,7.2E-7,M2,2.286E-5,2.185E-5,3.2E-7,7.2E-7,M2,2.213E-5,1.325E-6,3.2E-7,7.2E-7,M2,2.658E-5,1.33E-6,3.2E-7,7.2E-7,M2,1.4E-7,1.599E-5,3.2E-7,7.2E-7,M2,4.0E-7,1.995E-5,3.2E-7,7.2E-7,M2,3.264E-5,1.995E-5,3.2E-7,7.2E-7,M2,3.29E-5,1.599E-5,3.2E-7,7.2E-7,M2,1.303E-5,1.396E-5,6.0E-7,2.0E-7,M2,1.343E-5,1.154E-5,2.0E-7,2.62E-6,M2,1.343E-5,1.154E-5,2.55E-6,2.0E-7,M2,1.578E-5,1.114E-5,2.0E-7,6.0E-7,M2,1.8065E-5,1.262E-5,7.2E-7,3.2E-7,M2,1.7465E-5,3.5600000000000002E-6,1.12E-6,3.2E-7,M2,1.8265E-5,3.5600000000000002E-6,3.2E-7,1.12E-6,M2,1.3915E-5,3.62E-6,4.61E-6,2.0E-7,M2,1.3655E-5,3.5600000000000002E-6,7.2E-7,3.2E-7,M2,8.570000000000001E-6,3.5600000000000002E-6,7.2E-7,3.2E-7,M2,1.143E-5,1.5425E-5,3.2E-7,7.2E-7,M2,1.018E-5,2.185E-5,3.2E-7,7.2E-7,M2,1.091E-5,1.325E-6,3.2E-7,7.2E-7,M2,6.46E-6,1.33E-6,3.2E-7,7.2E-7,M2,3.111E-5,5.9E-7,2.0E-7,6.0E-7,M2,3.111E-5,5.9E-7,2.0E-7,1.918E-5,M2,3.04E-5,1.957E-5,9.1E-7,2.0E-7,M2,3.0200000000000002E-5,1.957E-5,6.0E-7,2.0E-7,M2,2.407E-5,3.5600000000000002E-6,7.2E-7,3.2E-7,M2,1.4575E-5,1.262E-5,7.2E-7,3.2E-7,M2,2.569E-5,2.34E-6,6.0E-7,2.0E-7,M2,7.4700000000000005E-6,2.34E-6,1.842E-5,2.0E-7,M2,7.07E-6,2.34E-6,6.0E-7,2.0E-7,M2,1.738E-5,1.114E-5,2.0E-7,6.0E-7,M2,1.738E-5,1.154E-5,2.0E-7,2.62E-6,M2,1.738E-5,1.396E-5,2.55E-6,2.0E-7,M2,1.973E-5,1.396E-5,6.0E-7,2.0E-7,M2,1.238E-5,1.887E-5,6.0E-7,2.0E-7,M2,1.278E-5,1.6585E-5,2.0E-7,2.485E-6,M2,1.198E-5,1.6585E-5,1.0E-6,2.0E-7,M2,1.278E-5,1.6585E-5,2.0E-7,1.0E-6,M2,2.05E-6,5.9E-7,2.0E-7,6.0E-7,M2,2.05E-6,5.9E-7,2.0E-7,1.918E-5,M2,2.05E-6,1.957E-5,9.1E-7,2.0E-7,M2,2.56E-6,1.957E-5,6.0E-7,2.0E-7,M3,2.167E-5,1.5485E-5,2.0E-7,6.0E-7,M3,2.167E-5,1.5885E-5,1.45E-6,2.0E-7,M3,2.292E-5,1.5885E-5,2.0E-7,6.625E-6,M3,2.292E-5,2.1910000000000002E-5,2.0E-7,6.0E-7,M3,2.219E-5,1.385E-6,2.0E-7,6.0E-7,M3,2.219E-5,1.785E-6,4.65E-6,2.0E-7,M3,2.664E-5,1.785E-6,2.0E-7,2.05E-7,M3,2.664E-5,1.39E-6,2.0E-7,6.0E-7,M3,2.0E-7,1.605E-5,2.0E-7,6.0E-7,M3,2.0E-7,1.645E-5,4.6E-7,2.0E-7,M3,4.6E-7,1.645E-5,2.0E-7,3.76E-6,M3,4.6E-7,2.001E-5,2.0E-7,6.0E-7,M3,3.27E-5,2.001E-5,2.0E-7,6.0E-7,M3,3.27E-5,1.645E-5,2.0E-7,3.76E-6,M3,3.27E-5,1.645E-5,4.6E-7,2.0E-7,M3,3.296E-5,1.605E-5,2.0E-7,6.0E-7,M3,1.8125E-5,1.268E-5,6.0E-7,2.0E-7,M3,1.8325E-5,3.62E-6,2.0E-7,9.26E-6,M3,1.7525E-5,3.62E-6,1.0E-6,2.0E-7,M3,1.8325E-5,3.62E-6,2.0E-7,1.0E-6,M3,1.3655E-5,3.5600000000000002E-6,7.2E-7,3.2E-7,M3,8.570000000000001E-6,3.5600000000000002E-6,7.2E-7,3.2E-7,M3,1.149E-5,1.5485E-5,2.0E-7,6.0E-7,M3,1.024E-5,1.5885E-5,1.45E-6,2.0E-7,M3,1.024E-5,1.5885E-5,2.0E-7,6.625E-6,M3,1.024E-5,2.1910000000000002E-5,2.0E-7,6.0E-7,M3,1.097E-5,1.385E-6,2.0E-7,6.0E-7,M3,6.52E-6,1.785E-6,4.65E-6,2.0E-7,M3,6.52E-6,1.785E-6,2.0E-7,2.05E-7,M3,6.52E-6,1.39E-6,2.0E-7,6.0E-7,M3,2.407E-5,3.5600000000000002E-6,7.2E-7,3.2E-7,M3,2.407E-5,1.182E-5,3.2E-7,1.12E-6,M3,2.327E-5,1.262E-5,1.12E-6,3.2E-7,M3,1.9245E-5,1.268E-5,5.0850000000000004E-6,2.0E-7,M3,1.8985000000000002E-5,1.262E-5,7.2E-7,3.2E-7,M3,1.4575E-5,1.262E-5,7.2E-7,3.2E-7,M4,1.3715E-5,3.62E-6,6.0E-7,2.0E-7,M4,9.03E-6,3.62E-6,5.0850000000000004E-6,2.0E-7,M4,8.63E-6,3.62E-6,6.0E-7,2.0E-7,M4,2.413E-5,3.62E-6,6.0E-7,2.0E-7,M4,2.413E-5,3.62E-6,2.0E-7,9.26E-6,M4,2.413E-5,1.188E-5,2.0E-7,1.0E-6,M4,2.3330000000000002E-5,1.268E-5,1.0E-6,2.0E-7,M4,1.8985000000000002E-5,1.262E-5,7.2E-7,3.2E-7,M4,1.4575E-5,1.262E-5,7.2E-7,3.2E-7,M5,1.9045E-5,1.268E-5,6.0E-7,2.0E-7,M5,1.4835000000000001E-5,1.268E-5,4.61E-6,2.0E-7,M5,1.4635E-5,1.268E-5,6.0E-7,2.0E-7,
M1,1.25E-5,1.5975E-5,6.4E-7,2.4000000000000003E-7,M1,1.236E-5,1.893E-5,6.4E-7,2.4000000000000003E-7,M1,1.4390000000000001E-5,1.805E-6,4.58E-6,1.6E-7,M1,2.098E-5,2.197E-5,2.4000000000000003E-7,6.4E-7,M1,2.165E-5,1.4875E-5,2.4000000000000003E-7,6.4E-7,M1,1.309E-5,1.5315E-5,7.18E-6,1.6E-7,M1,3.268E-5,2.007E-5,2.4000000000000003E-7,6.4E-7,M1,3.294E-5,1.611E-5,2.4000000000000003E-7,6.4E-7,M1,4.4E-7,2.007E-5,2.4000000000000003E-7,6.4E-7,M1,1.8E-7,1.611E-5,2.4000000000000003E-7,6.4E-7,M1,1.095E-5,1.365E-6,2.4000000000000003E-7,6.4E-7,M1,6.5000000000000004E-6,1.41E-6,2.4000000000000003E-7,6.4E-7,M1,9.57E-6,4.86E-6,1.9200000000000003E-6,1.6E-7,M1,2.0700000000000002E-5,1.339E-5,2.7E-7,1.6E-7,M1,2.081E-5,1.339E-5,1.6E-7,8.6E-7,M1,8.61E-6,3.68E-6,6.4E-7,2.4000000000000003E-7,M1,1.8105E-5,1.207E-5,6.4E-7,2.4000000000000003E-7,M1,9.57E-6,1.365E-6,1.6E-7,3.655E-6,M1,9.53E-6,1.365E-6,2.0E-7,1.6E-7,M1,2.363E-5,1.365E-6,1.6E-7,3.655E-6,M1,2.363E-5,1.365E-6,2.0E-7,1.6E-7,M1,1.214E-5,2.197E-5,2.4000000000000003E-7,6.4E-7,M1,1.147E-5,1.4875E-5,2.4000000000000003E-7,6.4E-7,M1,2.04E-5,1.6015E-5,1.6E-7,3.1150000000000002E-6,M1,2.04E-5,1.6015E-5,2.2E-7,1.6E-7,M1,2.523E-5,9.7E-7,2.4000000000000003E-7,6.4E-7,M1,2.5115E-5,1.963E-5,6.4E-7,2.4000000000000003E-7,M1,2.5355E-5,1.967E-5,6.25E-7,1.6E-7,M1,2.567E-5,2.0E-8,6.4E-7,2.4000000000000003E-7,M1,9.045E-6,2.0E-8,6.4E-7,2.4000000000000003E-7,M1,7.49E-6,6.000000000000001E-8,1.955E-6,1.6E-7,M1,1.736E-5,1.053E-5,2.4000000000000003E-7,6.4E-7,M1,1.971E-5,1.3350000000000001E-5,6.4E-7,2.4000000000000003E-7,M1,1.185E-5,2.35E-6,1.6E-7,1.53E-6,M1,1.185E-5,2.35E-6,1.8E-7,1.6E-7,M1,1.4615E-5,1.207E-5,6.4E-7,2.4000000000000003E-7,M1,2.411E-5,3.68E-6,6.4E-7,2.4000000000000003E-7,M1,7.89E-6,9.7E-7,2.4000000000000003E-7,6.4E-7,M1,7.605E-6,1.963E-5,6.4E-7,2.4000000000000003E-7,M1,7.3800000000000005E-6,1.967E-5,6.25E-7,1.6E-7,M1,1.576E-5,1.053E-5,2.4000000000000003E-7,6.4E-7,M1,1.301E-5,1.3350000000000001E-5,6.4E-7,2.4000000000000003E-7,M1,1.239E-5,1.409E-5,2.7E-7,1.6E-7,M1,1.25E-5,1.339E-5,1.6E-7,8.6E-7,M1,2.217E-5,1.365E-6,2.4000000000000003E-7,6.4E-7,M1,2.662E-5,1.41E-6,2.4000000000000003E-7,6.4E-7,M1,2.187E-5,4.86E-6,1.9200000000000003E-6,1.6E-7,M1,2.133E-5,2.35E-6,1.8E-7,1.6E-7,M1,2.135E-5,2.35E-6,1.6E-7,1.53E-6,M2,1.252E-5,1.5995000000000002E-5,6.0E-7,2.0E-7,M2,1.272E-5,1.5995000000000002E-5,2.6E-7,2.0E-7,M2,1.1920000000000001E-5,1.5935E-5,1.12E-6,3.2E-7,M2,1.272E-5,1.5935E-5,3.2E-7,1.12E-6,M2,1.232E-5,1.889E-5,7.2E-7,3.2E-7,M2,2.1E-5,2.199E-5,2.0E-7,6.0E-7,M2,2.1E-5,2.239E-5,8.7E-7,2.0E-7,M2,2.167E-5,1.5295000000000002E-5,2.0E-7,7.2950000000000005E-6,M2,2.167E-5,1.4895E-5,2.0E-7,6.0E-7,M2,3.27E-5,2.009E-5,2.0E-7,6.0E-7,M2,3.27E-5,1.653E-5,2.0E-7,3.76E-6,M2,3.27E-5,1.653E-5,4.6E-7,2.0E-7,M2,3.296E-5,1.613E-5,2.0E-7,6.0E-7,M2,4.6E-7,2.009E-5,2.0E-7,6.0E-7,M2,4.6E-7,1.653E-5,2.0E-7,3.76E-6,M2,2.0E-7,1.653E-5,4.6E-7,2.0E-7,M2,2.0E-7,1.613E-5,2.0E-7,6.0E-7,M2,1.091E-5,1.325E-6,3.2E-7,7.2E-7,M2,6.46E-6,1.37E-6,3.2E-7,7.2E-7,M2,8.63E-6,3.7E-6,6.0E-7,2.0E-7,M2,9.03E-6,3.7E-6,9.495E-6,2.0E-7,M2,1.7465E-5,3.64E-6,1.12E-6,3.2E-7,M2,1.8265E-5,3.64E-6,3.2E-7,1.12E-6,M2,1.8065E-5,1.203E-5,7.2E-7,3.2E-7,M2,1.216E-5,2.199E-5,2.0E-7,6.0E-7,M2,1.149E-5,2.239E-5,8.7E-7,2.0E-7,M2,1.149E-5,1.5295000000000002E-5,2.0E-7,7.2950000000000005E-6,M2,1.149E-5,1.4895E-5,2.0E-7,6.0E-7,M2,2.525E-5,9.9E-7,2.0E-7,6.0E-7,M2,2.525E-5,1.39E-6,2.0E-7,1.846E-5,M2,2.525E-5,1.965E-5,2.85E-7,2.0E-7,M2,2.5135E-5,1.965E-5,6.0E-7,2.0E-7,M2,2.569E-5,4.0E-8,6.0E-7,2.0E-7,M2,9.265E-6,4.0E-8,1.6625E-5,2.0E-7,M2,9.065E-6,4.0E-8,6.0E-7,2.0E-7,M2,1.738E-5,1.055E-5,2.0E-7,6.0E-7,M2,1.738E-5,1.095E-5,2.0E-7,2.62E-6,M2,1.738E-5,1.337E-5,2.55E-6,2.0E-7,M2,1.973E-5,1.337E-5,6.0E-7,2.0E-7,M2,1.4575E-5,1.203E-5,7.2E-7,3.2E-7,M2,2.407E-5,3.64E-6,7.2E-7,3.2E-7,M2,7.91E-6,9.9E-7,2.0E-7,6.0E-7,M2,7.91E-6,1.39E-6,2.0E-7,1.846E-5,M2,7.825E-6,1.965E-5,2.85E-7,2.0E-7,M2,7.625E-6,1.965E-5,6.0E-7,2.0E-7,M2,1.578E-5,1.055E-5,2.0E-7,6.0E-7,M2,1.578E-5,1.095E-5,2.0E-7,2.62E-6,M2,1.343E-5,1.337E-5,2.55E-6,2.0E-7,M2,1.303E-5,1.337E-5,6.0E-7,2.0E-7,M2,2.213E-5,1.325E-6,3.2E-7,7.2E-7,M2,2.658E-5,1.37E-6,3.2E-7,7.2E-7,M3,1.1920000000000001E-5,1.5935E-5,1.12E-6,3.2E-7,M3,1.272E-5,1.5935E-5,3.2E-7,1.12E-6,M3,1.232E-5,1.889E-5,7.2E-7,3.2E-7,M3,1.097E-5,1.385E-6,2.0E-7,6.0E-7,M3,6.52E-6,1.785E-6,4.65E-6,2.0E-7,M3,6.52E-6,1.785E-6,2.0E-7,2.45E-7,M3,6.52E-6,1.43E-6,2.0E-7,6.0E-7,M3,1.7525E-5,3.7E-6,1.0E-6,2.0E-7,M3,1.8325E-5,3.7E-6,2.0E-7,1.0E-6,M3,1.8325E-5,3.7E-6,2.0E-7,8.59E-6,M3,1.8125E-5,1.209E-5,6.0E-7,2.0E-7,M3,1.4575E-5,1.203E-5,7.2E-7,3.2E-7,M3,2.407E-5,3.64E-6,7.2E-7,3.2E-7,M3,2.219E-5,1.385E-6,2.0E-7,6.0E-7,M3,2.219E-5,1.785E-6,4.65E-6,2.0E-7,M3,2.664E-5,1.785E-6,2.0E-7,2.45E-7,M3,2.664E-5,1.43E-6,2.0E-7,6.0E-7,M4,1.198E-5,1.5995000000000002E-5,1.0E-6,2.0E-7,M4,1.278E-5,1.5995000000000002E-5,2.0E-7,1.0E-6,M4,1.278E-5,1.5995000000000002E-5,2.0E-7,3.155E-6,M4,1.238E-5,1.895E-5,6.0E-7,2.0E-7,M4,1.4635E-5,1.209E-5,6.0E-7,2.0E-7,M4,1.4835000000000001E-5,3.7E-6,2.0E-7,8.59E-6,M4,1.4835000000000001E-5,3.7E-6,9.495E-6,2.0E-7,M4,2.413E-5,3.7E-6,6.0E-7,2.0E-7,
M1,2.421E-5,2.31E-6,6.4E-7,2.4000000000000003E-7,M1,2.506E-5,3.59E-6,6.4E-7,2.4000000000000003E-7,M1,1.8E-7,1.191E-5,2.4000000000000003E-7,6.4E-7,M1,8.7E-6,1.2595E-5,2.4000000000000003E-7,6.4E-7,M1,6.485E-6,2.0E-8,6.4E-7,2.4000000000000003E-7,M1,2.709E-5,2.0E-8,6.4E-7,2.4000000000000003E-7,M1,2.798E-5,1.2595E-5,2.4000000000000003E-7,6.4E-7,M1,3.65E-5,1.191E-5,2.4000000000000003E-7,6.4E-7,M1,2.996E-5,4.65E-6,1.6E-7,2.8E-7,M1,2.82E-5,4.77E-6,1.9200000000000003E-6,1.6E-7,M1,3.624E-5,2.317E-5,2.4000000000000003E-7,6.4E-7,M1,3.65E-5,1.921E-5,2.4000000000000003E-7,6.4E-7,M1,9.92E-6,1.2195000000000001E-5,2.0E-7,1.6E-7,M1,9.96E-6,1.1635E-5,1.6E-7,7.2E-7,M1,8.52E-6,4.7300000000000005E-6,2.4000000000000003E-7,6.4E-7,M1,1.451E-5,5.65E-7,2.4000000000000003E-7,6.4E-7,M1,4.4E-7,2.317E-5,2.4000000000000003E-7,6.4E-7,M1,1.8E-7,1.921E-5,2.4000000000000003E-7,6.4E-7,M1,1.732E-5,2.5280000000000002E-5,2.28E-6,1.6E-7,M1,1.207E-5,2.31E-6,6.4E-7,2.4000000000000003E-7,M1,1.1220000000000001E-5,3.59E-6,6.4E-7,2.4000000000000003E-7,M1,1.224E-5,8.775E-6,2.4000000000000003E-7,6.4E-7,M1,1.2135E-5,1.1595E-5,6.4E-7,2.4000000000000003E-7,M1,2.68E-5,1.2195000000000001E-5,2.0E-7,1.6E-7,M1,2.68E-5,1.1635E-5,1.6E-7,7.2E-7,M1,3.477E-5,5.05E-7,2.4000000000000003E-7,6.4E-7,M1,3.503E-5,2.273E-5,2.4000000000000003E-7,6.4E-7,M1,2.106E-5,2.35E-6,1.6E-7,7.4E-7,M1,6.28E-6,2.93E-6,1.4940000000000001E-5,1.6E-7,M1,6.28E-6,2.93E-6,1.6E-7,7.4E-7,M1,2.37E-5,1.805E-6,4.42E-6,1.6E-7,M1,2.796E-5,1.745E-6,1.6E-7,2.2E-7,M1,1.117E-5,2.207E-5,5.2E-7,1.6E-7,M1,1.117E-5,1.3955000000000001E-5,1.6E-7,8.275E-6,M1,2.523E-5,2.207E-5,5.2E-7,1.6E-7,M1,2.559E-5,1.3955000000000001E-5,1.6E-7,8.275E-6,M1,1.632E-5,1.805E-6,4.28E-6,1.6E-7,M1,8.8E-6,1.805E-6,4.42E-6,1.6E-7,M1,8.8E-6,1.745E-6,1.6E-7,2.2E-7,M1,1.65E-6,2.273E-5,2.4000000000000003E-7,6.4E-7,M1,1.59E-6,5.05E-7,6.4E-7,2.4000000000000003E-7,M1,1.83E-6,5.45E-7,2.8E-7,1.6E-7,M1,2.4385E-5,9.215E-6,1.6E-7,2.58E-6,M1,2.4385E-5,9.215E-6,2.55E-7,1.6E-7,M1,6.8E-6,4.65E-6,1.6E-7,2.8E-7,M1,6.8E-6,4.77E-6,1.9200000000000003E-6,1.6E-7,M1,2.816E-5,4.7300000000000005E-6,2.4000000000000003E-7,6.4E-7,M1,2.217E-5,5.65E-7,2.4000000000000003E-7,6.4E-7,M1,1.526E-5,2.31E-6,6.4E-7,2.4000000000000003E-7,M1,3.044E-5,3.4700000000000002E-6,6.4E-7,2.4000000000000003E-7,M2,2.417E-5,2.27E-6,7.2E-7,3.2E-7,M2,2.502E-5,3.55E-6,7.2E-7,3.2E-7,M2,1.4E-7,1.187E-5,3.2E-7,7.2E-7,M2,8.66E-6,1.2555000000000001E-5,3.2E-7,7.2E-7,M2,6.505E-6,4.0E-8,6.0E-7,2.0E-7,M2,6.705E-6,4.0E-8,2.0605E-5,2.0E-7,M2,2.711E-5,4.0E-8,6.0E-7,2.0E-7,M2,2.794E-5,1.2555000000000001E-5,3.2E-7,7.2E-7,M2,3.646E-5,1.187E-5,3.2E-7,7.2E-7,M2,3.626E-5,2.319E-5,2.0E-7,6.0E-7,M2,3.626E-5,2.319E-5,4.6E-7,2.0E-7,M2,3.652E-5,1.963E-5,2.0E-7,3.76E-6,M2,3.652E-5,1.923E-5,2.0E-7,6.0E-7,M2,8.48E-6,4.69E-6,3.2E-7,7.2E-7,M2,1.447E-5,5.250000000000001E-7,3.2E-7,7.2E-7,M2,4.6E-7,2.319E-5,2.0E-7,6.0E-7,M2,2.0E-7,2.319E-5,4.6E-7,2.0E-7,M2,2.0E-7,1.963E-5,2.0E-7,3.76E-6,M2,2.0E-7,1.923E-5,2.0E-7,6.0E-7,M2,1.203E-5,2.27E-6,7.2E-7,3.2E-7,M2,1.118E-5,3.55E-6,7.2E-7,3.2E-7,M2,1.22E-5,8.735E-6,3.2E-7,7.2E-7,M2,1.2095E-5,1.1555E-5,7.2E-7,3.2E-7,M2,3.473E-5,4.65E-7,3.2E-7,7.2E-7,M2,3.499E-5,2.269E-5,3.2E-7,7.2E-7,M2,1.61E-6,2.269E-5,3.2E-7,7.2E-7,M2,1.55E-6,4.65E-7,7.2E-7,3.2E-7,M2,2.8120000000000002E-5,4.69E-6,3.2E-7,7.2E-7,M2,2.213E-5,5.250000000000001E-7,3.2E-7,7.2E-7,M2,1.528E-5,2.33E-6,6.0E-7,2.0E-7,M2,1.568E-5,2.33E-6,2.0E-7,7.8E-7,M2,1.568E-5,2.91E-6,1.498E-5,2.0E-7,M2,3.046E-5,2.91E-6,2.0E-7,7.8E-7,M2,3.046E-5,3.49E-6,6.0E-7,2.0E-7,M3,2.423E-5,2.33E-6,6.0E-7,2.0E-7,M3,2.463E-5,2.33E-6,2.0E-7,1.48E-6,M3,2.463E-5,3.61E-6,8.5E-7,2.0E-7,M3,2.508E-5,3.61E-6,6.0E-7,2.0E-7,M3,2.0E-7,1.1930000000000001E-5,2.0E-7,6.0E-7,M3,2.0E-7,1.213E-5,8.72E-6,2.0E-7,M3,8.72E-6,1.213E-5,2.0E-7,6.85E-7,M3,8.72E-6,1.2615E-5,2.0E-7,6.0E-7,M3,2.8E-5,1.2615E-5,2.0E-7,6.0E-7,M3,2.8E-5,1.213E-5,2.0E-7,6.85E-7,M3,2.8E-5,1.213E-5,8.72E-6,2.0E-7,M3,3.652E-5,1.1930000000000001E-5,2.0E-7,6.0E-7,M3,8.54E-6,4.75E-6,2.0E-7,6.0E-7,M3,8.54E-6,4.75E-6,6.19E-6,2.0E-7,M3,1.453E-5,5.85E-7,2.0E-7,4.365E-6,M3,1.453E-5,5.85E-7,2.0E-7,6.0E-7,M3,1.209E-5,2.33E-6,6.0E-7,2.0E-7,M3,1.209E-5,2.33E-6,2.0E-7,1.48E-6,M3,1.144E-5,3.61E-6,8.5E-7,2.0E-7,M3,1.124E-5,3.61E-6,6.0E-7,2.0E-7,M3,1.226E-5,8.795E-6,2.0E-7,6.0E-7,M3,1.226E-5,9.195000000000001E-6,2.95E-7,2.0E-7,M3,1.2355E-5,9.195000000000001E-6,2.0E-7,2.62E-6,M3,1.2155E-5,1.1615E-5,6.0E-7,2.0E-7,M3,3.4790000000000004E-5,5.250000000000001E-7,2.0E-7,6.0E-7,M3,3.4790000000000004E-5,5.250000000000001E-7,4.6E-7,2.0E-7,M3,3.419E-5,4.65E-7,1.12E-6,3.2E-7,M3,3.499E-5,4.65E-7,3.2E-7,1.12E-6,M3,3.499E-5,2.269E-5,3.2E-7,7.2E-7,M3,1.61E-6,2.269E-5,3.2E-7,7.2E-7,M3,1.55E-6,4.65E-7,7.2E-7,3.2E-7,M3,2.818E-5,4.75E-6,2.0E-7,6.0E-7,M3,2.219E-5,4.75E-6,6.19E-6,2.0E-7,M3,2.219E-5,5.85E-7,2.0E-7,4.365E-6,M3,2.219E-5,5.85E-7,2.0E-7,6.0E-7,M4,3.425E-5,5.250000000000001E-7,1.0E-6,2.0E-7,M4,3.505E-5,5.250000000000001E-7,2.0E-7,1.0E-6,M4,3.505E-5,5.250000000000001E-7,2.0E-7,2.2425E-5,M4,3.505E-5,2.275E-5,2.0E-7,6.0E-7,M4,1.67E-6,2.275E-5,2.0E-7,6.0E-7,M4,1.67E-6,5.250000000000001E-7,2.0E-7,2.2425E-5,M4,1.67E-6,5.250000000000001E-7,3.4000000000000003E-7,2.0E-7,M4,1.61E-6,5.250000000000001E-7,6.0E-7,2.0E-7,
M1,2.5090000000000002E-5,1.805E-6,1.9200000000000003E-6,1.6E-7,M1,2.026E-5,1.486E-5,2.17E-6,1.6E-7,M1,2.223E-5,1.402E-5,2.4000000000000003E-7,1.04E-6,M1,2.143E-5,1.482E-5,1.04E-6,2.4000000000000003E-7,M1,2.223E-5,4.63E-6,2.4000000000000003E-7,6.4E-7,M1,2.318E-5,8.49E-6,6.4E-7,2.4000000000000003E-7,M1,3.563E-5,3.9300000000000005E-6,6.4E-7,2.4000000000000003E-7,M1,1.62E-5,1.6E-5,2.28E-6,1.6E-7,M1,3.263E-5,1.556E-5,2.7E-7,1.6E-7,M1,3.263E-5,1.486E-5,1.6E-7,8.6E-7,M1,1.628E-5,1.55E-6,2.4000000000000003E-7,6.4E-7,M1,2.187E-5,1.365E-6,2.4000000000000003E-7,6.4E-7,M1,3.3390000000000004E-5,5.11E-6,1.9200000000000003E-6,1.6E-7,M1,3.335E-5,5.07E-6,2.4000000000000003E-7,6.4E-7,M1,3.134E-5,9.25E-7,2.4000000000000003E-7,6.4E-7,M1,3.026E-5,2.35E-6,1.6E-7,1.7800000000000001E-6,M1,3.026E-5,2.35E-6,2.6E-7,1.6E-7,M1,2.052E-5,9.25E-7,2.4000000000000003E-7,6.4E-7,M1,1.851E-5,5.07E-6,2.4000000000000003E-7,6.4E-7,M1,4.4E-7,1.596E-5,2.4000000000000003E-7,6.4E-7,M1,1.8E-7,1.2E-5,2.4000000000000003E-7,6.4E-7,M1,3.328E-5,2.65E-6,6.4E-7,2.4000000000000003E-7,M1,1.818E-5,2.65E-6,6.4E-7,2.4000000000000003E-7,M1,2.963E-5,4.63E-6,2.4000000000000003E-7,6.4E-7,M1,3.164E-5,1.482E-5,6.4E-7,2.4000000000000003E-7,M1,1.679E-5,5.11E-6,1.9200000000000003E-6,1.6E-7,M1,2.828E-5,8.49E-6,6.4E-7,2.4000000000000003E-7,M1,1.583E-5,3.9300000000000005E-6,6.4E-7,2.4000000000000003E-7,M1,5.168E-5,1.2E-5,2.4000000000000003E-7,6.4E-7,M1,5.142E-5,1.596E-5,2.4000000000000003E-7,6.4E-7,M1,3.08E-6,7.2E-7,2.4000000000000003E-7,6.4E-7,M1,5.42E-6,1.552E-5,2.4000000000000003E-7,6.4E-7,M1,1.99E-5,1.6785E-5,1.23E-5,1.6E-7,M1,4.644E-5,1.552E-5,2.4000000000000003E-7,6.4E-7,M1,4.8780000000000004E-5,7.2E-7,2.4000000000000003E-7,6.4E-7,M1,1.92E-5,1.556E-5,2.7E-7,1.6E-7,M1,1.931E-5,1.486E-5,1.6E-7,8.6E-7,M1,2.134E-5,2.31E-6,6.4E-7,2.4000000000000003E-7,M1,2.154E-5,3.9300000000000005E-6,1.04E-6,2.4000000000000003E-7,M1,2.154E-5,3.13E-6,2.4000000000000003E-7,1.04E-6,M1,2.158E-5,3.97E-6,2.6E-7,1.6E-7,M1,3.31E-5,1.486E-5,3.32E-6,1.6E-7,M1,3.362E-5,1.6E-5,2.28E-6,1.6E-7,M1,1.568E-5,1.486E-5,3.32E-6,1.6E-7,M1,2.999E-5,1.365E-6,2.4000000000000003E-7,6.4E-7,M1,3.558E-5,1.55E-6,2.4000000000000003E-7,6.4E-7,M2,2.2250000000000002E-5,1.4040000000000001E-5,2.0E-7,1.0E-6,M2,2.145E-5,1.484E-5,1.0E-6,2.0E-7,M2,2.2250000000000002E-5,4.65E-6,2.0E-7,1.039E-5,M2,2.2250000000000002E-5,4.65E-6,2.0E-7,6.0E-7,M2,2.3140000000000002E-5,8.45E-6,7.2E-7,3.2E-7,M2,3.559E-5,3.89E-6,7.2E-7,3.2E-7,M2,1.624E-5,1.51E-6,3.2E-7,7.2E-7,M2,2.183E-5,1.325E-6,3.2E-7,7.2E-7,M2,3.331E-5,5.03E-6,3.2E-7,7.2E-7,M2,3.13E-5,8.85E-7,3.2E-7,7.2E-7,M2,2.054E-5,9.450000000000001E-7,2.0E-7,6.0E-7,M2,2.022E-5,1.345E-6,5.2E-7,2.0E-7,M2,2.022E-5,1.345E-6,2.0E-7,3.945E-6,M2,1.853E-5,5.09E-6,1.8900000000000001E-6,2.0E-7,M2,1.853E-5,5.09E-6,2.0E-7,6.0E-7,M2,4.0E-7,1.592E-5,3.2E-7,7.2E-7,M2,1.4E-7,1.196E-5,3.2E-7,7.2E-7,M2,3.324E-5,2.61E-6,7.2E-7,3.2E-7,M2,1.814E-5,2.61E-6,7.2E-7,3.2E-7,M2,2.959E-5,4.59E-6,3.2E-7,7.2E-7,M2,3.16E-5,1.478E-5,7.2E-7,3.2E-7,M2,2.824E-5,8.45E-6,7.2E-7,3.2E-7,M2,1.579E-5,3.89E-6,7.2E-7,3.2E-7,M2,5.164E-5,1.196E-5,3.2E-7,7.2E-7,M2,5.138E-5,1.592E-5,3.2E-7,7.2E-7,M2,3.1E-6,7.4E-7,2.0E-7,6.0E-7,M2,3.1E-6,7.4E-7,2.0E-7,1.5E-5,M2,3.1E-6,1.554E-5,2.5400000000000002E-6,2.0E-7,M2,5.4400000000000004E-6,1.554E-5,2.0E-7,6.0E-7,M2,4.64E-5,1.548E-5,3.2E-7,7.2E-7,M2,4.8740000000000004E-5,6.800000000000001E-7,3.2E-7,7.2E-7,M2,2.136E-5,2.33E-6,6.0E-7,2.0E-7,M2,2.156E-5,2.33E-6,2.0E-7,1.82E-6,M2,2.156E-5,3.95E-6,1.0E-6,2.0E-7,M2,2.156E-5,3.15E-6,2.0E-7,1.0E-6,M2,2.995E-5,1.325E-6,3.2E-7,7.2E-7,M2,3.554E-5,1.51E-6,3.2E-7,7.2E-7,M3,2.3140000000000002E-5,8.45E-6,7.2E-7,3.2E-7,M3,3.559E-5,3.89E-6,7.2E-7,3.2E-7,M3,1.63E-5,1.57E-6,2.0E-7,6.0E-7,M3,1.63E-5,1.97E-6,5.7900000000000005E-6,2.0E-7,M3,2.189E-5,1.785E-6,2.0E-7,3.85E-7,M3,2.189E-5,1.385E-6,2.0E-7,6.0E-7,M3,3.331E-5,5.03E-6,3.2E-7,7.2E-7,M3,3.13E-5,8.85E-7,3.2E-7,7.2E-7,M3,4.6E-7,1.598E-5,2.0E-7,6.0E-7,M3,4.6E-7,1.242E-5,2.0E-7,3.76E-6,M3,2.0E-7,1.242E-5,4.6E-7,2.0E-7,M3,2.0E-7,1.202E-5,2.0E-7,6.0E-7,M3,3.33E-5,2.67E-6,6.0E-7,2.0E-7,M3,1.86E-5,2.67E-6,1.49E-5,2.0E-7,M3,1.8200000000000002E-5,2.67E-6,6.0E-7,2.0E-7,M3,2.965E-5,4.65E-6,2.0E-7,6.0E-7,M3,2.965E-5,4.65E-6,2.0E-7,1.039E-5,M3,2.959E-5,1.478E-5,1.12E-6,3.2E-7,M3,2.959E-5,1.398E-5,3.2E-7,1.12E-6,M3,3.16E-5,1.478E-5,7.2E-7,3.2E-7,M3,2.83E-5,8.51E-6,6.0E-7,2.0E-7,M3,2.85E-5,6.45E-6,2.0E-7,2.26E-6,M3,1.6250000000000002E-5,6.45E-6,1.2450000000000001E-5,2.0E-7,M3,1.6250000000000002E-5,3.95E-6,2.0E-7,2.7E-6,M3,1.585E-5,3.95E-6,6.0E-7,2.0E-7,M3,5.17E-5,1.202E-5,2.0E-7,6.0E-7,M3,5.17E-5,1.242E-5,2.0E-7,3.76E-6,M3,5.144E-5,1.598E-5,4.6E-7,2.0E-7,M3,5.144E-5,1.598E-5,2.0E-7,6.0E-7,M3,4.646E-5,1.554E-5,2.0E-7,6.0E-7,M3,4.646E-5,1.554E-5,2.5400000000000002E-6,2.0E-7,M3,4.88E-5,7.4E-7,2.0E-7,1.5E-5,M3,4.88E-5,7.4E-7,2.0E-7,6.0E-7,M3,3.001E-5,1.385E-6,2.0E-7,6.0E-7,M3,3.001E-5,1.785E-6,2.0E-7,3.85E-7,M3,3.001E-5,1.97E-6,5.7900000000000005E-6,2.0E-7,M3,3.56E-5,1.57E-6,2.0E-7,6.0E-7,M4,2.32E-5,8.51E-6,6.0E-7,2.0E-7,M4,2.34E-5,6.45E-6,2.0E-7,2.26E-6,M4,2.34E-5,6.45E-6,1.2450000000000001E-5,2.0E-7,M4,3.565E-5,3.95E-6,2.0E-7,2.7E-6,M4,3.565E-5,3.95E-6,6.0E-7,2.0E-7,M4,3.337E-5,5.09E-6,2.0E-7,6.0E-7,M4,3.337E-5,1.345E-6,2.0E-7,3.945E-6,M4,3.251E-5,1.285E-6,1.12E-6,3.2E-7,M4,3.331E-5,1.285E-6,3.2E-7,1.12E-6,M4,3.13E-5,8.85E-7,3.2E-7,7.2E-7,M4,2.959E-5,1.478E-5,1.12E-6,3.2E-7,M4,2.959E-5,1.398E-5,3.2E-7,1.12E-6,M4,3.16E-5,1.478E-5,7.2E-7,3.2E-7,M5,3.257E-5,1.345E-6,1.0E-6,2.0E-7,M5,3.337E-5,1.345E-6,2.0E-7,1.0E-6,M5,3.136E-5,1.345E-6,2.21E-6,2.0E-7,M5,3.136E-5,9.450000000000001E-7,2.0E-7,6.0E-7,M5,2.965E-5,1.484E-5,1.0E-6,2.0E-7,M5,2.965E-5,1.4040000000000001E-5,2.0E-7,1.0E-6,M5,2.965E-5,1.484E-5,2.21E-6,2.0E-7,M5,3.166E-5,1.484E-5,6.0E-7,2.0E-7,
M1,2.001E-5,4.985E-6,1.6E-7,7.055E-6,M1,2.001E-5,5.4E-7,1.6E-7,4.605E-6,M1,1.917E-5,5.0E-7,1.04E-6,2.4000000000000003E-7,M1,1.997E-5,5.0E-7,2.4000000000000003E-7,1.04E-6,M1,1.972E-5,5.0E-7,2.4000000000000003E-7,6.4E-7,M1,3.734E-5,1.9200000000000003E-6,2.4000000000000003E-7,6.4E-7,M1,3.189E-5,1.3E-6,2.4000000000000003E-7,6.4E-7,M1,2.4370000000000002E-5,1.828E-5,2.4000000000000003E-7,6.4E-7,M1,2.9065E-5,1.9665E-5,6.4E-7,2.4000000000000003E-7,M1,2.9305E-5,1.9705000000000002E-5,9.65E-7,1.6E-7,M1,2.4750000000000002E-5,2.22E-6,1.6E-7,2.28E-6,M1,2.4390000000000002E-5,2.22E-6,5.2E-7,1.6E-7,M1,1.8E-7,1.6845E-5,2.4000000000000003E-7,6.4E-7,M1,4.4E-7,2.0805E-5,2.4000000000000003E-7,6.4E-7,M1,4.5260000000000004E-5,2.0805E-5,2.4000000000000003E-7,6.4E-7,M1,4.552E-5,1.6845E-5,2.4000000000000003E-7,6.4E-7,M1,1.381E-5,1.3E-6,2.4000000000000003E-7,6.4E-7,M1,8.36E-6,1.9200000000000003E-6,2.4000000000000003E-7,6.4E-7,M1,1.137E-5,1.9705000000000002E-5,3.5100000000000003E-6,1.6E-7,M1,1.004E-5,3.06E-6,2.586E-5,1.6E-7,M1,1.373E-5,2.163E-5,1.6E-7,1.815E-6,M1,1.0860000000000001E-5,2.3285E-5,3.0300000000000002E-6,1.6E-7,M1,2.103E-5,2.22E-6,1.6E-7,2.28E-6,M1,2.103E-5,2.22E-6,5.2E-7,1.6E-7,M1,3.488E-5,2.2845E-5,2.4000000000000003E-7,6.4E-7,M1,3.201E-5,2.1190000000000002E-5,2.4000000000000003E-7,6.4E-7,M1,3.106E-5,1.9705000000000002E-5,2.7E-7,1.6E-7,M1,3.117E-5,1.9705000000000002E-5,1.6E-7,8.6E-7,M1,1.548E-5,5.0E-6,2.4000000000000003E-7,6.4E-7,M1,2.6340000000000002E-5,5.0E-6,6.4E-7,2.4000000000000003E-7,M1,2.658E-5,5.04E-6,3.8400000000000005E-6,1.6E-7,M1,1.773E-5,4.34E-6,7.18E-6,1.6E-7,M1,1.821E-5,1.114E-5,2.4000000000000003E-7,6.4E-7,M1,1.997E-5,1.164E-5,2.4000000000000003E-7,6.4E-7,M1,1.0340000000000001E-5,1.48E-6,2.4000000000000003E-7,6.4E-7,M1,9.97E-6,2.0365E-5,2.4000000000000003E-7,6.4E-7,M1,3.573E-5,2.0365E-5,2.4000000000000003E-7,6.4E-7,M1,3.536E-5,1.48E-6,2.4000000000000003E-7,6.4E-7,M1,2.059E-5,4.3E-6,6.4E-7,2.4000000000000003E-7,M1,2.801E-5,4.3E-6,6.4E-7,2.4000000000000003E-7,M1,1.461E-5,2.0405000000000002E-5,2.7E-7,1.6E-7,M1,1.472E-5,1.9705000000000002E-5,1.6E-7,8.6E-7,M1,2.602E-5,5.4E-7,1.6E-7,4.605E-6,M1,2.602E-5,4.985E-6,1.6E-7,7.055E-6,M1,2.5980000000000002E-5,1.1040000000000001E-5,2.4000000000000003E-7,1.04E-6,M1,2.518E-5,1.184E-5,1.04E-6,2.4000000000000003E-7,M1,2.573E-5,1.164E-5,2.4000000000000003E-7,6.4E-7,M1,2.573E-5,1.164E-5,2.4000000000000003E-7,6.4E-7,M1,2.749E-5,1.114E-5,2.4000000000000003E-7,6.4E-7,M1,2.133E-5,1.828E-5,2.4000000000000003E-7,6.4E-7,M1,1.6235E-5,1.9665E-5,6.4E-7,2.4000000000000003E-7,M1,1.567E-5,1.9705000000000002E-5,9.65E-7,1.6E-7,M1,2.201E-5,9.8E-7,1.9200000000000003E-6,1.6E-7,M1,3.106E-5,1.9705000000000002E-5,3.5100000000000003E-6,1.6E-7,M2,1.913E-5,4.6E-7,1.12E-6,3.2E-7,M2,1.993E-5,4.6E-7,3.2E-7,1.12E-6,M2,1.968E-5,4.6E-7,3.2E-7,7.2E-7,M2,3.73E-5,1.88E-6,3.2E-7,7.2E-7,M2,3.185E-5,1.26E-6,3.2E-7,7.2E-7,M2,2.4390000000000002E-5,1.83E-5,2.0E-7,6.0E-7,M2,2.4390000000000002E-5,1.87E-5,2.0E-7,1.185E-6,M2,2.4390000000000002E-5,1.9685E-5,5.095E-6,2.0E-7,M2,2.9085E-5,1.9685E-5,6.0E-7,2.0E-7,M2,1.4E-7,1.6805E-5,3.2E-7,7.2E-7,M2,4.0E-7,2.0765000000000002E-5,3.2E-7,7.2E-7,M2,4.5220000000000004E-5,2.0765000000000002E-5,3.2E-7,7.2E-7,M2,4.548E-5,1.6805E-5,3.2E-7,7.2E-7,M2,1.377E-5,1.26E-6,3.2E-7,7.2E-7,M2,8.32E-6,1.88E-6,3.2E-7,7.2E-7,M2,3.484E-5,2.2805E-5,3.2E-7,7.2E-7,M2,3.197E-5,2.3205E-5,1.12E-6,3.2E-7,M2,3.197E-5,2.2405E-5,3.2E-7,1.12E-6,M2,3.203E-5,2.161E-5,2.0E-7,1.855E-6,M2,3.203E-5,2.1210000000000002E-5,2.0E-7,6.0E-7,M2,1.55E-5,5.02E-6,2.0E-7,6.0E-7,M2,1.55E-5,5.02E-6,1.126E-5,2.0E-7,M2,2.6360000000000002E-5,5.02E-6,6.0E-7,2.0E-7,M2,1.817E-5,1.11E-5,3.2E-7,7.2E-7,M2,1.993E-5,1.16E-5,3.2E-7,7.2E-7,M2,1.036E-5,1.5E-6,2.0E-7,6.0E-7,M2,1.036E-5,1.9E-6,2.0E-7,1.8685E-5,M2,9.990000000000001E-6,2.0385E-5,5.7E-7,2.0E-7,M2,9.990000000000001E-6,2.0385E-5,2.0E-7,6.0E-7,M2,3.569E-5,2.0325E-5,3.2E-7,7.2E-7,M2,3.532E-5,1.44E-6,3.2E-7,7.2E-7,M2,2.061E-5,4.32E-6,6.0E-7,2.0E-7,M2,2.101E-5,4.32E-6,7.22E-6,2.0E-7,M2,2.803E-5,4.32E-6,6.0E-7,2.0E-7,M2,2.594E-5,1.1E-5,3.2E-7,1.12E-6,M2,2.514E-5,1.18E-5,1.12E-6,3.2E-7,M2,2.569E-5,1.16E-5,3.2E-7,7.2E-7,M2,2.569E-5,1.16E-5,3.2E-7,7.2E-7,M2,2.745E-5,1.11E-5,3.2E-7,7.2E-7,M2,2.135E-5,1.83E-5,2.0E-7,6.0E-7,M2,2.135E-5,1.87E-5,2.0E-7,1.185E-6,M2,1.6455E-5,1.9685E-5,5.095E-6,2.0E-7,M2,1.6255E-5,1.9685E-5,6.0E-7,2.0E-7,M3,1.919E-5,5.2E-7,1.0E-6,2.0E-7,M3,1.999E-5,5.2E-7,2.0E-7,1.0E-6,M3,1.974E-5,5.2E-7,4.5000000000000003E-7,2.0E-7,M3,1.974E-5,5.2E-7,2.0E-7,6.0E-7,M3,3.736E-5,1.94E-6,2.0E-7,6.0E-7,M3,3.191E-5,2.34E-6,5.65E-6,2.0E-7,M3,3.191E-5,1.72E-6,2.0E-7,8.2E-7,M3,3.191E-5,1.32E-6,2.0E-7,6.0E-7,M3,2.0E-7,1.6865000000000002E-5,2.0E-7,6.0E-7,M3,2.0E-7,1.7265E-5,2.0E-7,3.76E-6,M3,2.0E-7,2.0825E-5,4.6E-7,2.0E-7,M3,4.6E-7,2.0825E-5,2.0E-7,6.0E-7,M3,4.528E-5,2.0825E-5,2.0E-7,6.0E-7,M3,4.528E-5,2.0825E-5,4.6E-7,2.0E-7,M3,4.554E-5,1.7265E-5,2.0E-7,3.76E-6,M3,4.554E-5,1.6865000000000002E-5,2.0E-7,6.0E-7,M3,1.383E-5,1.32E-6,2.0E-7,6.0E-7,M3,1.383E-5,1.72E-6,2.0E-7,8.2E-7,M3,8.38E-6,2.34E-6,5.65E-6,2.0E-7,M3,8.38E-6,1.94E-6,2.0E-7,6.0E-7,M3,3.49E-5,2.2865000000000002E-5,2.0E-7,6.0E-7,M3,3.203E-5,2.3265000000000002E-5,3.0700000000000003E-6,2.0E-7,M3,3.203E-5,2.3265000000000002E-5,1.0E-6,2.0E-7,M3,3.203E-5,2.2465E-5,2.0E-7,1.0E-6,M3,1.817E-5,1.11E-5,3.2E-7,7.2E-7,M3,1.993E-5,1.16E-5,3.2E-7,7.2E-7,M3,3.575E-5,2.0385E-5,2.0E-7,6.0E-7,M3,3.575E-5,1.9E-6,2.0E-7,1.8685E-5,M3,3.5380000000000003E-5,1.9E-6,5.7E-7,2.0E-7,M3,3.5380000000000003E-5,1.5E-6,2.0E-7,6.0E-7,M3,2.6000000000000002E-5,1.106E-5,2.0E-7,1.0E-6,M3,2.52E-5,1.186E-5,1.0E-6,2.0E-7,M3,2.575E-5,1.186E-5,4.5000000000000003E-7,2.0E-7,M3,2.575E-5,1.166E-5,2.0E-7,6.0E-7,M3,2.575E-5,1.166E-5,2.0E-7,6.0E-7,M3,2.575E-5,1.136E-5,2.0E-7,7.0E-7,M3,2.575E-5,1.136E-5,1.96E-6,2.0E-7,M3,2.751E-5,1.116E-5,2.0E-7,6.0E-7,M4,1.823E-5,1.116E-5,2.0E-7,6.0E-7,M4,1.823E-5,1.136E-5,1.96E-6,2.0E-7,M4,1.999E-5,1.136E-5,2.0E-7,7.0E-7,M4,1.999E-5,1.166E-5,2.0E-7,6.0E-7,
M1,1.667E-5,8.845000000000001E-6,2.4000000000000003E-7,6.4E-7,M1,1.554E-5,1.1075E-5,2.4000000000000003E-7,6.4E-7,M1,1.558E-5,1.1315000000000001E-5,1.6E-7,5.5E-7,M1,3.2900000000000003E-6,7.2E-7,2.4000000000000003E-7,6.4E-7,M1,3.32E-6,1.8195E-5,2.4000000000000003E-7,6.4E-7,M1,1.827E-5,8.845000000000001E-6,2.4000000000000003E-7,6.4E-7,M1,1.94E-5,1.1075E-5,2.4000000000000003E-7,6.4E-7,M1,1.944E-5,1.1315000000000001E-5,1.6E-7,5.5E-7,M1,2.206E-5,5.405E-6,1.9200000000000003E-6,1.6E-7,M1,1.116E-5,1.002E-5,2.4000000000000003E-7,6.4E-7,M1,7.71E-6,5.65E-7,2.4000000000000003E-7,6.4E-7,M1,2.5235E-5,2.0685E-5,6.4E-7,2.4000000000000003E-7,M1,2.0415E-5,1.1665000000000001E-5,6.4E-7,2.4000000000000003E-7,M1,2.378E-5,1.002E-5,2.4000000000000003E-7,6.4E-7,M1,2.7230000000000002E-5,5.65E-7,2.4000000000000003E-7,6.4E-7,M1,4.4E-7,1.8635E-5,2.4000000000000003E-7,6.4E-7,M1,1.8E-7,1.4675000000000001E-5,2.4000000000000003E-7,6.4E-7,M1,2.869E-5,1.365E-6,2.4000000000000003E-7,6.4E-7,M1,3.26E-5,1.8450000000000001E-6,2.4000000000000003E-7,6.4E-7,M1,3.376E-5,2.0E-8,6.4E-7,2.4000000000000003E-7,M1,2.55E-6,2.0E-8,6.4E-7,2.4000000000000003E-7,M1,1.4060000000000001E-5,1.1705E-5,1.6E-7,7.2E-7,M1,1.4060000000000001E-5,1.2265E-5,4.2E-7,1.6E-7,M1,3.476E-5,1.4675000000000001E-5,2.4000000000000003E-7,6.4E-7,M1,3.45E-5,1.8635E-5,2.4000000000000003E-7,6.4E-7,M1,2.34E-6,1.8450000000000001E-6,2.4000000000000003E-7,6.4E-7,M1,6.25E-6,1.365E-6,2.4000000000000003E-7,6.4E-7,M1,2.43E-5,1.6215E-5,6.4E-7,2.4000000000000003E-7,M1,1.4685000000000001E-5,4.225E-6,6.4E-7,2.4000000000000003E-7,M1,1.9E-5,1.1705E-5,1.6E-7,1.485E-6,M1,1.9E-5,1.1705E-5,1.815E-6,1.6E-7,M1,1.12E-5,5.405E-6,1.9200000000000003E-6,1.6E-7,M1,1.4125000000000001E-5,1.1665000000000001E-5,6.4E-7,2.4000000000000003E-7,M1,9.305E-6,2.0685E-5,6.4E-7,2.4000000000000003E-7,M1,2.1720000000000002E-5,1.9585E-5,2.4000000000000003E-7,6.4E-7,M1,2.1720000000000002E-5,1.6595E-5,2.4000000000000003E-7,6.4E-7,M1,2.1760000000000002E-5,1.347E-5,1.6E-7,3.525E-6,M1,2.1760000000000002E-5,1.347E-5,2.8E-7,1.6E-7,M1,2.154E-5,2.35E-6,1.6E-7,2.075E-6,M1,2.15E-5,2.31E-6,2.4000000000000003E-7,1.04E-6,M1,2.15E-5,2.31E-6,1.04E-6,2.4000000000000003E-7,M1,2.611E-5,2.31E-6,6.4E-7,2.4000000000000003E-7,M1,9.49E-6,1.805E-6,1.62E-5,1.6E-7,M1,1.9855E-5,4.225E-6,6.4E-7,2.4000000000000003E-7,M1,1.217E-5,1.6215E-5,6.4E-7,2.4000000000000003E-7,M1,1.068E-5,1.6255E-5,1.8900000000000001E-6,1.6E-7,M1,1.314E-5,1.347E-5,6.82E-6,1.6E-7,M1,3.1650000000000004E-5,7.2E-7,2.4000000000000003E-7,6.4E-7,M1,3.162E-5,1.8195E-5,2.4000000000000003E-7,6.4E-7,M1,8.43E-6,2.31E-6,6.4E-7,2.4000000000000003E-7,M1,1.344E-5,4.225E-6,6.4E-7,2.4000000000000003E-7,M1,1.322E-5,1.9585E-5,2.4000000000000003E-7,6.4E-7,M1,1.322E-5,1.6595E-5,2.4000000000000003E-7,6.4E-7,M1,1.326E-5,1.347E-5,1.6E-7,3.525E-6,M1,1.314E-5,1.347E-5,2.8E-7,1.6E-7,M2,1.669E-5,8.865E-6,2.0E-7,6.0E-7,M2,1.556E-5,9.265E-6,1.33E-6,2.0E-7,M2,1.556E-5,9.265E-6,2.0E-7,2.2300000000000002E-6,M2,1.556E-5,1.1095E-5,2.0E-7,6.0E-7,M2,3.2500000000000002E-6,6.800000000000001E-7,3.2E-7,7.2E-7,M2,3.28E-6,1.8155E-5,3.2E-7,7.2E-7,M2,1.829E-5,8.865E-6,2.0E-7,6.0E-7,M2,1.829E-5,9.265E-6,1.33E-6,2.0E-7,M2,1.942E-5,9.265E-6,2.0E-7,2.2300000000000002E-6,M2,1.942E-5,1.1095E-5,2.0E-7,6.0E-7,M2,1.118E-5,1.004E-5,2.0E-7,6.0E-7,M2,7.73E-6,1.024E-5,3.65E-6,2.0E-7,M2,7.73E-6,5.85E-7,2.0E-7,9.855E-6,M2,7.73E-6,5.85E-7,2.0E-7,6.0E-7,M2,2.5195000000000002E-5,2.0645E-5,7.2E-7,3.2E-7,M2,2.0375E-5,1.1625E-5,7.2E-7,3.2E-7,M2,2.38E-5,1.004E-5,2.0E-7,6.0E-7,M2,2.38E-5,1.024E-5,3.65E-6,2.0E-7,M2,2.725E-5,5.85E-7,2.0E-7,9.855E-6,M2,2.725E-5,5.85E-7,2.0E-7,6.0E-7,M2,4.6E-7,1.8655E-5,2.0E-7,6.0E-7,M2,2.0E-7,1.8655E-5,4.6E-7,2.0E-7,M2,2.0E-7,1.5095E-5,2.0E-7,3.76E-6,M2,2.0E-7,1.4695E-5,2.0E-7,6.0E-7,M2,2.871E-5,1.385E-6,2.0E-7,6.0E-7,M2,2.871E-5,1.785E-6,2.0E-7,6.800000000000001E-7,M2,2.871E-5,2.265E-6,4.1100000000000005E-6,2.0E-7,M2,3.262E-5,1.8650000000000001E-6,2.0E-7,6.0E-7,M2,3.372E-5,-2.0E-8,7.2E-7,3.2E-7,M2,2.51E-6,-2.0E-8,7.2E-7,3.2E-7,M2,3.472E-5,1.4635E-5,3.2E-7,7.2E-7,M2,3.446E-5,1.8595E-5,3.2E-7,7.2E-7,M2,2.36E-6,1.8650000000000001E-6,2.0E-7,6.0E-7,M2,2.36E-6,1.785E-6,2.0E-7,6.800000000000001E-7,M2,2.36E-6,1.785E-6,4.1100000000000005E-6,2.0E-7,M2,6.27E-6,1.385E-6,2.0E-7,6.0E-7,M2,2.426E-5,1.6175E-5,7.2E-7,3.2E-7,M2,1.4645E-5,4.185E-6,7.2E-7,3.2E-7,M2,1.4085E-5,1.1625E-5,7.2E-7,3.2E-7,M2,9.265E-6,2.0645E-5,7.2E-7,3.2E-7,M2,2.1740000000000002E-5,1.9605E-5,2.0E-7,6.0E-7,M2,2.1740000000000002E-5,1.6815E-5,2.0E-7,3.39E-6,M2,2.1740000000000002E-5,1.6615E-5,2.0E-7,6.0E-7,M2,2.152E-5,2.33E-6,2.0E-7,1.0E-6,M2,2.152E-5,2.33E-6,1.0E-6,2.0E-7,M2,2.152E-5,2.33E-6,4.81E-6,2.0E-7,M2,2.6130000000000002E-5,2.33E-6,6.0E-7,2.0E-7,M2,1.9815E-5,4.185E-6,7.2E-7,3.2E-7,M2,1.213E-5,1.6175E-5,7.2E-7,3.2E-7,M2,3.1610000000000004E-5,6.800000000000001E-7,3.2E-7,7.2E-7,M2,3.158E-5,1.8155E-5,3.2E-7,7.2E-7,M2,8.45E-6,2.33E-6,6.0E-7,2.0E-7,M2,8.85E-6,2.33E-6,2.0E-7,2.115E-6,M2,8.85E-6,4.245E-6,4.81E-6,2.0E-7,M2,1.346E-5,4.245E-6,6.0E-7,2.0E-7,M2,1.324E-5,1.9605E-5,2.0E-7,6.0E-7,M2,1.324E-5,1.6815E-5,2.0E-7,3.39E-6,M2,1.324E-5,1.6615E-5,2.0E-7,6.0E-7,M3,3.2500000000000002E-6,6.800000000000001E-7,3.2E-7,7.2E-7,M3,3.28E-6,5.425E-6,3.2E-7,7.2E-7,M3,3.34E-6,5.685E-6,2.0E-7,1.273E-5,M3,3.34E-6,1.8215E-5,2.0E-7,6.0E-7,M3,2.5255E-5,2.0705E-5,6.0E-7,2.0E-7,M3,2.5455E-5,1.1685E-5,2.0E-7,9.22E-6,M3,2.0635E-5,1.1685E-5,5.02E-6,2.0E-7,M3,2.0435E-5,1.1685E-5,6.0E-7,2.0E-7,M3,3.378E-5,4.0E-8,6.0E-7,2.0E-7,M3,2.97E-6,4.0E-8,3.141E-5,2.0E-7,M3,2.57E-6,4.0E-8,6.0E-7,2.0E-7,M3,3.478E-5,1.4695E-5,2.0E-7,6.0E-7,M3,3.478E-5,1.5095E-5,2.0E-7,3.76E-6,M3,3.452E-5,1.8655E-5,4.6E-7,2.0E-7,M3,3.452E-5,1.8655E-5,2.0E-7,6.0E-7,M3,2.426E-5,1.6175E-5,7.2E-7,3.2E-7,M3,1.4645E-5,4.185E-6,7.2E-7,3.2E-7,M3,1.4145000000000001E-5,1.1685E-5,6.0E-7,2.0E-7,M3,1.4345E-5,1.1685E-5,2.0E-7,9.22E-6,M3,9.525E-6,2.0705E-5,5.02E-6,2.0E-7,M3,9.325E-6,2.0705E-5,6.0E-7,2.0E-7,M3,1.9815E-5,4.185E-6,7.2E-7,3.2E-7,M3,1.213E-5,1.6175E-5,7.2E-7,3.2E-7,M3,3.1610000000000004E-5,6.800000000000001E-7,3.2E-7,7.2E-7,M3,3.158E-5,5.425E-6,3.2E-7,7.2E-7,M3,3.164E-5,5.685E-6,2.0E-7,1.273E-5,M3,3.164E-5,1.8215E-5,2.0E-7,6.0E-7,M4,3.31E-6,7.4E-7,2.0E-7,6.0E-7,M4,3.31E-6,7.4E-7,2.3E-7,2.0E-7,M4,3.34E-6,7.4E-7,2.0E-7,5.145E-6,M4,3.34E-6,5.485E-6,2.0E-7,6.0E-7,M4,2.426E-5,1.6175E-5,7.2E-7,3.2E-7,M4,1.4645E-5,4.185E-6,7.2E-7,3.2E-7,M4,1.9815E-5,4.185E-6,7.2E-7,3.2E-7,M4,1.213E-5,1.6175E-5,7.2E-7,3.2E-7,M4,3.167E-5,7.4E-7,2.0E-7,6.0E-7,M4,3.164E-5,7.4E-7,2.3E-7,2.0E-7,M4,3.164E-5,7.4E-7,2.0E-7,5.145E-6,M4,3.164E-5,5.485E-6,2.0E-7,6.0E-7,M5,2.426E-5,1.6175E-5,7.2E-7,3.2E-7,M5,1.4645E-5,4.185E-6,7.2E-7,3.2E-7,M5,1.9875000000000002E-5,4.245E-6,6.0E-7,2.0E-7,M5,2.0075E-5,4.245E-6,2.0E-7,1.219E-5,M5,2.0015E-5,1.5375E-5,3.2E-7,1.12E-6,M5,1.9215E-5,1.6175E-5,1.12E-6,3.2E-7,M5,1.213E-5,1.6175E-5,7.2E-7,3.2E-7,M6,2.432E-5,1.6235E-5,6.0E-7,2.0E-7,M6,2.432E-5,4.245E-6,2.0E-7,1.219E-5,M6,2.262E-5,4.145E-6,2.0E-6,4.0E-7,M6,2.4220000000000002E-5,4.145E-6,4.0E-7,2.0E-6,M6,1.4405E-5,4.145E-6,1.2E-6,4.0E-7,M6,1.9975E-5,1.4535E-5,4.0E-7,2.0E-6,M6,1.8375E-5,1.6135E-5,2.0E-6,4.0E-7,M6,1.189E-5,1.6135E-5,1.2E-6,4.0E-7,M7,2.262E-5,4.145E-6,2.0E-6,4.0E-7,M7,2.4220000000000002E-5,4.145E-6,4.0E-7,2.0E-6,M7,1.4405E-5,4.145E-6,1.2E-6,4.0E-7,M7,1.9975E-5,1.4535E-5,4.0E-7,2.0E-6,M7,1.8375E-5,1.6135E-5,2.0E-6,4.0E-7,M7,1.2290000000000001E-5,1.6135E-5,8.085E-6,4.0E-7,M7,1.189E-5,1.6135E-5,1.2E-6,4.0E-7,M8,2.262E-5,4.145E-6,2.0E-6,4.0E-7,M8,2.4220000000000002E-5,4.145E-6,4.0E-7,2.0E-6,M8,1.4805E-5,4.145E-6,9.815E-6,4.0E-7,M8,1.4405E-5,4.145E-6,1.2E-6,4.0E-7,
M1,2.164E-5,2.35E-6,1.6E-7,1.79E-6,M1,1.3520000000000001E-5,1.485E-5,6.54E-6,1.6E-7,M1,2.216E-5,5.12E-6,1.9200000000000003E-6,1.6E-7,M1,1.8E-7,1.6385E-5,2.4000000000000003E-7,6.4E-7,M1,4.4E-7,2.0345E-5,2.4000000000000003E-7,6.4E-7,M1,1.178E-5,2.35E-6,1.6E-7,1.79E-6,M1,1.2425E-5,1.2980000000000001E-5,6.4E-7,2.4000000000000003E-7,M1,5.065E-6,1.9205E-5,6.4E-7,2.4000000000000003E-7,M1,9.5E-6,1.365E-6,1.6E-7,3.915E-6,M1,9.5E-6,1.365E-6,7.900000000000001E-7,1.6E-7,M1,3.129E-5,7.2E-7,2.4000000000000003E-7,6.4E-7,M1,3.017E-5,1.9905E-5,2.4000000000000003E-7,6.4E-7,M1,1.3880000000000001E-5,1.302E-5,2.19E-6,1.6E-7,M1,1.587E-5,1.218E-5,2.4000000000000003E-7,1.04E-6,M1,1.507E-5,1.2980000000000001E-5,1.04E-6,2.4000000000000003E-7,M1,1.587E-5,1.0160000000000001E-5,2.4000000000000003E-7,6.4E-7,M1,8.54E-6,3.94E-6,6.4E-7,2.4000000000000003E-7,M1,1.8245E-5,1.17E-5,6.4E-7,2.4000000000000003E-7,M1,1.262E-5,1.302E-5,2.05E-7,1.6E-7,M1,1.262E-5,1.302E-5,1.6E-7,7.900000000000001E-7,M1,2.519E-5,2.66E-6,6.4E-7,2.4000000000000003E-7,M1,7.75E-6,2.66E-6,6.4E-7,2.4000000000000003E-7,M1,2.185E-5,1.365E-6,2.4000000000000003E-7,6.4E-7,M1,2.646E-5,1.56E-6,2.4000000000000003E-7,6.4E-7,M1,2.392E-5,1.365E-6,1.6E-7,3.915E-6,M1,2.329E-5,1.365E-6,7.900000000000001E-7,1.6E-7,M1,3.316E-5,1.6385E-5,2.4000000000000003E-7,6.4E-7,M1,3.29E-5,2.0345E-5,2.4000000000000003E-7,6.4E-7,M1,1.481E-5,1.045E-6,3.96E-6,1.6E-7,M1,1.444E-5,2.168E-5,4.7E-6,1.6E-7,M1,2.44E-5,3.94E-6,6.4E-7,2.4000000000000003E-7,M1,1.4695E-5,1.17E-5,6.4E-7,2.4000000000000003E-7,M1,2.136E-5,1.548E-5,1.6E-7,3.925E-6,M1,2.136E-5,1.9245E-5,4.55E-7,1.6E-7,M1,9.5E-6,5.12E-6,1.9200000000000003E-6,1.6E-7,M1,2.0755E-5,1.365E-5,2.05E-7,1.6E-7,M1,2.0755E-5,1.302E-5,1.6E-7,7.900000000000001E-7,M1,2.05E-6,7.2E-7,2.4000000000000003E-7,6.4E-7,M1,3.17E-6,1.9905E-5,2.4000000000000003E-7,6.4E-7,M1,1.986E-5,1.4410000000000001E-5,2.4000000000000003E-7,6.4E-7,M1,1.894E-5,2.0345E-5,2.4000000000000003E-7,6.4E-7,M1,1.747E-5,1.0160000000000001E-5,2.4000000000000003E-7,6.4E-7,M1,1.95E-5,1.2980000000000001E-5,6.4E-7,2.4000000000000003E-7,M1,1.149E-5,1.365E-6,2.4000000000000003E-7,6.4E-7,M1,6.88E-6,1.56E-6,2.4000000000000003E-7,6.4E-7,M2,2.0E-7,1.6405E-5,2.0E-7,6.0E-7,M2,2.0E-7,1.6805E-5,2.0E-7,3.76E-6,M2,2.0E-7,2.0365E-5,4.6E-7,2.0E-7,M2,4.6E-7,2.0365E-5,2.0E-7,6.0E-7,M2,1.2385000000000001E-5,1.294E-5,7.2E-7,3.2E-7,M2,5.025E-6,1.9165E-5,7.2E-7,3.2E-7,M2,3.1310000000000003E-5,7.4E-7,2.0E-7,6.0E-7,M2,3.1310000000000003E-5,7.4E-7,2.0E-7,1.9385E-5,M2,3.019E-5,1.9925E-5,1.32E-6,2.0E-7,M2,3.019E-5,1.9925E-5,2.0E-7,6.0E-7,M2,1.583E-5,1.214E-5,3.2E-7,1.12E-6,M2,1.503E-5,1.294E-5,1.12E-6,3.2E-7,M2,1.583E-5,1.012E-5,3.2E-7,7.2E-7,M2,8.5E-6,3.9E-6,7.2E-7,3.2E-7,M2,1.7605000000000002E-5,9.270000000000001E-6,1.12E-6,3.2E-7,M2,1.8405E-5,9.270000000000001E-6,3.2E-7,1.12E-6,M2,1.8465E-5,9.33E-6,2.0E-7,2.59E-6,M2,1.8265E-5,1.172E-5,6.0E-7,2.0E-7,M2,2.521E-5,2.68E-6,6.0E-7,2.0E-7,M2,8.17E-6,2.68E-6,1.724E-5,2.0E-7,M2,7.77E-6,2.68E-6,6.0E-7,2.0E-7,M2,2.187E-5,1.385E-6,2.0E-7,6.0E-7,M2,2.187E-5,1.785E-6,2.0E-7,3.9500000000000003E-7,M2,2.187E-5,1.98E-6,4.81E-6,2.0E-7,M2,2.648E-5,1.5800000000000001E-6,2.0E-7,6.0E-7,M2,3.318E-5,1.6405E-5,2.0E-7,6.0E-7,M2,3.318E-5,1.6805E-5,2.0E-7,3.76E-6,M2,3.292E-5,2.0365E-5,4.6E-7,2.0E-7,M2,3.292E-5,2.0365E-5,2.0E-7,6.0E-7,M2,2.436E-5,3.9E-6,7.2E-7,3.2E-7,M2,1.4655000000000001E-5,1.166E-5,7.2E-7,3.2E-7,M2,2.07E-6,7.4E-7,2.0E-7,6.0E-7,M2,2.07E-6,7.4E-7,2.0E-7,1.9385E-5,M2,2.07E-6,1.9925E-5,1.32E-6,2.0E-7,M2,3.19E-6,1.9925E-5,2.0E-7,6.0E-7,M2,1.982E-5,1.437E-5,3.2E-7,7.2E-7,M2,1.8900000000000002E-5,2.0305E-5,3.2E-7,7.2E-7,M2,1.743E-5,1.012E-5,3.2E-7,7.2E-7,M2,1.946E-5,1.294E-5,7.2E-7,3.2E-7,M2,1.151E-5,1.385E-6,2.0E-7,6.0E-7,M2,1.151E-5,1.785E-6,2.0E-7,3.9500000000000003E-7,M2,6.9E-6,1.98E-6,4.81E-6,2.0E-7,M2,6.9E-6,1.5800000000000001E-6,2.0E-7,6.0E-7,M3,1.2445E-5,1.3000000000000001E-5,6.0E-7,2.0E-7,M3,1.2645E-5,1.3000000000000001E-5,2.0E-7,6.425E-6,M3,5.285E-6,1.9225E-5,7.5600000000000005E-6,2.0E-7,M3,5.0850000000000004E-6,1.9225E-5,6.0E-7,2.0E-7,M3,1.5890000000000002E-5,1.22E-5,2.0E-7,1.0E-6,M3,1.509E-5,1.3000000000000001E-5,1.0E-6,2.0E-7,M3,1.5890000000000002E-5,1.058E-5,2.0E-7,2.62E-6,M3,1.5890000000000002E-5,1.018E-5,2.0E-7,6.0E-7,M3,8.5E-6,3.9E-6,7.2E-7,3.2E-7,M3,8.9E-6,9.270000000000001E-6,1.12E-6,3.2E-7,M3,8.9E-6,8.47E-6,3.2E-7,1.12E-6,M3,8.96E-6,9.33E-6,9.705E-6,2.0E-7,M3,1.7665E-5,9.33E-6,1.0E-6,2.0E-7,M3,1.8465E-5,9.33E-6,2.0E-7,1.0E-6,M3,2.436E-5,3.9E-6,7.2E-7,3.2E-7,M3,1.4655000000000001E-5,1.166E-5,7.2E-7,3.2E-7,M3,1.988E-5,1.443E-5,2.0E-7,6.0E-7,M3,1.988E-5,1.483E-5,2.0E-7,5.735E-6,M3,1.896E-5,2.0365E-5,1.12E-6,2.0E-7,M3,1.896E-5,2.0365E-5,2.0E-7,6.0E-7,M3,1.749E-5,1.018E-5,2.0E-7,6.0E-7,M3,1.749E-5,1.058E-5,2.0E-7,2.62E-6,M3,1.743E-5,1.294E-5,1.12E-6,3.2E-7,M3,1.743E-5,1.214E-5,3.2E-7,1.12E-6,M3,1.946E-5,1.294E-5,7.2E-7,3.2E-7,M4,8.56E-6,3.96E-6,6.0E-7,2.0E-7,M4,8.96E-6,3.96E-6,2.0E-7,5.57E-6,M4,8.96E-6,9.33E-6,1.0E-6,2.0E-7,M4,8.96E-6,8.53E-6,2.0E-7,1.0E-6,M4,2.436E-5,3.9E-6,7.2E-7,3.2E-7,M4,2.436E-5,1.0860000000000001E-5,3.2E-7,1.12E-6,M4,2.356E-5,1.166E-5,1.12E-6,3.2E-7,M4,1.4915E-5,1.172E-5,9.705E-6,2.0E-7,M4,1.4715E-5,1.172E-5,6.0E-7,2.0E-7,M4,1.749E-5,1.3000000000000001E-5,1.0E-6,2.0E-7,M4,1.749E-5,1.22E-5,2.0E-7,1.0E-6,M4,1.749E-5,1.3000000000000001E-5,2.2300000000000002E-6,2.0E-7,M4,1.952E-5,1.3000000000000001E-5,6.0E-7,2.0E-7,M5,2.442E-5,3.96E-6,6.0E-7,2.0E-7,M5,2.442E-5,3.96E-6,2.0E-7,7.96E-6,M5,2.442E-5,1.092E-5,2.0E-7,1.0E-6,M5,2.362E-5,1.172E-5,1.0E-6,2.0E-7,
M1,1.674E-5,9.7E-6,2.4000000000000003E-7,6.4E-7,M1,1.8885E-5,1.252E-5,6.4E-7,2.4000000000000003E-7,M1,1.9600000000000002E-5,1.326E-5,2.7E-7,1.6E-7,M1,1.9600000000000002E-5,1.256E-5,1.6E-7,8.6E-7,M1,2.0195E-5,1.5185000000000001E-5,1.6E-7,4.835E-6,M1,1.9835E-5,1.5185000000000001E-5,5.2E-7,1.6E-7,M1,2.301E-5,1.8540000000000002E-5,6.4E-7,2.4000000000000003E-7,M1,1.3555E-5,1.124E-5,6.4E-7,2.4000000000000003E-7,M1,1.244E-5,1.0E-6,2.4000000000000003E-7,6.4E-7,M1,1.3870000000000001E-5,1.014E-5,2.4000000000000003E-7,6.4E-7,M1,2.077E-5,4.76E-6,1.9200000000000003E-6,1.6E-7,M1,1.8445E-5,3.58E-6,6.4E-7,2.4000000000000003E-7,M1,1.8645000000000002E-5,2.1000000000000002E-6,2.4000000000000003E-7,1.04E-6,M1,1.8645000000000002E-5,2.1000000000000002E-6,1.04E-6,2.4000000000000003E-7,M1,1.8685E-5,2.14E-6,2.55E-7,1.6E-7,M1,1.084E-5,9.2E-7,2.4000000000000003E-7,6.4E-7,M1,1.167E-5,2.052E-5,2.4000000000000003E-7,6.4E-7,M1,3.1440000000000004E-5,2.096E-5,2.4000000000000003E-7,6.4E-7,M1,3.17E-5,1.7E-5,2.4000000000000003E-7,6.4E-7,M1,1.4060000000000001E-5,1.44E-6,4.0E-6,1.6E-7,M1,4.4E-7,2.096E-5,2.4000000000000003E-7,6.4E-7,M1,1.8E-7,1.7E-5,2.4000000000000003E-7,6.4E-7,M1,9.43E-6,4.76E-6,1.9200000000000003E-6,1.6E-7,M1,1.294E-5,2.1000000000000002E-6,6.4E-7,2.4000000000000003E-7,M1,1.3035E-5,3.58E-6,6.4E-7,2.4000000000000003E-7,M1,1.0E-5,2.0E-8,6.4E-7,2.4000000000000003E-7,M1,2.148E-5,2.0E-8,6.4E-7,2.4000000000000003E-7,M1,1.2835E-5,1.256E-5,2.505E-6,1.6E-7,M1,1.514E-5,1.172E-5,2.4000000000000003E-7,1.04E-6,M1,1.434E-5,1.252E-5,1.04E-6,2.4000000000000003E-7,M1,1.514E-5,9.7E-6,2.4000000000000003E-7,6.4E-7,M1,1.225E-5,1.256E-5,2.7E-7,1.6E-7,M1,1.225E-5,1.256E-5,1.6E-7,8.6E-7,M1,1.2120000000000001E-5,1.252E-5,6.4E-7,2.4000000000000003E-7,M1,7.22E-6,1.982E-5,6.4E-7,2.4000000000000003E-7,M1,2.718E-5,1.3600000000000001E-6,2.4000000000000003E-7,6.4E-7,M1,1.7860000000000002E-5,1.0E-6,2.4000000000000003E-7,6.4E-7,M1,1.402E-5,1.0E-6,2.4000000000000003E-7,6.4E-7,M1,4.7E-6,1.3600000000000001E-6,2.4000000000000003E-7,6.4E-7,M1,8.47E-6,1.8540000000000002E-5,6.4E-7,2.4000000000000003E-7,M1,1.7925000000000002E-5,1.124E-5,6.4E-7,2.4000000000000003E-7,M1,1.8010000000000002E-5,1.014E-5,2.4000000000000003E-7,6.4E-7,M1,1.944E-5,1.0E-6,2.4000000000000003E-7,6.4E-7,M1,1.295E-5,1.4485000000000001E-5,6.22E-6,1.6E-7,M1,1.444E-5,2.273E-5,3.24E-6,1.6E-7,M1,1.752E-5,1.4485000000000001E-5,1.6E-7,8.405E-6,M1,1.752E-5,1.4485000000000001E-5,1.65E-6,1.6E-7,M1,2.021E-5,2.052E-5,2.4000000000000003E-7,6.4E-7,M1,2.1040000000000002E-5,9.2E-7,2.4000000000000003E-7,6.4E-7,M2,1.67E-5,9.66E-6,3.2E-7,7.2E-7,M2,1.8845E-5,1.248E-5,7.2E-7,3.2E-7,M2,2.2970000000000002E-5,1.85E-5,7.2E-7,3.2E-7,M2,1.3515E-5,1.12E-5,7.2E-7,3.2E-7,M2,1.24E-5,9.600000000000001E-7,3.2E-7,7.2E-7,M2,1.24E-5,1.05E-5,1.12E-6,3.2E-7,M2,1.24E-5,9.7E-6,3.2E-7,1.12E-6,M2,1.2460000000000001E-5,1.056E-5,1.63E-6,2.0E-7,M2,1.389E-5,1.0160000000000001E-5,2.0E-7,6.0E-7,M2,1.8465E-5,3.6000000000000003E-6,6.0E-7,2.0E-7,M2,1.8665000000000002E-5,2.12E-6,2.0E-7,1.68E-6,M2,1.8665000000000002E-5,2.12E-6,2.0E-7,1.0E-6,M2,1.8665000000000002E-5,2.12E-6,1.0E-6,2.0E-7,M2,1.08E-5,8.8E-7,3.2E-7,7.2E-7,M2,1.163E-5,2.048E-5,3.2E-7,7.2E-7,M2,3.14E-5,2.092E-5,3.2E-7,7.2E-7,M2,3.166E-5,1.696E-5,3.2E-7,7.2E-7,M2,4.0E-7,2.092E-5,3.2E-7,7.2E-7,M2,1.4E-7,1.696E-5,3.2E-7,7.2E-7,M2,1.296E-5,2.12E-6,6.0E-7,2.0E-7,M2,1.3160000000000001E-5,2.12E-6,2.95E-7,2.0E-7,M2,1.3255000000000001E-5,2.12E-6,2.0E-7,1.68E-6,M2,1.3055E-5,3.6000000000000003E-6,6.0E-7,2.0E-7,M2,1.002E-5,4.0E-8,6.0E-7,2.0E-7,M2,1.042E-5,4.0E-8,1.128E-5,2.0E-7,M2,2.15E-5,4.0E-8,6.0E-7,2.0E-7,M2,1.5100000000000001E-5,1.168E-5,3.2E-7,1.12E-6,M2,1.43E-5,1.248E-5,1.12E-6,3.2E-7,M2,1.5100000000000001E-5,9.66E-6,3.2E-7,7.2E-7,M2,1.214E-5,1.254E-5,6.0E-7,2.0E-7,M2,7.44E-6,1.254E-5,5.1E-6,2.0E-7,M2,7.44E-6,1.254E-5,2.0E-7,7.5E-6,M2,7.24E-6,1.984E-5,6.0E-7,2.0E-7,M2,2.714E-5,1.32E-6,3.2E-7,7.2E-7,M2,1.782E-5,9.600000000000001E-7,3.2E-7,7.2E-7,M2,1.398E-5,9.600000000000001E-7,3.2E-7,7.2E-7,M2,7.88E-6,9.2E-7,3.2E-7,1.12E-6,M2,7.08E-6,1.72E-6,1.12E-6,3.2E-7,M2,4.72E-6,1.7800000000000001E-6,3.42E-6,2.0E-7,M2,4.72E-6,1.3800000000000001E-6,2.0E-7,6.0E-7,M2,8.49E-6,1.8560000000000002E-5,6.0E-7,2.0E-7,M2,8.89E-6,1.8560000000000002E-5,9.455E-6,2.0E-7,M2,1.8145E-5,1.126E-5,2.0E-7,7.5E-6,M2,1.7945000000000002E-5,1.126E-5,6.0E-7,2.0E-7,M2,1.797E-5,1.01E-5,3.2E-7,7.2E-7,M2,1.94E-5,9.600000000000001E-7,3.2E-7,7.2E-7,M2,2.023E-5,2.054E-5,2.0E-7,6.0E-7,M2,2.023E-5,2.054E-5,1.03E-6,2.0E-7,M2,2.106E-5,1.34E-6,2.0E-7,1.94E-5,M2,2.106E-5,9.4E-7,2.0E-7,6.0E-7,M3,1.67E-5,9.66E-6,3.2E-7,7.2E-7,M3,1.8845E-5,1.248E-5,7.2E-7,3.2E-7,M3,2.303E-5,1.8560000000000002E-5,6.0E-7,2.0E-7,M3,1.3775000000000001E-5,1.8560000000000002E-5,9.455E-6,2.0E-7,M3,1.3775000000000001E-5,1.126E-5,2.0E-7,7.5E-6,M3,1.3575E-5,1.126E-5,6.0E-7,2.0E-7,M3,1.2460000000000001E-5,1.02E-6,2.0E-7,6.0E-7,M3,1.2460000000000001E-5,1.42E-6,2.0E-7,9.34E-6,M3,1.2460000000000001E-5,1.056E-5,1.0E-6,2.0E-7,M3,1.2460000000000001E-5,9.76E-6,2.0E-7,1.0E-6,M3,1.08E-5,8.8E-7,3.2E-7,7.2E-7,M3,1.163E-5,2.048E-5,3.2E-7,7.2E-7,M3,3.146E-5,2.098E-5,2.0E-7,6.0E-7,M3,3.146E-5,2.098E-5,4.6E-7,2.0E-7,M3,3.172E-5,1.742E-5,2.0E-7,3.76E-6,M3,3.172E-5,1.702E-5,2.0E-7,6.0E-7,M3,4.6E-7,2.098E-5,2.0E-7,6.0E-7,M3,2.0E-7,2.098E-5,4.6E-7,2.0E-7,M3,2.0E-7,1.742E-5,2.0E-7,3.76E-6,M3,2.0E-7,1.702E-5,2.0E-7,6.0E-7,M3,1.5100000000000001E-5,1.168E-5,3.2E-7,1.12E-6,M3,1.43E-5,1.248E-5,1.12E-6,3.2E-7,M3,1.5100000000000001E-5,9.66E-6,3.2E-7,7.2E-7,M3,2.72E-5,1.3800000000000001E-6,2.0E-7,6.0E-7,M3,2.72E-5,1.42E-6,2.0E-7,5.6E-7,M3,2.6340000000000002E-5,1.3600000000000001E-6,1.12E-6,3.2E-7,M3,2.714E-5,1.3600000000000001E-6,3.2E-7,1.12E-6,M3,1.782E-5,9.600000000000001E-7,3.2E-7,7.2E-7,M3,1.398E-5,9.600000000000001E-7,3.2E-7,7.2E-7,M3,7.88E-6,1.3600000000000001E-6,3.2E-7,1.12E-6,M3,7.88E-6,1.3600000000000001E-6,1.12E-6,3.2E-7,M3,7.94E-6,1.42E-6,2.0E-7,5.6E-7,M3,7.94E-6,9.8E-7,2.0E-7,1.0E-6,M3,7.14E-6,1.7800000000000001E-6,1.0E-6,2.0E-7,M3,1.8030000000000002E-5,1.0160000000000001E-5,2.0E-7,6.0E-7,M3,1.8030000000000002E-5,1.056E-5,1.63E-6,2.0E-7,M3,1.946E-5,1.42E-6,2.0E-7,9.34E-6,M3,1.946E-5,1.02E-6,2.0E-7,6.0E-7,M4,1.676E-5,9.72E-6,2.0E-7,6.0E-7,M4,1.676E-5,1.012E-5,2.0E-7,2.62E-6,M4,1.676E-5,1.254E-5,2.545E-6,2.0E-7,M4,1.8905E-5,1.254E-5,6.0E-7,2.0E-7,M4,1.0860000000000001E-5,9.4E-7,2.0E-7,6.0E-7,M4,1.0860000000000001E-5,1.34E-6,2.0E-7,1.94E-5,M4,1.0860000000000001E-5,2.054E-5,1.03E-6,2.0E-7,M4,1.169E-5,2.054E-5,2.0E-7,6.0E-7,M4,1.5100000000000001E-5,1.168E-5,3.2E-7,1.12E-6,M4,1.43E-5,1.248E-5,1.12E-6,3.2E-7,M4,1.5100000000000001E-5,9.66E-6,3.2E-7,7.2E-7,M4,2.64E-5,1.42E-6,1.0E-6,2.0E-7,M4,2.72E-5,1.42E-6,2.0E-7,1.0E-6,M4,1.788E-5,1.42E-6,9.52E-6,2.0E-7,M4,1.788E-5,1.02E-6,2.0E-7,6.0E-7,M4,1.398E-5,9.600000000000001E-7,3.2E-7,7.2E-7,M4,7.88E-6,1.3600000000000001E-6,3.2E-7,1.12E-6,M4,7.88E-6,1.3600000000000001E-6,1.12E-6,3.2E-7,M5,1.516E-5,1.174E-5,2.0E-7,1.0E-6,M5,1.436E-5,1.254E-5,1.0E-6,2.0E-7,M5,1.516E-5,1.012E-5,2.0E-7,2.62E-6,M5,1.516E-5,9.72E-6,2.0E-7,6.0E-7,M5,1.398E-5,9.600000000000001E-7,3.2E-7,7.2E-7,M5,7.88E-6,1.3600000000000001E-6,3.2E-7,1.12E-6,M5,7.88E-6,1.3600000000000001E-6,1.12E-6,3.2E-7,M6,1.4040000000000001E-5,1.02E-6,2.0E-7,6.0E-7,M6,7.94E-6,1.42E-6,6.3E-6,2.0E-7,M6,7.94E-6,1.42E-6,2.0E-7,1.0E-6,M6,7.94E-6,1.42E-6,1.0E-6,2.0E-7,
M1,2.744E-5,2.0605E-5,2.4000000000000003E-7,6.4E-7,M1,2.693E-5,9.95E-7,2.4000000000000003E-7,6.4E-7,M1,1.8E-7,1.7085E-5,2.4000000000000003E-7,6.4E-7,M1,4.4E-7,2.1045E-5,2.4000000000000003E-7,6.4E-7,M1,1.262E-5,1.32E-5,1.6E-7,7.4E-7,M1,1.262E-5,1.32E-5,2.05E-7,1.6E-7,M1,1.13E-5,2.35E-6,1.6E-7,1.44E-6,M1,1.13E-5,3.63E-6,6.4E-7,1.6E-7,M1,9.460000000000001E-6,1.0975E-5,2.4000000000000003E-7,6.4E-7,M1,9.460000000000001E-6,1.118E-5,1.04E-6,2.4000000000000003E-7,M1,9.460000000000001E-6,1.038E-5,2.4000000000000003E-7,1.04E-6,M1,9.5E-6,1.1220000000000001E-5,1.9200000000000003E-6,1.6E-7,M1,3.212E-5,2.1045E-5,2.4000000000000003E-7,6.4E-7,M1,3.238E-5,1.7085E-5,2.4000000000000003E-7,6.4E-7,M1,1.1920000000000001E-5,1.805E-6,8.96E-6,1.6E-7,M1,2.134E-5,1.078E-5,2.4000000000000003E-7,6.4E-7,M1,2.134E-5,1.1175E-5,2.4000000000000003E-7,1.04E-6,M1,2.134E-5,1.1175E-5,1.04E-6,2.4000000000000003E-7,M1,2.1380000000000002E-5,1.1215E-5,1.9200000000000003E-6,1.6E-7,M1,1.326E-5,2.2355000000000002E-5,6.28E-6,1.6E-7,M1,7.23E-6,9.25E-7,2.4000000000000003E-7,6.4E-7,M1,9.460000000000001E-6,4.865E-6,2.4000000000000003E-7,6.4E-7,M1,2.004E-5,1.3160000000000001E-5,6.4E-7,2.4000000000000003E-7,M1,1.878E-5,1.9905E-5,6.4E-7,2.4000000000000003E-7,M1,5.63E-6,9.95E-7,2.4000000000000003E-7,6.4E-7,M1,5.12E-6,2.0605E-5,2.4000000000000003E-7,6.4E-7,M1,1.872E-5,1.3160000000000001E-5,6.4E-7,2.4000000000000003E-7,M1,1.708E-5,1.0340000000000001E-5,2.4000000000000003E-7,6.4E-7,M1,1.9975E-5,1.32E-5,1.6E-7,7.4E-7,M1,1.9975E-5,1.378E-5,2.05E-7,1.6E-7,M1,1.949E-5,1.188E-5,6.4E-7,2.4000000000000003E-7,M1,5.935E-6,3.725E-6,6.4E-7,2.4000000000000003E-7,M1,1.3520000000000001E-5,1.498E-5,5.76E-6,1.6E-7,M1,2.31E-5,4.865E-6,2.4000000000000003E-7,6.4E-7,M1,2.533E-5,9.25E-7,2.4000000000000003E-7,6.4E-7,M1,1.1400000000000001E-5,1.454E-5,2.4000000000000003E-7,6.4E-7,M1,9.62E-6,2.1915E-5,2.4000000000000003E-7,6.4E-7,M1,8.66E-6,1.805E-6,1.6E-7,2.3E-7,M1,4.04E-6,1.875E-6,4.78E-6,1.6E-7,M1,2.398E-5,1.875E-6,4.78E-6,1.6E-7,M1,2.394E-5,1.835E-6,1.04E-6,2.4000000000000003E-7,M1,2.394E-5,1.035E-6,2.4000000000000003E-7,1.04E-6,M1,2.394E-5,1.365E-6,2.4000000000000003E-7,6.4E-7,M1,2.789E-5,2.445E-6,6.4E-7,2.4000000000000003E-7,M1,6.635E-6,2.445E-6,6.4E-7,2.4000000000000003E-7,M1,5.23E-6,2.485E-6,1.805E-6,1.6E-7,M1,1.3880000000000001E-5,1.556E-5,1.6E-7,4.545E-6,M1,1.382E-5,1.9945E-5,2.2E-7,1.6E-7,M1,1.548E-5,1.0340000000000001E-5,2.4000000000000003E-7,6.4E-7,M1,1.344E-5,1.3160000000000001E-5,6.4E-7,2.4000000000000003E-7,M1,2.6225E-5,3.725E-6,6.4E-7,2.4000000000000003E-7,M1,1.267E-5,1.188E-5,6.4E-7,2.4000000000000003E-7,M1,2.134E-5,2.35E-6,1.6E-7,1.44E-6,M1,2.086E-5,3.63E-6,6.4E-7,1.6E-7,M2,2.7400000000000002E-5,2.0565E-5,3.2E-7,7.2E-7,M2,2.6890000000000002E-5,9.55E-7,3.2E-7,7.2E-7,M2,1.4E-7,1.7045E-5,3.2E-7,7.2E-7,M2,4.0E-7,2.1005E-5,3.2E-7,7.2E-7,M2,9.48E-6,1.0995E-5,2.0E-7,6.0E-7,M2,9.48E-6,1.1195E-5,2.0E-7,2.05E-7,M2,9.48E-6,1.12E-5,1.0E-6,2.0E-7,M2,9.48E-6,1.04E-5,2.0E-7,1.0E-6,M2,3.208E-5,2.1005E-5,3.2E-7,7.2E-7,M2,3.234E-5,1.7045E-5,3.2E-7,7.2E-7,M2,2.13E-5,1.074E-5,3.2E-7,7.2E-7,M2,2.13E-5,1.1135000000000001E-5,3.2E-7,1.12E-6,M2,2.13E-5,1.1135000000000001E-5,1.12E-6,3.2E-7,M2,7.19E-6,8.85E-7,3.2E-7,7.2E-7,M2,9.42E-6,4.825E-6,3.2E-7,7.2E-7,M2,2.0E-5,1.312E-5,7.2E-7,3.2E-7,M2,1.874E-5,1.9865E-5,7.2E-7,3.2E-7,M2,5.59E-6,9.55E-7,3.2E-7,7.2E-7,M2,5.0800000000000005E-6,2.0565E-5,3.2E-7,7.2E-7,M2,1.868E-5,1.312E-5,7.2E-7,3.2E-7,M2,1.704E-5,1.03E-5,3.2E-7,7.2E-7,M2,1.9450000000000002E-5,1.184E-5,7.2E-7,3.2E-7,M2,1.885E-5,3.685E-6,1.12E-6,3.2E-7,M2,1.965E-5,3.685E-6,3.2E-7,1.12E-6,M2,6.155E-6,3.745E-6,1.3755E-5,2.0E-7,M2,5.955E-6,3.745E-6,6.0E-7,2.0E-7,M2,2.306E-5,4.825E-6,3.2E-7,7.2E-7,M2,2.529E-5,8.85E-7,3.2E-7,7.2E-7,M2,1.136E-5,1.45E-5,3.2E-7,7.2E-7,M2,9.58E-6,2.1875E-5,3.2E-7,7.2E-7,M2,2.396E-5,1.855E-6,1.0E-6,2.0E-7,M2,2.396E-5,1.055E-6,2.0E-7,1.0E-6,M2,2.396E-5,1.785E-6,2.0E-7,2.7E-7,M2,2.396E-5,1.385E-6,2.0E-7,6.0E-7,M2,2.7910000000000002E-5,2.465E-6,6.0E-7,2.0E-7,M2,6.8550000000000004E-6,2.465E-6,2.1455E-5,2.0E-7,M2,6.655E-6,2.465E-6,6.0E-7,2.0E-7,M2,1.544E-5,1.03E-5,3.2E-7,7.2E-7,M2,1.38E-5,1.0700000000000001E-5,3.2E-7,1.12E-6,M2,1.38E-5,1.0700000000000001E-5,1.12E-6,3.2E-7,M2,1.3860000000000001E-5,1.076E-5,2.0E-7,2.62E-6,M2,1.346E-5,1.3180000000000001E-5,6.0E-7,2.0E-7,M2,2.6185E-5,3.685E-6,7.2E-7,3.2E-7,M2,2.6385E-5,8.71E-6,3.2E-7,1.12E-6,M2,2.5585E-5,9.51E-6,1.12E-6,3.2E-7,M2,1.289E-5,9.57E-6,1.3755E-5,2.0E-7,M2,1.283E-5,9.51E-6,3.2E-7,1.12E-6,M2,1.283E-5,9.51E-6,1.12E-6,3.2E-7,M2,1.2630000000000001E-5,1.184E-5,7.2E-7,3.2E-7,M3,2.7400000000000002E-5,2.0565E-5,3.2E-7,7.2E-7,M3,2.6890000000000002E-5,9.55E-7,3.2E-7,7.2E-7,M3,2.0E-7,1.7105E-5,2.0E-7,6.0E-7,M3,2.0E-7,1.7505E-5,4.6E-7,2.0E-7,M3,4.6E-7,1.7505E-5,2.0E-7,3.76E-6,M3,4.6E-7,2.1065E-5,2.0E-7,6.0E-7,M3,3.214E-5,2.1065E-5,2.0E-7,6.0E-7,M3,3.214E-5,1.7505E-5,2.0E-7,3.76E-6,M3,3.214E-5,1.7505E-5,4.6E-7,2.0E-7,M3,3.24E-5,1.7105E-5,2.0E-7,6.0E-7,M3,2.13E-5,1.074E-5,3.2E-7,7.2E-7,M3,2.13E-5,1.1135000000000001E-5,3.2E-7,1.12E-6,M3,2.13E-5,1.1135000000000001E-5,1.12E-6,3.2E-7,M3,7.25E-6,9.450000000000001E-7,2.0E-7,6.0E-7,M3,7.25E-6,1.345E-6,2.43E-6,2.0E-7,M3,8.62E-6,1.285E-6,1.12E-6,3.2E-7,M3,9.42E-6,1.285E-6,3.2E-7,1.12E-6,M3,9.42E-6,4.825E-6,3.2E-7,7.2E-7,M3,2.006E-5,1.3180000000000001E-5,6.0E-7,2.0E-7,M3,1.88E-5,1.3180000000000001E-5,1.66E-6,2.0E-7,M3,1.88E-5,1.3180000000000001E-5,2.0E-7,6.945E-6,M3,1.88E-5,1.9925E-5,6.0E-7,2.0E-7,M3,5.65E-6,1.015E-6,2.0E-7,6.0E-7,M3,5.65E-6,1.415E-6,2.0E-7,1.941E-5,M3,5.14E-6,2.0625E-5,7.1E-7,2.0E-7,M3,5.14E-6,2.0625E-5,2.0E-7,6.0E-7,M3,1.868E-5,1.312E-5,7.2E-7,3.2E-7,M3,1.704E-5,1.03E-5,3.2E-7,7.2E-7,M3,1.9450000000000002E-5,1.184E-5,7.2E-7,3.2E-7,M3,1.965E-5,9.31E-6,3.2E-7,7.2E-7,M3,1.971E-5,3.745E-6,2.0E-7,6.025E-6,M3,1.891E-5,3.745E-6,1.0E-6,2.0E-7,M3,1.971E-5,3.745E-6,2.0E-7,1.0E-6,M3,2.306E-5,4.825E-6,3.2E-7,7.2E-7,M3,2.306E-5,1.285E-6,3.2E-7,1.12E-6,M3,2.306E-5,1.285E-6,1.12E-6,3.2E-7,M3,2.312E-5,1.345E-6,2.43E-6,2.0E-7,M3,2.535E-5,9.450000000000001E-7,2.0E-7,6.0E-7,M3,1.142E-5,1.456E-5,2.0E-7,6.0E-7,M3,9.640000000000001E-6,1.496E-5,1.98E-6,2.0E-7,M3,9.640000000000001E-6,1.496E-5,2.0E-7,7.575E-6,M3,9.640000000000001E-6,2.1935E-5,2.0E-7,6.0E-7,M3,1.544E-5,1.03E-5,3.2E-7,7.2E-7,M3,1.38E-5,1.0700000000000001E-5,3.2E-7,1.12E-6,M3,1.38E-5,1.0700000000000001E-5,1.12E-6,3.2E-7,M3,2.6245E-5,3.745E-6,6.0E-7,2.0E-7,M3,2.6445000000000002E-5,3.745E-6,2.0E-7,6.025E-6,M3,2.6445000000000002E-5,8.77E-6,2.0E-7,1.0E-6,M3,2.5645E-5,9.57E-6,1.0E-6,2.0E-7,M3,1.283E-5,9.51E-6,3.2E-7,1.12E-6,M3,1.283E-5,9.51E-6,1.12E-6,3.2E-7,M3,1.2630000000000001E-5,1.184E-5,7.2E-7,3.2E-7,M4,2.746E-5,2.0625E-5,2.0E-7,6.0E-7,M4,2.695E-5,2.0625E-5,7.1E-7,2.0E-7,M4,2.695E-5,1.415E-6,2.0E-7,1.941E-5,M4,2.695E-5,1.015E-6,2.0E-7,6.0E-7,M4,2.136E-5,1.08E-5,2.0E-7,6.0E-7,M4,2.136E-5,1.1195E-5,2.0E-7,2.05E-7,M4,2.136E-5,1.1195E-5,2.0E-7,1.0E-6,M4,2.136E-5,1.1195E-5,1.0E-6,2.0E-7,M4,8.68E-6,1.345E-6,1.0E-6,2.0E-7,M4,9.48E-6,1.345E-6,2.0E-7,1.0E-6,M4,9.48E-6,1.345E-6,2.0E-7,3.74E-6,M4,9.48E-6,4.885E-6,2.0E-7,6.0E-7,M4,1.874E-5,1.3180000000000001E-5,6.0E-7,2.0E-7,M4,1.874E-5,1.076E-5,2.0E-7,2.62E-6,M4,1.71E-5,1.076E-5,1.84E-6,2.0E-7,M4,1.71E-5,1.036E-5,2.0E-7,6.0E-7,M4,1.9450000000000002E-5,1.184E-5,7.2E-7,3.2E-7,M4,1.965E-5,9.31E-6,3.2E-7,7.2E-7,M4,2.312E-5,4.885E-6,2.0E-7,6.0E-7,M4,2.312E-5,1.345E-6,2.0E-7,3.74E-6,M4,2.312E-5,1.345E-6,2.0E-7,1.0E-6,M4,2.312E-5,1.345E-6,1.0E-6,2.0E-7,M4,1.544E-5,1.03E-5,3.2E-7,7.2E-7,M4,1.38E-5,1.0700000000000001E-5,3.2E-7,1.12E-6,M4,1.38E-5,1.0700000000000001E-5,1.12E-6,3.2E-7,M4,1.283E-5,9.51E-6,3.2E-7,1.12E-6,M4,1.283E-5,9.51E-6,1.12E-6,3.2E-7,M4,1.2630000000000001E-5,1.184E-5,7.2E-7,3.2E-7,M5,1.9450000000000002E-5,1.184E-5,7.2E-7,3.2E-7,M5,1.965E-5,9.31E-6,3.2E-7,7.2E-7,M5,1.55E-5,1.036E-5,2.0E-7,6.0E-7,M5,1.3860000000000001E-5,1.076E-5,1.84E-6,2.0E-7,M5,1.3860000000000001E-5,1.076E-5,2.0E-7,1.0E-6,M5,1.3860000000000001E-5,1.076E-5,1.0E-6,2.0E-7,M5,1.289E-5,9.57E-6,2.0E-7,1.0E-6,M5,1.289E-5,9.57E-6,1.0E-6,2.0E-7,M5,1.289E-5,9.57E-6,2.0E-7,2.53E-6,M5,1.269E-5,1.19E-5,6.0E-7,2.0E-7,M6,1.951E-5,1.19E-5,6.0E-7,2.0E-7,M6,1.971E-5,9.57E-6,2.0E-7,2.53E-6,M6,1.971E-5,9.37E-6,2.0E-7,6.0E-7,
M1,3.51E-5,1.8195E-5,2.4000000000000003E-7,6.4E-7,M1,3.51E-5,7.2E-7,2.4000000000000003E-7,6.4E-7,M1,2.284E-5,5.405E-6,1.9200000000000003E-6,1.6E-7,M1,1.52E-6,7.2E-7,2.4000000000000003E-7,6.4E-7,M1,1.52E-6,1.8195E-5,2.4000000000000003E-7,6.4E-7,M1,1.8E-7,1.4675000000000001E-5,2.4000000000000003E-7,6.4E-7,M1,4.4E-7,1.8635E-5,2.4000000000000003E-7,6.4E-7,M1,2.1435E-5,1.1705E-5,1.6E-7,7.2E-7,M1,2.1435E-5,1.2265E-5,2.05E-7,1.6E-7,M1,2.364E-5,2.35E-6,3.87E-6,1.6E-7,M1,2.364E-5,2.35E-6,1.6E-7,2.075E-6,M1,2.232E-5,4.265E-6,1.48E-6,1.6E-7,M1,2.995E-5,1.365E-6,2.4000000000000003E-7,6.4E-7,M1,3.402E-5,1.8450000000000001E-6,2.4000000000000003E-7,6.4E-7,M1,3.618E-5,1.8635E-5,2.4000000000000003E-7,6.4E-7,M1,3.6440000000000003E-5,1.4675000000000001E-5,2.4000000000000003E-7,6.4E-7,M1,2.16E-5,1.399E-5,6.4E-7,2.4000000000000003E-7,M1,2.478E-5,1.7495E-5,6.4E-7,2.4000000000000003E-7,M1,2.018E-5,1.1665000000000001E-5,6.4E-7,2.4000000000000003E-7,M1,1.911E-5,8.845000000000001E-6,2.4000000000000003E-7,6.4E-7,M1,9.97E-6,1.045E-6,1.692E-5,1.6E-7,M1,2.508E-5,4.225E-6,6.4E-7,2.4000000000000003E-7,M1,1.6025E-5,1.0385E-5,6.4E-7,2.4000000000000003E-7,M1,2.34E-5,1.9585E-5,2.4000000000000003E-7,6.4E-7,M1,2.262E-5,1.303E-5,2.4000000000000003E-7,6.4E-7,M1,2.6E-6,1.8450000000000001E-6,2.4000000000000003E-7,6.4E-7,M1,6.6700000000000005E-6,1.365E-6,2.4000000000000003E-7,6.4E-7,M1,1.612E-5,1.347E-5,6.3E-7,1.6E-7,M1,1.659E-5,1.347E-5,4.15E-6,1.6E-7,M1,1.322E-5,1.9585E-5,2.4000000000000003E-7,6.4E-7,M1,1.4E-5,1.303E-5,2.4000000000000003E-7,6.4E-7,M1,1.522E-5,1.1705E-5,1.6E-7,7.2E-7,M1,1.522E-5,1.1705E-5,2.05E-7,1.6E-7,M1,1.2100000000000001E-5,5.405E-6,1.9200000000000003E-6,1.6E-7,M1,2.4560000000000002E-5,5.365E-6,2.4000000000000003E-7,6.4E-7,M1,2.8460000000000002E-5,5.65E-7,2.4000000000000003E-7,6.4E-7,M1,1.114E-5,4.225E-6,6.4E-7,2.4000000000000003E-7,M1,2.0195E-5,1.0385E-5,6.4E-7,2.4000000000000003E-7,M1,1.751E-5,8.845000000000001E-6,2.4000000000000003E-7,6.4E-7,M1,1.604E-5,1.1665000000000001E-5,6.4E-7,2.4000000000000003E-7,M1,1.206E-5,5.365E-6,2.4000000000000003E-7,6.4E-7,M1,8.16E-6,5.65E-7,2.4000000000000003E-7,6.4E-7,M1,2.71E-6,2.945E-6,6.4E-7,2.4000000000000003E-7,M1,3.351E-5,2.945E-6,6.4E-7,2.4000000000000003E-7,M1,1.144E-5,1.7495E-5,6.4E-7,2.4000000000000003E-7,M1,1.462E-5,1.399E-5,6.4E-7,2.4000000000000003E-7,M1,9.35E-6,2.35E-6,3.87E-6,1.6E-7,M1,1.306E-5,2.35E-6,1.6E-7,2.075E-6,M1,1.306E-5,4.265E-6,1.48E-6,1.6E-7,M2,3.512E-5,1.8215E-5,2.0E-7,6.0E-7,M2,3.512E-5,7.4E-7,2.0E-7,1.7675E-5,M2,3.512E-5,7.4E-7,2.0E-7,6.0E-7,M2,1.54E-6,7.4E-7,2.0E-7,6.0E-7,M2,1.54E-6,7.4E-7,2.0E-7,1.7675E-5,M2,1.54E-6,1.8215E-5,2.0E-7,6.0E-7,M2,1.4E-7,1.4635E-5,3.2E-7,7.2E-7,M2,4.0E-7,1.8595E-5,3.2E-7,7.2E-7,M2,2.997E-5,1.385E-6,2.0E-7,6.0E-7,M2,2.997E-5,1.785E-6,2.0E-7,6.800000000000001E-7,M2,2.997E-5,2.265E-6,4.27E-6,2.0E-7,M2,3.404E-5,1.8650000000000001E-6,2.0E-7,6.0E-7,M2,3.614E-5,1.8595E-5,3.2E-7,7.2E-7,M2,3.6400000000000004E-5,1.4635E-5,3.2E-7,7.2E-7,M2,2.156E-5,1.395E-5,7.2E-7,3.2E-7,M2,2.474E-5,1.7455E-5,7.2E-7,3.2E-7,M2,2.014E-5,1.1625E-5,7.2E-7,3.2E-7,M2,1.9070000000000002E-5,8.805E-6,3.2E-7,7.2E-7,M2,2.504E-5,4.185E-6,7.2E-7,3.2E-7,M2,1.5985E-5,1.0345E-5,7.2E-7,3.2E-7,M2,2.342E-5,1.9605E-5,2.0E-7,6.0E-7,M2,2.342E-5,1.345E-5,2.0E-7,6.7550000000000005E-6,M2,2.264E-5,1.345E-5,9.8E-7,2.0E-7,M2,2.264E-5,1.305E-5,2.0E-7,6.0E-7,M2,2.62E-6,1.8650000000000001E-6,2.0E-7,6.0E-7,M2,2.62E-6,1.785E-6,2.0E-7,6.800000000000001E-7,M2,2.62E-6,1.785E-6,4.27E-6,2.0E-7,M2,6.69E-6,1.385E-6,2.0E-7,6.0E-7,M2,1.324E-5,1.9605E-5,2.0E-7,6.0E-7,M2,1.324E-5,1.345E-5,2.0E-7,6.7550000000000005E-6,M2,1.324E-5,1.345E-5,9.8E-7,2.0E-7,M2,1.402E-5,1.305E-5,2.0E-7,6.0E-7,M2,2.452E-5,5.325E-6,3.2E-7,7.2E-7,M2,2.842E-5,5.250000000000001E-7,3.2E-7,7.2E-7,M2,1.11E-5,4.185E-6,7.2E-7,3.2E-7,M2,2.0155E-5,1.0345E-5,7.2E-7,3.2E-7,M2,1.747E-5,8.805E-6,3.2E-7,7.2E-7,M2,1.6E-5,1.1625E-5,7.2E-7,3.2E-7,M2,1.202E-5,5.325E-6,3.2E-7,7.2E-7,M2,8.12E-6,5.250000000000001E-7,3.2E-7,7.2E-7,M2,2.73E-6,2.965E-6,6.0E-7,2.0E-7,M2,2.93E-6,2.965E-6,3.1E-5,2.0E-7,M2,3.353E-5,2.965E-6,6.0E-7,2.0E-7,M2,1.1400000000000001E-5,1.7455E-5,7.2E-7,3.2E-7,M2,1.4580000000000001E-5,1.395E-5,7.2E-7,3.2E-7,M3,2.0E-7,1.4695E-5,2.0E-7,6.0E-7,M3,2.0E-7,1.5095E-5,3.3E-7,2.0E-7,M3,3.3E-7,1.5095E-5,2.0E-7,3.76E-6,M3,3.3E-7,1.8655E-5,3.3E-7,2.0E-7,M3,4.6E-7,1.8655E-5,2.0E-7,6.0E-7,M3,3.62E-5,1.8655E-5,2.0E-7,6.0E-7,M3,3.62E-5,1.5095E-5,2.0E-7,3.76E-6,M3,3.62E-5,1.5095E-5,4.6E-7,2.0E-7,M3,3.646E-5,1.4695E-5,2.0E-7,6.0E-7,M3,2.156E-5,1.395E-5,7.2E-7,3.2E-7,M3,2.474E-5,1.7455E-5,7.2E-7,3.2E-7,M3,2.02E-5,1.1685E-5,6.0E-7,2.0E-7,M3,1.913E-5,1.1685E-5,1.2700000000000001E-6,2.0E-7,M3,1.913E-5,9.265E-6,2.0E-7,2.62E-6,M3,1.913E-5,8.865E-6,2.0E-7,6.0E-7,M3,2.504E-5,4.185E-6,7.2E-7,3.2E-7,M3,1.5985E-5,1.0345E-5,7.2E-7,3.2E-7,M3,2.4580000000000002E-5,5.385E-6,2.0E-7,6.0E-7,M3,2.4580000000000002E-5,5.385E-6,4.1E-6,2.0E-7,M3,2.8480000000000002E-5,5.85E-7,2.0E-7,5.0E-6,M3,2.8480000000000002E-5,5.85E-7,2.0E-7,6.0E-7,M3,1.116E-5,4.245E-6,6.0E-7,2.0E-7,M3,1.156E-5,4.245E-6,9.055E-6,2.0E-7,M3,2.0415E-5,4.245E-6,2.0E-7,6.36E-6,M3,2.0215E-5,1.0405E-5,6.0E-7,2.0E-7,M3,1.753E-5,8.865E-6,2.0E-7,6.0E-7,M3,1.753E-5,9.265E-6,2.0E-7,2.62E-6,M3,1.646E-5,1.1685E-5,1.2700000000000001E-6,2.0E-7,M3,1.606E-5,1.1685E-5,6.0E-7,2.0E-7,M3,1.208E-5,5.385E-6,2.0E-7,6.0E-7,M3,8.18E-6,5.385E-6,4.1E-6,2.0E-7,M3,8.18E-6,5.85E-7,2.0E-7,5.0E-6,M3,8.18E-6,5.85E-7,2.0E-7,6.0E-7,M3,1.146E-5,1.7515E-5,6.0E-7,2.0E-7,M3,1.166E-5,1.7515E-5,3.18E-6,2.0E-7,M3,1.464E-5,1.401E-5,2.0E-7,3.705E-6,M3,1.464E-5,1.401E-5,6.0E-7,2.0E-7,M4,2.162E-5,1.401E-5,6.0E-7,2.0E-7,M4,2.202E-5,1.401E-5,2.0E-7,3.705E-6,M4,2.202E-5,1.7515E-5,3.18E-6,2.0E-7,M4,2.48E-5,1.7515E-5,6.0E-7,2.0E-7,M4,2.51E-5,4.245E-6,6.0E-7,2.0E-7,M4,1.6245E-5,4.245E-6,9.055E-6,2.0E-7,M4,1.6245E-5,4.245E-6,2.0E-7,6.36E-6,M4,1.6045E-5,1.0405E-5,6.0E-7,2.0E-7,
M1,2.0150000000000002E-5,2.35E-6,1.6E-7,1.44E-6,M1,2.0150000000000002E-5,2.35E-6,7.05E-7,1.6E-7,M1,1.2505E-5,2.35E-6,1.6E-7,1.44E-6,M1,1.2505E-5,3.63E-6,7.05E-7,1.6E-7,M1,1.4390000000000001E-5,1.805E-6,4.58E-6,1.6E-7,M1,2.221E-5,1.805E-6,1.6E-7,1.65E-7,M1,2.217E-5,1.77E-6,1.04E-6,2.4000000000000003E-7,M1,2.217E-5,9.7E-7,2.4000000000000003E-7,1.04E-6,M1,2.662E-5,1.37E-6,2.4000000000000003E-7,6.4E-7,M1,2.081E-5,1.467E-5,2.85E-7,1.6E-7,M1,2.0935000000000002E-5,1.397E-5,1.6E-7,8.6E-7,M1,1.309E-5,1.5895E-5,7.18E-6,1.6E-7,M1,1.8E-7,1.603E-5,2.4000000000000003E-7,6.4E-7,M1,4.4E-7,1.999E-5,2.4000000000000003E-7,6.4E-7,M1,3.268E-5,1.999E-5,2.4000000000000003E-7,6.4E-7,M1,3.294E-5,1.603E-5,2.4000000000000003E-7,6.4E-7,M1,1.297E-5,1.393E-5,6.4E-7,2.4000000000000003E-7,M1,1.576E-5,1.111E-5,2.4000000000000003E-7,6.4E-7,M1,1.147E-5,1.507E-5,2.4000000000000003E-7,6.4E-7,M1,1.214E-5,2.189E-5,2.4000000000000003E-7,6.4E-7,M1,2.046E-5,1.6595E-5,1.6E-7,2.4550000000000002E-6,M1,2.042E-5,1.805E-5,2.4000000000000003E-7,1.04E-6,M1,1.9620000000000002E-5,1.885E-5,1.04E-6,2.4000000000000003E-7,M1,2.036E-5,1.885E-5,6.4E-7,2.4000000000000003E-7,M1,2.363E-5,4.77E-6,1.6E-7,1.7000000000000001E-7,M1,2.187E-5,4.77E-6,1.9200000000000003E-6,1.6E-7,M1,1.236E-5,1.885E-5,6.4E-7,2.4000000000000003E-7,M1,1.25E-5,1.6555E-5,6.4E-7,2.4000000000000003E-7,M1,1.099E-5,1.805E-6,1.6E-7,1.65E-7,M1,1.095E-5,9.7E-7,2.4000000000000003E-7,1.04E-6,M1,1.015E-5,1.77E-6,1.04E-6,2.4000000000000003E-7,M1,6.5000000000000004E-6,1.37E-6,2.4000000000000003E-7,6.4E-7,M1,2.811E-5,5.7E-7,2.4000000000000003E-7,6.4E-7,M1,2.77E-5,1.955E-5,2.4000000000000003E-7,6.4E-7,M1,2.567E-5,2.0E-8,6.4E-7,2.4000000000000003E-7,M1,7.05E-6,2.0E-8,6.4E-7,2.4000000000000003E-7,M1,1.736E-5,1.111E-5,2.4000000000000003E-7,6.4E-7,M1,1.975E-5,1.393E-5,6.4E-7,2.4000000000000003E-7,M1,1.77E-5,1.2650000000000001E-5,6.4E-7,2.4000000000000003E-7,M1,8.61E-6,1.757E-5,6.4E-7,2.4000000000000003E-7,M1,2.411E-5,1.757E-5,6.4E-7,2.4000000000000003E-7,M1,1.502E-5,1.2650000000000001E-5,6.4E-7,2.4000000000000003E-7,M1,1.2265E-5,1.467E-5,2.85E-7,1.6E-7,M1,1.2265E-5,1.397E-5,1.6E-7,8.6E-7,M1,2.165E-5,1.507E-5,2.4000000000000003E-7,6.4E-7,M1,2.098E-5,2.189E-5,2.4000000000000003E-7,6.4E-7,M1,9.57E-6,1.365E-6,1.6E-7,3.575E-6,M1,9.53E-6,1.365E-6,2.0E-7,1.6E-7,M1,5.01E-6,5.7E-7,2.4000000000000003E-7,6.4E-7,M1,5.42E-6,1.955E-5,2.4000000000000003E-7,6.4E-7,M1,2.363E-5,1.365E-6,1.6E-7,3.575E-6,M1,2.363E-5,1.365E-6,2.0E-7,1.6E-7,M1,9.57E-6,4.77E-6,1.6E-7,1.7000000000000001E-7,M1,9.57E-6,4.77E-6,1.9200000000000003E-6,1.6E-7,M2,2.219E-5,1.79E-6,1.0E-6,2.0E-7,M2,2.219E-5,9.9E-7,2.0E-7,1.0E-6,M2,2.219E-5,1.79E-6,4.65E-6,2.0E-7,M2,2.664E-5,1.39E-6,2.0E-7,6.0E-7,M2,1.4E-7,1.599E-5,3.2E-7,7.2E-7,M2,4.0E-7,1.995E-5,3.2E-7,7.2E-7,M2,3.264E-5,1.995E-5,3.2E-7,7.2E-7,M2,3.29E-5,1.599E-5,3.2E-7,7.2E-7,M2,1.2990000000000001E-5,1.395E-5,6.0E-7,2.0E-7,M2,1.319E-5,1.153E-5,2.0E-7,2.62E-6,M2,1.319E-5,1.153E-5,2.79E-6,2.0E-7,M2,1.578E-5,1.113E-5,2.0E-7,6.0E-7,M2,1.143E-5,1.503E-5,3.2E-7,7.2E-7,M2,1.2100000000000001E-5,2.185E-5,3.2E-7,7.2E-7,M2,2.038E-5,1.8010000000000002E-5,3.2E-7,1.12E-6,M2,1.958E-5,1.881E-5,1.12E-6,3.2E-7,M2,2.0320000000000002E-5,1.881E-5,7.2E-7,3.2E-7,M2,1.232E-5,1.881E-5,7.2E-7,3.2E-7,M2,1.2460000000000001E-5,1.6515E-5,7.2E-7,3.2E-7,M2,1.097E-5,9.9E-7,2.0E-7,1.0E-6,M2,1.0170000000000001E-5,1.79E-6,1.0E-6,2.0E-7,M2,6.52E-6,1.79E-6,4.65E-6,2.0E-7,M2,6.52E-6,1.39E-6,2.0E-7,6.0E-7,M2,2.807E-5,5.3E-7,3.2E-7,7.2E-7,M2,2.766E-5,1.951E-5,3.2E-7,7.2E-7,M2,2.569E-5,4.0E-8,6.0E-7,2.0E-7,M2,7.4700000000000005E-6,4.0E-8,1.842E-5,2.0E-7,M2,7.07E-6,4.0E-8,6.0E-7,2.0E-7,M2,1.738E-5,1.113E-5,2.0E-7,6.0E-7,M2,1.738E-5,1.153E-5,2.79E-6,2.0E-7,M2,1.997E-5,1.153E-5,2.0E-7,2.62E-6,M2,1.977E-5,1.395E-5,6.0E-7,2.0E-7,M2,1.772E-5,1.267E-5,6.0E-7,2.0E-7,M2,1.772E-5,1.267E-5,2.0E-7,5.12E-6,M2,9.03E-6,1.759E-5,8.89E-6,2.0E-7,M2,8.63E-6,1.759E-5,6.0E-7,2.0E-7,M2,2.407E-5,1.753E-5,7.2E-7,3.2E-7,M2,1.498E-5,1.261E-5,7.2E-7,3.2E-7,M2,2.161E-5,1.503E-5,3.2E-7,7.2E-7,M2,2.094E-5,2.185E-5,3.2E-7,7.2E-7,M2,4.97E-6,5.3E-7,3.2E-7,7.2E-7,M2,5.38E-6,1.951E-5,3.2E-7,7.2E-7,M3,2.0E-7,1.605E-5,2.0E-7,6.0E-7,M3,2.0E-7,1.645E-5,2.0E-7,3.76E-6,M3,2.0E-7,2.001E-5,4.6E-7,2.0E-7,M3,4.6E-7,2.001E-5,2.0E-7,6.0E-7,M3,3.27E-5,2.001E-5,2.0E-7,6.0E-7,M3,3.27E-5,2.001E-5,4.6E-7,2.0E-7,M3,3.296E-5,1.645E-5,2.0E-7,3.76E-6,M3,3.296E-5,1.605E-5,2.0E-7,6.0E-7,M3,1.143E-5,1.503E-5,3.2E-7,7.2E-7,M3,1.143E-5,2.2250000000000002E-5,1.12E-6,3.2E-7,M3,1.143E-5,2.145E-5,3.2E-7,1.12E-6,M3,1.149E-5,2.231E-5,8.7E-7,2.0E-7,M3,1.216E-5,2.1910000000000002E-5,2.0E-7,6.0E-7,M3,2.038E-5,1.8010000000000002E-5,3.2E-7,1.12E-6,M3,1.958E-5,1.881E-5,1.12E-6,3.2E-7,M3,2.0320000000000002E-5,1.881E-5,7.2E-7,3.2E-7,M3,1.238E-5,1.887E-5,6.0E-7,2.0E-7,M3,1.272E-5,1.887E-5,2.6E-7,2.0E-7,M3,1.272E-5,1.6575E-5,2.0E-7,2.4950000000000003E-6,M3,1.252E-5,1.6575E-5,6.0E-7,2.0E-7,M3,2.813E-5,5.9E-7,2.0E-7,6.0E-7,M3,2.813E-5,5.9E-7,2.0E-7,1.918E-5,M3,2.7720000000000002E-5,1.957E-5,6.1E-7,2.0E-7,M3,2.7720000000000002E-5,1.957E-5,2.0E-7,6.0E-7,M3,2.413E-5,1.759E-5,6.0E-7,2.0E-7,M3,1.544E-5,1.759E-5,8.89E-6,2.0E-7,M3,1.5380000000000002E-5,1.753E-5,1.12E-6,3.2E-7,M3,1.5380000000000002E-5,1.673E-5,3.2E-7,1.12E-6,M3,1.498E-5,1.261E-5,7.2E-7,3.2E-7,M3,2.161E-5,1.503E-5,3.2E-7,7.2E-7,M3,2.161E-5,2.145E-5,3.2E-7,1.12E-6,M3,2.081E-5,2.2250000000000002E-5,1.12E-6,3.2E-7,M3,2.1E-5,2.231E-5,8.7E-7,2.0E-7,M3,2.1E-5,2.1910000000000002E-5,2.0E-7,6.0E-7,M3,5.03E-6,5.9E-7,2.0E-7,6.0E-7,M3,5.03E-6,5.9E-7,2.0E-7,1.918E-5,M3,5.03E-6,1.957E-5,6.1E-7,2.0E-7,M3,5.4400000000000004E-6,1.957E-5,2.0E-7,6.0E-7,M4,1.149E-5,1.509E-5,2.0E-7,6.0E-7,M4,1.149E-5,1.509E-5,2.0E-7,7.42E-6,M4,1.149E-5,2.231E-5,1.0E-6,2.0E-7,M4,1.149E-5,2.151E-5,2.0E-7,1.0E-6,M4,2.044E-5,1.807E-5,2.0E-7,1.0E-6,M4,1.9640000000000002E-5,1.887E-5,1.0E-6,2.0E-7,M4,2.038E-5,1.887E-5,2.6E-7,2.0E-7,M4,2.038E-5,1.887E-5,6.0E-7,2.0E-7,M4,1.5380000000000002E-5,1.753E-5,1.12E-6,3.2E-7,M4,1.5380000000000002E-5,1.673E-5,3.2E-7,1.12E-6,M4,1.498E-5,1.261E-5,7.2E-7,3.2E-7,M4,2.167E-5,1.509E-5,2.0E-7,6.0E-7,M4,2.167E-5,1.509E-5,2.0E-7,7.42E-6,M4,2.167E-5,2.151E-5,2.0E-7,1.0E-6,M4,2.0870000000000002E-5,2.231E-5,1.0E-6,2.0E-7,M5,1.544E-5,1.759E-5,1.0E-6,2.0E-7,M5,1.544E-5,1.679E-5,2.0E-7,1.0E-6,M5,1.544E-5,1.267E-5,2.0E-7,5.12E-6,M5,1.504E-5,1.267E-5,6.0E-7,2.0E-7,
M1,1.25E-5,1.5975E-5,6.4E-7,2.4000000000000003E-7,M1,1.236E-5,1.893E-5,6.4E-7,2.4000000000000003E-7,M1,1.4390000000000001E-5,1.805E-6,4.58E-6,1.6E-7,M1,2.29E-5,2.197E-5,2.4000000000000003E-7,6.4E-7,M1,2.165E-5,1.4875E-5,2.4000000000000003E-7,6.4E-7,M1,1.309E-5,1.5315E-5,7.18E-6,1.6E-7,M1,3.272E-5,2.011E-5,4.2E-7,1.6E-7,M1,3.294E-5,1.927E-5,2.4000000000000003E-7,1.04E-6,M1,3.214E-5,2.007E-5,1.04E-6,2.4000000000000003E-7,M1,3.294E-5,1.611E-5,2.4000000000000003E-7,6.4E-7,M1,2.2E-7,2.011E-5,4.2E-7,1.6E-7,M1,1.8E-7,2.007E-5,1.04E-6,2.4000000000000003E-7,M1,1.8E-7,1.927E-5,2.4000000000000003E-7,1.04E-6,M1,1.8E-7,1.611E-5,2.4000000000000003E-7,6.4E-7,M1,1.095E-5,1.365E-6,2.4000000000000003E-7,6.4E-7,M1,6.5000000000000004E-6,1.41E-6,2.4000000000000003E-7,6.4E-7,M1,9.57E-6,4.86E-6,1.9200000000000003E-6,1.6E-7,M1,2.0700000000000002E-5,1.339E-5,1.6E-7,8.8E-7,M1,2.0700000000000002E-5,1.411E-5,2.7E-7,1.6E-7,M1,2.081E-5,1.409E-5,1.6E-7,1.8E-7,M1,8.61E-6,1.765E-5,6.4E-7,2.4000000000000003E-7,M1,1.8105E-5,1.207E-5,6.4E-7,2.4000000000000003E-7,M1,9.57E-6,6.05E-7,1.6E-7,4.415E-6,M1,9.53E-6,6.05E-7,2.0E-7,1.6E-7,M1,2.363E-5,6.05E-7,1.6E-7,4.415E-6,M1,2.363E-5,6.05E-7,2.0E-7,1.6E-7,M1,1.022E-5,2.197E-5,2.4000000000000003E-7,6.4E-7,M1,1.147E-5,1.4875E-5,2.4000000000000003E-7,6.4E-7,M1,2.04E-5,1.6015E-5,1.6E-7,3.1150000000000002E-6,M1,2.04E-5,1.6015E-5,2.2E-7,1.6E-7,M1,2.523E-5,9.7E-7,2.4000000000000003E-7,6.4E-7,M1,2.578E-5,1.963E-5,2.4000000000000003E-7,6.4E-7,M1,2.567E-5,2.0E-8,6.4E-7,2.4000000000000003E-7,M1,7.05E-6,2.0E-8,6.4E-7,2.4000000000000003E-7,M1,1.736E-5,1.053E-5,2.4000000000000003E-7,6.4E-7,M1,1.9085E-5,1.3350000000000001E-5,6.4E-7,2.4000000000000003E-7,M1,1.9325E-5,1.339E-5,8.25E-7,1.6E-7,M1,1.181E-5,3.68E-6,6.4E-7,2.4000000000000003E-7,M1,1.163E-5,2.31E-6,6.4E-7,2.4000000000000003E-7,M1,1.4615E-5,1.207E-5,6.4E-7,2.4000000000000003E-7,M1,2.411E-5,1.765E-5,6.4E-7,2.4000000000000003E-7,M1,7.89E-6,9.7E-7,2.4000000000000003E-7,6.4E-7,M1,7.34E-6,1.963E-5,2.4000000000000003E-7,6.4E-7,M1,1.576E-5,1.053E-5,2.4000000000000003E-7,6.4E-7,M1,1.3635E-5,1.3350000000000001E-5,6.4E-7,2.4000000000000003E-7,M1,1.321E-5,1.339E-5,8.25E-7,1.6E-7,M1,1.239E-5,1.337E-5,1.6E-7,8.8E-7,M1,1.239E-5,1.337E-5,2.7E-7,1.6E-7,M1,1.25E-5,1.337E-5,1.6E-7,1.8E-7,M1,2.217E-5,1.365E-6,2.4000000000000003E-7,6.4E-7,M1,2.662E-5,1.41E-6,2.4000000000000003E-7,6.4E-7,M1,2.187E-5,4.86E-6,1.9200000000000003E-6,1.6E-7,M1,2.133E-5,2.35E-6,1.6E-7,1.53E-6,M1,2.133E-5,3.72E-6,1.8E-7,1.6E-7,M2,1.2460000000000001E-5,1.5935E-5,7.2E-7,3.2E-7,M2,1.266E-5,1.889E-5,1.12E-6,3.2E-7,M2,1.266E-5,1.809E-5,3.2E-7,1.12E-6,M2,1.272E-5,1.895E-5,2.6E-7,2.0E-7,M2,1.238E-5,1.895E-5,6.0E-7,2.0E-7,M2,2.286E-5,2.1930000000000002E-5,3.2E-7,7.2E-7,M2,2.161E-5,1.4835000000000001E-5,3.2E-7,7.2E-7,M2,3.296E-5,1.929E-5,2.0E-7,1.0E-6,M2,3.2160000000000004E-5,2.009E-5,1.0E-6,2.0E-7,M2,3.296E-5,1.653E-5,2.0E-7,3.76E-6,M2,3.296E-5,1.613E-5,2.0E-7,6.0E-7,M2,2.0E-7,2.009E-5,1.0E-6,2.0E-7,M2,2.0E-7,1.929E-5,2.0E-7,1.0E-6,M2,2.0E-7,1.653E-5,2.0E-7,3.76E-6,M2,2.0E-7,1.613E-5,2.0E-7,6.0E-7,M2,1.091E-5,1.325E-6,3.2E-7,7.2E-7,M2,6.46E-6,1.37E-6,3.2E-7,7.2E-7,M2,8.570000000000001E-6,1.761E-5,7.2E-7,3.2E-7,M2,1.7965E-5,1.203E-5,3.2E-7,1.12E-6,M2,1.7965E-5,1.203E-5,1.12E-6,3.2E-7,M2,1.8025E-5,1.209E-5,5.0E-7,2.0E-7,M2,1.8125E-5,1.209E-5,6.0E-7,2.0E-7,M2,1.018E-5,2.1930000000000002E-5,3.2E-7,7.2E-7,M2,1.143E-5,1.4835000000000001E-5,3.2E-7,7.2E-7,M2,2.525E-5,9.9E-7,2.0E-7,6.0E-7,M2,2.525E-5,1.39E-6,2.0E-7,1.846E-5,M2,2.525E-5,1.965E-5,7.5E-7,2.0E-7,M2,2.58E-5,1.965E-5,2.0E-7,6.0E-7,M2,2.563E-5,-2.0E-8,7.2E-7,3.2E-7,M2,7.01E-6,-2.0E-8,7.2E-7,3.2E-7,M2,1.738E-5,1.055E-5,2.0E-7,6.0E-7,M2,1.738E-5,1.095E-5,2.0E-7,2.62E-6,M2,1.738E-5,1.337E-5,2.125E-6,2.0E-7,M2,1.9105E-5,1.337E-5,6.0E-7,2.0E-7,M2,1.177E-5,3.64E-6,7.2E-7,3.2E-7,M2,1.179E-5,2.84E-6,3.2E-7,1.12E-6,M2,1.099E-5,3.64E-6,1.12E-6,3.2E-7,M2,1.185E-5,2.33E-6,2.0E-7,1.57E-6,M2,1.165E-5,2.33E-6,6.0E-7,2.0E-7,M2,1.4575E-5,1.203E-5,7.2E-7,3.2E-7,M2,2.407E-5,1.761E-5,7.2E-7,3.2E-7,M2,7.91E-6,9.9E-7,2.0E-7,6.0E-7,M2,7.91E-6,1.39E-6,2.0E-7,1.846E-5,M2,7.36E-6,1.965E-5,7.5E-7,2.0E-7,M2,7.36E-6,1.965E-5,2.0E-7,6.0E-7,M2,1.578E-5,1.055E-5,2.0E-7,6.0E-7,M2,1.578E-5,1.095E-5,2.0E-7,2.62E-6,M2,1.3855E-5,1.337E-5,2.125E-6,2.0E-7,M2,1.3655E-5,1.337E-5,6.0E-7,2.0E-7,M2,2.213E-5,1.325E-6,3.2E-7,7.2E-7,M2,2.658E-5,1.37E-6,3.2E-7,7.2E-7,M3,1.252E-5,1.5995000000000002E-5,6.0E-7,2.0E-7,M3,1.272E-5,1.5995000000000002E-5,2.0E-7,3.155E-6,M3,1.272E-5,1.895E-5,1.0E-6,2.0E-7,M3,1.272E-5,1.815E-5,2.0E-7,1.0E-6,M3,2.292E-5,2.199E-5,2.0E-7,6.0E-7,M3,2.292E-5,1.5295000000000002E-5,2.0E-7,7.2950000000000005E-6,M3,2.167E-5,1.5295000000000002E-5,1.45E-6,2.0E-7,M3,2.167E-5,1.4895E-5,2.0E-7,6.0E-7,M3,1.097E-5,1.385E-6,2.0E-7,6.0E-7,M3,1.097E-5,1.785E-6,2.0E-7,2.45E-7,M3,6.52E-6,1.83E-6,4.65E-6,2.0E-7,M3,6.52E-6,1.43E-6,2.0E-7,6.0E-7,M3,8.570000000000001E-6,1.761E-5,7.2E-7,3.2E-7,M3,1.7965E-5,1.203E-5,3.2E-7,1.12E-6,M3,1.7965E-5,1.203E-5,1.12E-6,3.2E-7,M3,1.024E-5,2.199E-5,2.0E-7,6.0E-7,M3,1.024E-5,1.5295000000000002E-5,2.0E-7,7.2950000000000005E-6,M3,1.024E-5,1.5295000000000002E-5,1.45E-6,2.0E-7,M3,1.149E-5,1.4895E-5,2.0E-7,6.0E-7,M3,2.569E-5,4.0E-8,6.0E-7,2.0E-7,M3,7.4700000000000005E-6,4.0E-8,1.842E-5,2.0E-7,M3,7.07E-6,4.0E-8,6.0E-7,2.0E-7,M3,1.183E-5,3.7E-6,6.0E-7,2.0E-7,M3,1.183E-5,3.7E-6,2.2E-7,2.0E-7,M3,1.185E-5,2.9E-6,2.0E-7,1.0E-6,M3,1.1050000000000001E-5,3.7E-6,1.0E-6,2.0E-7,M3,1.4575E-5,1.203E-5,7.2E-7,3.2E-7,M3,2.407E-5,1.761E-5,7.2E-7,3.2E-7,M3,2.219E-5,1.385E-6,2.0E-7,6.0E-7,M3,2.219E-5,1.785E-6,2.0E-7,2.45E-7,M3,2.219E-5,1.83E-6,4.65E-6,2.0E-7,M3,2.664E-5,1.43E-6,2.0E-7,6.0E-7,M4,8.570000000000001E-6,1.761E-5,7.2E-7,3.2E-7,M4,1.7965E-5,1.2935E-5,3.2E-7,7.2E-7,M4,1.8025E-5,1.209E-5,2.0E-7,1.305E-6,M4,1.8025E-5,1.209E-5,2.0E-7,1.0E-6,M4,1.8025E-5,1.209E-5,1.0E-6,2.0E-7,M4,1.4635E-5,1.209E-5,6.0E-7,2.0E-7,M4,1.4835000000000001E-5,1.209E-5,2.0E-7,5.78E-6,M4,1.4775E-5,1.761E-5,1.12E-6,3.2E-7,M4,1.4775E-5,1.681E-5,3.2E-7,1.12E-6,M4,2.407E-5,1.761E-5,7.2E-7,3.2E-7,M5,8.570000000000001E-6,1.761E-5,7.2E-7,3.2E-7,M5,1.7965E-5,1.2935E-5,3.2E-7,7.2E-7,M5,1.4835000000000001E-5,1.7670000000000002E-5,1.0E-6,2.0E-7,M5,1.4835000000000001E-5,1.687E-5,2.0E-7,1.0E-6,M5,1.4835000000000001E-5,1.7670000000000002E-5,9.495E-6,2.0E-7,M5,2.413E-5,1.7670000000000002E-5,6.0E-7,2.0E-7,M6,8.63E-6,1.7670000000000002E-5,6.0E-7,2.0E-7,M6,9.03E-6,1.7670000000000002E-5,9.195000000000001E-6,2.0E-7,M6,1.7925000000000002E-5,1.597E-5,4.0E-7,2.0E-6,M6,1.6325E-5,1.757E-5,2.0E-6,4.0E-7,M6,1.7925000000000002E-5,1.2695E-5,4.0E-7,1.2E-6,M7,1.7925000000000002E-5,1.597E-5,4.0E-7,2.0E-6,M7,1.6325E-5,1.757E-5,2.0E-6,4.0E-7,M7,1.7925000000000002E-5,1.3095E-5,4.0E-7,4.875E-6,M7,1.7925000000000002E-5,1.2695E-5,4.0E-7,1.2E-6,
M1,2.465E-5,2.35E-6,1.6E-7,1.44E-6,M1,2.465E-5,3.63E-6,3.3E-7,1.6E-7,M1,2.2E-7,1.215E-5,1.6E-7,6.45E-7,M1,1.8E-7,1.2595E-5,1.04E-6,2.4000000000000003E-7,M1,1.8E-7,1.1795E-5,2.4000000000000003E-7,1.04E-6,M1,8.7E-6,1.2595E-5,2.4000000000000003E-7,6.4E-7,M1,5.275E-6,2.2300000000000002E-6,5.57E-6,1.6E-7,M1,1.0445E-5,2.19E-6,6.4E-7,2.4000000000000003E-7,M1,2.709E-5,2.19E-6,6.4E-7,2.4000000000000003E-7,M1,2.798E-5,1.2595E-5,2.4000000000000003E-7,6.4E-7,M1,3.65E-5,1.191E-5,2.4000000000000003E-7,6.4E-7,M1,2.996E-5,4.65E-6,1.6E-7,2.8E-7,M1,2.82E-5,4.77E-6,1.9200000000000003E-6,1.6E-7,M1,3.624E-5,2.317E-5,2.4000000000000003E-7,6.4E-7,M1,3.65E-5,1.921E-5,2.4000000000000003E-7,6.4E-7,M1,9.92E-6,1.1635E-5,1.6E-7,7.2E-7,M1,9.92E-6,1.1635E-5,2.0E-7,1.6E-7,M1,8.56E-6,3.7800000000000002E-6,1.6E-7,1.15E-6,M1,8.52E-6,3.54E-6,2.4000000000000003E-7,6.4E-7,M1,1.163E-5,9.25E-7,2.4000000000000003E-7,6.4E-7,M1,4.4E-7,2.317E-5,2.4000000000000003E-7,6.4E-7,M1,1.8E-7,1.921E-5,2.4000000000000003E-7,6.4E-7,M1,1.732E-5,2.5280000000000002E-5,2.28E-6,1.6E-7,M1,1.2110000000000001E-5,2.35E-6,1.6E-7,1.44E-6,M1,1.1940000000000001E-5,3.63E-6,3.3E-7,1.6E-7,M1,1.2280000000000001E-5,9.215E-6,2.55E-7,1.6E-7,M1,1.2375000000000001E-5,9.215E-6,1.6E-7,2.58E-6,M1,2.684E-5,1.1635E-5,1.6E-7,7.2E-7,M1,2.68E-5,1.1635E-5,2.0E-7,1.6E-7,M1,3.207E-5,5.45E-7,1.1E-6,1.6E-7,M1,3.217E-5,5.05E-7,1.04E-6,2.4000000000000003E-7,M1,3.297E-5,5.05E-7,2.4000000000000003E-7,1.04E-6,M1,3.297E-5,2.273E-5,2.4000000000000003E-7,6.4E-7,M1,1.7775000000000002E-5,2.35E-6,3.445E-6,1.6E-7,M1,1.7775000000000002E-5,2.35E-6,1.6E-7,1.86E-5,M1,6.28E-6,2.079E-5,1.1655000000000001E-5,1.6E-7,M1,2.37E-5,1.805E-6,4.42E-6,1.6E-7,M1,2.796E-5,1.745E-6,1.6E-7,2.2E-7,M1,1.129E-5,2.203E-5,6.4E-7,2.4000000000000003E-7,M1,1.153E-5,1.3915E-5,6.4E-7,2.4000000000000003E-7,M1,2.499E-5,2.203E-5,6.4E-7,2.4000000000000003E-7,M1,2.4750000000000002E-5,1.3915E-5,6.4E-7,2.4000000000000003E-7,M1,1.632E-5,1.805E-6,4.28E-6,1.6E-7,M1,8.8E-6,1.805E-6,4.42E-6,1.6E-7,M1,8.8E-6,1.745E-6,1.6E-7,2.2E-7,M1,3.71E-6,2.273E-5,2.4000000000000003E-7,6.4E-7,M1,4.65E-6,5.05E-7,2.4000000000000003E-7,6.4E-7,M1,2.4145E-5,1.1595E-5,6.4E-7,2.4000000000000003E-7,M1,2.444E-5,8.775E-6,2.4000000000000003E-7,6.4E-7,M1,6.8E-6,4.65E-6,1.6E-7,2.8E-7,M1,6.8E-6,4.77E-6,1.9200000000000003E-6,1.6E-7,M1,2.82E-5,3.7800000000000002E-6,1.6E-7,1.15E-6,M1,2.816E-5,3.54E-6,2.4000000000000003E-7,6.4E-7,M1,2.505E-5,9.25E-7,2.4000000000000003E-7,6.4E-7,M1,1.526E-5,2.31E-6,6.4E-7,2.4000000000000003E-7,M1,3.044E-5,2.075E-5,6.4E-7,2.4000000000000003E-7,M2,2.0E-7,1.2615E-5,1.0E-6,2.0E-7,M2,2.0E-7,1.1815E-5,2.0E-7,1.0E-6,M2,2.0E-7,1.2615E-5,8.72E-6,2.0E-7,M2,8.72E-6,1.2615E-5,2.0E-7,6.0E-7,M2,1.0405E-5,2.15E-6,7.2E-7,3.2E-7,M2,2.705E-5,2.15E-6,7.2E-7,3.2E-7,M2,2.8E-5,1.2615E-5,2.0E-7,6.0E-7,M2,2.8E-5,1.2615E-5,8.72E-6,2.0E-7,M2,3.652E-5,1.213E-5,2.0E-7,6.85E-7,M2,3.652E-5,1.1930000000000001E-5,2.0E-7,6.0E-7,M2,3.626E-5,2.319E-5,2.0E-7,6.0E-7,M2,3.626E-5,2.319E-5,4.6E-7,2.0E-7,M2,3.646E-5,2.233E-5,3.2E-7,1.12E-6,M2,3.566E-5,2.313E-5,1.12E-6,3.2E-7,M2,3.646E-5,1.917E-5,3.2E-7,7.2E-7,M2,8.54E-6,3.5600000000000002E-6,2.0E-7,6.0E-7,M2,8.54E-6,1.345E-6,2.0E-7,2.615E-6,M2,8.54E-6,1.345E-6,3.31E-6,2.0E-7,M2,1.165E-5,9.450000000000001E-7,2.0E-7,6.0E-7,M2,4.6E-7,2.319E-5,2.0E-7,6.0E-7,M2,2.0E-7,2.319E-5,4.6E-7,2.0E-7,M2,1.4E-7,2.313E-5,1.12E-6,3.2E-7,M2,1.4E-7,2.233E-5,3.2E-7,1.12E-6,M2,1.4E-7,1.917E-5,3.2E-7,7.2E-7,M2,3.213E-5,4.65E-7,1.12E-6,3.2E-7,M2,3.293E-5,4.65E-7,3.2E-7,1.12E-6,M2,3.293E-5,2.269E-5,3.2E-7,7.2E-7,M2,1.125E-5,2.199E-5,7.2E-7,3.2E-7,M2,1.149E-5,1.3875E-5,7.2E-7,3.2E-7,M2,2.495E-5,2.199E-5,7.2E-7,3.2E-7,M2,2.471E-5,1.3875E-5,7.2E-7,3.2E-7,M2,3.67E-6,2.269E-5,3.2E-7,7.2E-7,M2,4.61E-6,4.65E-7,3.2E-7,7.2E-7,M2,2.4105E-5,1.1555E-5,7.2E-7,3.2E-7,M2,2.44E-5,8.735E-6,3.2E-7,7.2E-7,M2,2.818E-5,3.5600000000000002E-6,2.0E-7,6.0E-7,M2,2.818E-5,1.345E-6,2.0E-7,2.615E-6,M2,2.507E-5,1.345E-6,3.31E-6,2.0E-7,M2,2.507E-5,9.450000000000001E-7,2.0E-7,6.0E-7,M2,1.528E-5,2.33E-6,6.0E-7,2.0E-7,M2,1.568E-5,2.33E-6,3.485E-6,2.0E-7,M2,1.8965E-5,2.33E-6,2.0E-7,1.864E-5,M2,1.8965E-5,2.077E-5,1.1695E-5,2.0E-7,M2,3.046E-5,2.077E-5,6.0E-7,2.0E-7,M3,1.0465E-5,2.21E-6,6.0E-7,2.0E-7,M3,1.0665E-5,2.21E-6,1.6645E-5,2.0E-7,M3,2.711E-5,2.21E-6,6.0E-7,2.0E-7,M3,3.652E-5,2.239E-5,2.0E-7,1.0E-6,M3,3.5720000000000004E-5,2.319E-5,1.0E-6,2.0E-7,M3,3.652E-5,1.963E-5,2.0E-7,3.76E-6,M3,3.652E-5,1.923E-5,2.0E-7,6.0E-7,M3,2.0E-7,2.319E-5,1.0E-6,2.0E-7,M3,2.0E-7,2.239E-5,2.0E-7,1.0E-6,M3,2.0E-7,1.963E-5,2.0E-7,3.76E-6,M3,2.0E-7,1.923E-5,2.0E-7,6.0E-7,M3,3.219E-5,5.250000000000001E-7,1.0E-6,2.0E-7,M3,3.299E-5,5.250000000000001E-7,2.0E-7,1.0E-6,M3,3.299E-5,5.250000000000001E-7,2.0E-7,2.2425E-5,M3,3.299E-5,2.275E-5,2.0E-7,6.0E-7,M3,1.131E-5,2.205E-5,6.0E-7,2.0E-7,M3,1.151E-5,1.3935E-5,2.0E-7,8.315000000000001E-6,M3,1.151E-5,1.3935E-5,4.4E-7,2.0E-7,M3,1.155E-5,1.3935E-5,6.0E-7,2.0E-7,M3,2.501E-5,2.205E-5,6.0E-7,2.0E-7,M3,2.521E-5,1.3935E-5,2.0E-7,8.315000000000001E-6,M3,2.497E-5,1.3935E-5,4.4E-7,2.0E-7,M3,2.4770000000000002E-5,1.3935E-5,6.0E-7,2.0E-7,M3,3.7300000000000003E-6,2.275E-5,2.0E-7,6.0E-7,M3,3.7300000000000003E-6,5.250000000000001E-7,2.0E-7,2.2425E-5,M3,3.7300000000000003E-6,5.250000000000001E-7,1.14E-6,2.0E-7,M3,4.67E-6,5.250000000000001E-7,2.0E-7,6.0E-7,M3,2.4105E-5,1.1555E-5,7.2E-7,3.2E-7,M3,2.44E-5,8.735E-6,3.2E-7,7.2E-7,M4,2.4165E-5,1.1615E-5,6.0E-7,2.0E-7,M4,2.4365E-5,9.195000000000001E-6,2.0E-7,2.62E-6,M4,2.4365E-5,9.195000000000001E-6,2.95E-7,2.0E-7,M4,2.446E-5,8.795E-6,2.0E-7,6.0E-7,
M1,3.202E-5,1.513E-5,3.32E-6,1.6E-7,M1,3.06E-5,1.509E-5,6.4E-7,2.4000000000000003E-7,M1,3.091E-5,4.9000000000000005E-6,2.4000000000000003E-7,6.4E-7,M1,3.231E-5,5.38E-6,1.9200000000000003E-6,1.6E-7,M1,3.978E-5,1.82E-6,2.4000000000000003E-7,6.4E-7,M1,3.419E-5,1.365E-6,2.4000000000000003E-7,6.4E-7,M1,5.034E-5,1.623E-5,2.4000000000000003E-7,6.4E-7,M1,5.0600000000000003E-5,1.2595E-5,2.4000000000000003E-7,6.4E-7,M1,5.064E-5,1.271E-5,1.6E-7,2.85E-7,M1,3.748E-5,2.92E-6,6.4E-7,2.4000000000000003E-7,M1,1.29E-5,2.92E-6,6.4E-7,2.4000000000000003E-7,M1,3.179E-5,2.35E-6,1.6E-7,2.05E-6,M1,3.095E-5,2.31E-6,1.04E-6,2.4000000000000003E-7,M1,3.175E-5,2.31E-6,2.4000000000000003E-7,1.04E-6,M1,3.163E-5,2.31E-6,6.4E-7,2.4000000000000003E-7,M1,4.4E-7,1.623E-5,2.4000000000000003E-7,6.4E-7,M1,1.8E-7,1.2595E-5,2.4000000000000003E-7,6.4E-7,M1,2.2E-7,1.271E-5,1.6E-7,2.85E-7,M1,4.2420000000000004E-5,7.2E-7,2.4000000000000003E-7,6.4E-7,M1,4.152E-5,1.579E-5,2.4000000000000003E-7,6.4E-7,M1,1.804E-5,5.65E-7,2.4000000000000003E-7,6.4E-7,M1,1.851E-5,5.34E-6,2.4000000000000003E-7,6.4E-7,M1,3.155E-5,1.513E-5,1.6E-7,8.6E-7,M1,3.155E-5,1.583E-5,2.7E-7,1.6E-7,M1,3.455E-5,4.2000000000000004E-6,6.4E-7,2.4000000000000003E-7,M1,2.385E-5,8.76E-6,6.4E-7,2.4000000000000003E-7,M1,1.62E-5,1.6270000000000002E-5,2.28E-6,1.6E-7,M1,1.987E-5,4.9000000000000005E-6,2.4000000000000003E-7,6.4E-7,M1,1.978E-5,1.509E-5,6.4E-7,2.4000000000000003E-7,M1,1.679E-5,5.38E-6,1.9200000000000003E-6,1.6E-7,M1,1.659E-5,1.365E-6,2.4000000000000003E-7,6.4E-7,M1,1.1E-5,1.82E-6,2.4000000000000003E-7,6.4E-7,M1,8.36E-6,7.2E-7,2.4000000000000003E-7,6.4E-7,M1,9.26E-6,1.579E-5,2.4000000000000003E-7,6.4E-7,M1,1.99E-5,1.7055000000000002E-5,1.1220000000000001E-5,1.6E-7,M1,1.9070000000000002E-5,2.35E-6,2.8E-7,1.6E-7,M1,1.9070000000000002E-5,2.35E-6,1.6E-7,2.05E-6,M1,3.274E-5,5.65E-7,2.4000000000000003E-7,6.4E-7,M1,3.227E-5,5.34E-6,2.4000000000000003E-7,6.4E-7,M1,1.92E-5,1.513E-5,1.6E-7,8.6E-7,M1,1.92E-5,1.513E-5,2.7E-7,1.6E-7,M1,1.9810000000000002E-5,1.805E-6,1.1400000000000001E-5,1.6E-7,M1,3.2540000000000004E-5,1.6270000000000002E-5,2.28E-6,1.6E-7,M1,1.568E-5,1.513E-5,3.32E-6,1.6E-7,M1,2.6530000000000002E-5,8.76E-6,6.4E-7,2.4000000000000003E-7,M1,1.583E-5,4.2000000000000004E-6,6.4E-7,2.4000000000000003E-7,M2,3.056E-5,1.505E-5,7.2E-7,3.2E-7,M2,3.087E-5,4.86E-6,3.2E-7,7.2E-7,M2,3.98E-5,1.84E-6,2.0E-7,6.0E-7,M2,3.98E-5,1.785E-6,2.0E-7,6.55E-7,M2,3.421E-5,1.785E-6,5.7900000000000005E-6,2.0E-7,M2,3.421E-5,1.385E-6,2.0E-7,6.0E-7,M2,5.036E-5,1.6250000000000002E-5,2.0E-7,6.0E-7,M2,5.036E-5,1.6250000000000002E-5,4.6E-7,2.0E-7,M2,5.062E-5,1.2815E-5,2.0E-7,3.635E-6,M2,5.062E-5,1.2615E-5,2.0E-7,6.0E-7,M2,3.744E-5,2.88E-6,7.2E-7,3.2E-7,M2,1.286E-5,2.88E-6,7.2E-7,3.2E-7,M2,3.097E-5,2.33E-6,1.0E-6,2.0E-7,M2,3.177E-5,2.33E-6,2.0E-7,1.0E-6,M2,3.1650000000000004E-5,2.33E-6,3.2E-7,2.0E-7,M2,3.1650000000000004E-5,2.33E-6,6.0E-7,2.0E-7,M2,4.6E-7,1.6250000000000002E-5,2.0E-7,6.0E-7,M2,2.0E-7,1.6250000000000002E-5,4.6E-7,2.0E-7,M2,2.0E-7,1.2815E-5,2.0E-7,3.635E-6,M2,2.0E-7,1.2615E-5,2.0E-7,6.0E-7,M2,4.244E-5,7.4E-7,2.0E-7,6.0E-7,M2,4.244E-5,7.4E-7,2.0E-7,1.527E-5,M2,4.154E-5,1.581E-5,1.1E-6,2.0E-7,M2,4.154E-5,1.581E-5,2.0E-7,6.0E-7,M2,1.806E-5,5.85E-7,2.0E-7,6.0E-7,M2,1.806E-5,5.85E-7,2.0E-7,4.975E-6,M2,1.806E-5,5.36E-6,6.7E-7,2.0E-7,M2,1.853E-5,5.36E-6,2.0E-7,6.0E-7,M2,3.451E-5,4.16E-6,7.2E-7,3.2E-7,M2,2.381E-5,8.72E-6,7.2E-7,3.2E-7,M2,1.989E-5,4.92E-6,2.0E-7,6.0E-7,M2,1.989E-5,4.92E-6,3.1E-7,2.0E-7,M2,2.0E-5,4.92E-6,2.0E-7,1.039E-5,M2,1.98E-5,1.5110000000000001E-5,6.0E-7,2.0E-7,M2,1.6610000000000002E-5,1.385E-6,2.0E-7,6.0E-7,M2,1.6610000000000002E-5,1.785E-6,2.0E-7,6.55E-7,M2,1.102E-5,2.24E-6,5.7900000000000005E-6,2.0E-7,M2,1.102E-5,1.84E-6,2.0E-7,6.0E-7,M2,8.38E-6,7.4E-7,2.0E-7,6.0E-7,M2,8.38E-6,7.4E-7,2.0E-7,1.527E-5,M2,8.38E-6,1.581E-5,1.1E-6,2.0E-7,M2,9.280000000000001E-6,1.581E-5,2.0E-7,6.0E-7,M2,3.276E-5,5.85E-7,2.0E-7,6.0E-7,M2,3.276E-5,5.85E-7,2.0E-7,4.975E-6,M2,3.229E-5,5.36E-6,6.7E-7,2.0E-7,M2,3.229E-5,5.36E-6,2.0E-7,6.0E-7,M2,2.6490000000000002E-5,8.72E-6,7.2E-7,3.2E-7,M2,1.579E-5,4.16E-6,7.2E-7,3.2E-7,M3,3.062E-5,1.5110000000000001E-5,6.0E-7,2.0E-7,M3,3.082E-5,4.92E-6,2.0E-7,1.039E-5,M3,3.082E-5,4.92E-6,3.1E-7,2.0E-7,M3,3.0930000000000004E-5,4.92E-6,2.0E-7,6.0E-7,M3,3.7500000000000003E-5,2.9400000000000002E-6,6.0E-7,2.0E-7,M3,1.332E-5,2.9400000000000002E-6,2.438E-5,2.0E-7,M3,1.292E-5,2.9400000000000002E-6,6.0E-7,2.0E-7,M3,3.457E-5,4.22E-6,6.0E-7,2.0E-7,M3,2.427E-5,4.22E-6,1.05E-5,2.0E-7,M3,2.427E-5,4.22E-6,2.0E-7,4.76E-6,M3,2.387E-5,8.78E-6,6.0E-7,2.0E-7,M3,2.6490000000000002E-5,8.72E-6,7.2E-7,3.2E-7,M3,1.579E-5,4.16E-6,7.2E-7,3.2E-7,M4,2.655E-5,8.78E-6,6.0E-7,2.0E-7,M4,2.655E-5,4.22E-6,2.0E-7,4.76E-6,M4,1.6250000000000002E-5,4.22E-6,1.05E-5,2.0E-7,M4,1.585E-5,4.22E-6,6.0E-7,2.0E-7,
M1,3.153E-5,1.9705000000000002E-5,1.6E-7,3.15E-7,M1,3.153E-5,1.9705000000000002E-5,3.04E-6,1.6E-7,M1,3.117E-5,1.986E-5,1.6E-7,8.6E-7,M1,3.106E-5,1.986E-5,2.7E-7,1.6E-7,M1,3.734E-5,1.9200000000000003E-6,2.4000000000000003E-7,6.4E-7,M1,3.189E-5,1.3E-6,2.4000000000000003E-7,6.4E-7,M1,1.8E-7,1.6845E-5,2.4000000000000003E-7,6.4E-7,M1,4.4E-7,2.0805E-5,2.4000000000000003E-7,6.4E-7,M1,4.53E-5,2.0845E-5,4.2E-7,1.6E-7,M1,4.552E-5,2.0005E-5,2.4000000000000003E-7,1.04E-6,M1,4.472E-5,2.0805E-5,1.04E-6,2.4000000000000003E-7,M1,4.552E-5,1.6845E-5,2.4000000000000003E-7,6.4E-7,M1,1.381E-5,1.3E-6,2.4000000000000003E-7,6.4E-7,M1,8.36E-6,1.9200000000000003E-6,2.4000000000000003E-7,6.4E-7,M1,1.997E-5,4.16E-6,2.4000000000000003E-7,6.4E-7,M1,1.917E-5,5.0E-7,1.04E-6,2.4000000000000003E-7,M1,1.997E-5,5.0E-7,2.4000000000000003E-7,1.04E-6,M1,1.976E-5,5.4E-7,4.1E-7,1.6E-7,M1,2.4370000000000002E-5,1.744E-5,2.4000000000000003E-7,6.4E-7,M1,3.0070000000000002E-5,1.982E-5,6.4E-7,2.4000000000000003E-7,M1,3.704E-5,2.0E-8,6.4E-7,2.4000000000000003E-7,M1,9.6E-6,2.0E-8,6.4E-7,2.4000000000000003E-7,M1,6.045E-6,4.3E-6,6.4E-7,2.4000000000000003E-7,M1,2.471E-5,3.46E-6,6.4E-7,2.4000000000000003E-7,M1,1.552E-5,5.04E-6,3.79E-6,1.6E-7,M1,1.891E-5,5.0E-6,6.4E-7,2.4000000000000003E-7,M1,3.0220000000000002E-5,5.0E-6,2.4000000000000003E-7,6.4E-7,M1,2.5980000000000002E-5,5.0E-7,2.4000000000000003E-7,6.4E-7,M1,2.5980000000000002E-5,3.36E-6,2.4000000000000003E-7,1.04E-6,M1,2.518E-5,4.16E-6,1.04E-6,2.4000000000000003E-7,M1,2.577E-5,4.2000000000000004E-6,4.1E-7,1.6E-7,M1,1.093E-5,1.9665E-5,6.4E-7,2.4000000000000003E-7,M1,1.133E-5,1.982E-5,1.04E-6,2.4000000000000003E-7,M1,1.133E-5,1.902E-5,2.4000000000000003E-7,1.04E-6,M1,1.137E-5,1.986E-5,3.04E-6,1.6E-7,M1,2.42E-6,7.2E-7,2.4000000000000003E-7,6.4E-7,M1,3.17E-6,2.0365E-5,2.4000000000000003E-7,6.4E-7,M1,3.9255E-5,4.3E-6,6.4E-7,2.4000000000000003E-7,M1,2.059E-5,3.46E-6,6.4E-7,2.4000000000000003E-7,M1,2.059E-5,3.46E-6,6.4E-7,2.4000000000000003E-7,M1,2.095E-5,2.18E-6,6.4E-7,2.4000000000000003E-7,M1,4.253E-5,2.0365E-5,2.4000000000000003E-7,6.4E-7,M1,4.328E-5,7.2E-7,2.4000000000000003E-7,6.4E-7,M1,1.461E-5,1.986E-5,1.6E-7,8.6E-7,M1,1.461E-5,1.986E-5,2.7E-7,1.6E-7,M1,1.523E-5,1.982E-5,6.4E-7,2.4000000000000003E-7,M1,2.133E-5,1.744E-5,2.4000000000000003E-7,6.4E-7,M1,1.082E-5,2.2845E-5,2.4000000000000003E-7,6.4E-7,M1,1.3690000000000001E-5,2.1345E-5,2.4000000000000003E-7,6.4E-7,M1,3.201E-5,2.1345E-5,2.4000000000000003E-7,6.4E-7,M1,3.488E-5,2.2845E-5,2.4000000000000003E-7,6.4E-7,M1,2.201E-5,1.74E-6,1.9200000000000003E-6,1.6E-7,M1,2.001E-5,1.7725E-5,1.6E-7,3.15E-7,M1,1.825E-5,1.7725E-5,1.9200000000000003E-6,1.6E-7,M1,2.749E-5,1.7285E-5,2.4000000000000003E-7,6.4E-7,M1,2.749E-5,1.704E-5,2.4000000000000003E-7,1.04E-6,M1,2.669E-5,1.7840000000000002E-5,1.04E-6,2.4000000000000003E-7,M1,2.577E-5,1.788E-5,1.9200000000000003E-6,1.6E-7,M1,2.435E-5,2.18E-6,6.4E-7,2.4000000000000003E-7,M1,2.471E-5,3.46E-6,6.4E-7,2.4000000000000003E-7,M2,3.73E-5,1.88E-6,3.2E-7,7.2E-7,M2,3.185E-5,1.26E-6,3.2E-7,7.2E-7,M2,2.0E-7,1.6865000000000002E-5,2.0E-7,6.0E-7,M2,2.0E-7,1.7265E-5,2.0E-7,3.76E-6,M2,2.0E-7,2.0825E-5,4.6E-7,2.0E-7,M2,4.6E-7,2.0825E-5,2.0E-7,6.0E-7,M2,4.554E-5,2.0025E-5,2.0E-7,1.0E-6,M2,4.474E-5,2.0825E-5,1.0E-6,2.0E-7,M2,4.554E-5,1.7265E-5,2.0E-7,3.76E-6,M2,4.554E-5,1.6865000000000002E-5,2.0E-7,6.0E-7,M2,1.377E-5,1.26E-6,3.2E-7,7.2E-7,M2,8.32E-6,1.88E-6,3.2E-7,7.2E-7,M2,1.999E-5,4.18E-6,2.0E-7,6.0E-7,M2,1.999E-5,5.2E-7,2.0E-7,3.86E-6,M2,1.919E-5,5.2E-7,1.0E-6,2.0E-7,M2,1.999E-5,5.2E-7,2.0E-7,1.0E-6,M2,2.433E-5,1.74E-5,3.2E-7,7.2E-7,M2,3.0030000000000002E-5,1.978E-5,7.2E-7,3.2E-7,M2,3.706E-5,4.0E-8,6.0E-7,2.0E-7,M2,1.002E-5,4.0E-8,2.744E-5,2.0E-7,M2,9.62E-6,4.0E-8,6.0E-7,2.0E-7,M2,6.065E-6,4.32E-6,6.0E-7,2.0E-7,M2,6.265E-6,4.32E-6,8.835000000000001E-6,2.0E-7,M2,1.464E-5,4.26E-6,7.2E-7,3.2E-7,M2,2.467E-5,3.42E-6,7.2E-7,3.2E-7,M2,1.893E-5,5.02E-6,6.0E-7,2.0E-7,M2,1.913E-5,5.02E-6,1.131E-5,2.0E-7,M2,3.0240000000000002E-5,5.02E-6,2.0E-7,6.0E-7,M2,2.594E-5,4.6E-7,3.2E-7,7.2E-7,M2,2.594E-5,3.32E-6,3.2E-7,1.12E-6,M2,2.514E-5,4.12E-6,1.12E-6,3.2E-7,M2,1.089E-5,1.9625E-5,7.2E-7,3.2E-7,M2,1.129E-5,1.978E-5,1.12E-6,3.2E-7,M2,1.129E-5,1.898E-5,3.2E-7,1.12E-6,M2,2.38E-6,6.800000000000001E-7,3.2E-7,7.2E-7,M2,3.13E-6,2.0325E-5,3.2E-7,7.2E-7,M2,3.9215E-5,4.26E-6,7.2E-7,3.2E-7,M2,2.055E-5,3.42E-6,7.2E-7,3.2E-7,M2,2.055E-5,3.42E-6,7.2E-7,3.2E-7,M2,2.091E-5,2.14E-6,7.2E-7,3.2E-7,M2,4.249E-5,2.0325E-5,3.2E-7,7.2E-7,M2,4.324E-5,6.800000000000001E-7,3.2E-7,7.2E-7,M2,1.519E-5,1.978E-5,7.2E-7,3.2E-7,M2,2.129E-5,1.74E-5,3.2E-7,7.2E-7,M2,1.078E-5,2.2805E-5,3.2E-7,7.2E-7,M2,1.365E-5,2.1305E-5,3.2E-7,7.2E-7,M2,3.197E-5,2.1305E-5,3.2E-7,7.2E-7,M2,3.484E-5,2.2805E-5,3.2E-7,7.2E-7,M2,2.751E-5,1.7305E-5,2.0E-7,6.0E-7,M2,2.751E-5,1.7705E-5,2.0E-7,3.55E-7,M2,2.751E-5,1.706E-5,2.0E-7,1.0E-6,M2,2.671E-5,1.7860000000000002E-5,1.0E-6,2.0E-7,M2,2.431E-5,2.14E-6,7.2E-7,3.2E-7,M2,2.467E-5,3.42E-6,7.2E-7,3.2E-7,M3,3.736E-5,1.94E-6,2.0E-7,6.0E-7,M3,3.191E-5,2.34E-6,5.65E-6,2.0E-7,M3,3.191E-5,1.72E-6,2.0E-7,8.2E-7,M3,3.191E-5,1.32E-6,2.0E-7,6.0E-7,M3,1.383E-5,1.32E-6,2.0E-7,6.0E-7,M3,1.383E-5,1.72E-6,2.0E-7,8.2E-7,M3,8.38E-6,2.34E-6,5.65E-6,2.0E-7,M3,8.38E-6,1.94E-6,2.0E-7,6.0E-7,M3,2.433E-5,1.74E-5,3.2E-7,7.2E-7,M3,2.433E-5,1.978E-5,1.12E-6,3.2E-7,M3,2.433E-5,1.898E-5,3.2E-7,1.12E-6,M3,2.4390000000000002E-5,1.984E-5,5.9E-6,2.0E-7,M3,3.009E-5,1.984E-5,6.0E-7,2.0E-7,M3,1.47E-5,4.32E-6,6.0E-7,2.0E-7,M3,1.49E-5,4.32E-6,1.003E-5,2.0E-7,M3,2.4730000000000002E-5,3.48E-6,2.0E-7,1.04E-6,M3,2.4730000000000002E-5,3.48E-6,6.0E-7,2.0E-7,M3,2.6000000000000002E-5,5.2E-7,2.0E-7,6.0E-7,M3,2.6000000000000002E-5,5.2E-7,2.0E-7,3.86E-6,M3,2.6000000000000002E-5,3.3800000000000002E-6,2.0E-7,1.0E-6,M3,2.52E-5,4.18E-6,1.0E-6,2.0E-7,M3,1.089E-5,1.9625E-5,7.2E-7,3.2E-7,M3,1.129E-5,1.978E-5,1.12E-6,3.2E-7,M3,1.129E-5,1.898E-5,3.2E-7,1.12E-6,M3,2.44E-6,7.4E-7,2.0E-7,6.0E-7,M3,2.44E-6,7.4E-7,2.0E-7,1.9845E-5,M3,2.44E-6,2.0385E-5,9.5E-7,2.0E-7,M3,3.19E-6,2.0385E-5,2.0E-7,6.0E-7,M3,3.9275E-5,4.32E-6,6.0E-7,2.0E-7,M3,3.084E-5,4.32E-6,8.835000000000001E-6,2.0E-7,M3,3.058E-5,4.26E-6,7.2E-7,3.2E-7,M3,2.055E-5,3.42E-6,7.2E-7,3.2E-7,M3,2.055E-5,3.42E-6,7.2E-7,3.2E-7,M3,2.091E-5,2.14E-6,7.2E-7,3.2E-7,M3,4.249E-5,2.0325E-5,3.2E-7,7.2E-7,M3,4.324E-5,1.9525E-5,3.2E-7,1.12E-6,M3,4.244E-5,2.0325E-5,1.12E-6,3.2E-7,M3,4.33E-5,7.4E-7,2.0E-7,1.9845E-5,M3,4.33E-5,7.4E-7,2.0E-7,6.0E-7,M3,1.525E-5,1.984E-5,6.0E-7,2.0E-7,M3,1.565E-5,1.7860000000000002E-5,2.0E-7,2.18E-6,M3,1.565E-5,1.7860000000000002E-5,5.9E-6,2.0E-7,M3,2.135E-5,1.746E-5,2.0E-7,6.0E-7,M3,1.084E-5,2.2865000000000002E-5,2.0E-7,6.0E-7,M3,1.084E-5,2.3265000000000002E-5,3.0700000000000003E-6,2.0E-7,M3,1.3710000000000001E-5,2.1765E-5,2.0E-7,1.7E-6,M3,1.3710000000000001E-5,2.1365E-5,2.0E-7,6.0E-7,M3,3.203E-5,2.1365E-5,2.0E-7,6.0E-7,M3,3.203E-5,2.1765E-5,2.0E-7,1.7E-6,M3,3.203E-5,2.3265000000000002E-5,3.0700000000000003E-6,2.0E-7,M3,3.49E-5,2.2865000000000002E-5,2.0E-7,6.0E-7,M3,2.4370000000000002E-5,2.2E-6,6.0E-7,2.0E-7,M3,2.4370000000000002E-5,2.2E-6,2.0E-7,1.48E-6,M3,2.431E-5,3.42E-6,1.12E-6,3.2E-7,M3,2.431E-5,2.62E-6,3.2E-7,1.12E-6,M3,2.467E-5,3.42E-6,7.2E-7,3.2E-7,M4,2.4390000000000002E-5,1.746E-5,2.0E-7,6.0E-7,M4,2.4390000000000002E-5,1.7860000000000002E-5,2.0E-7,2.18E-6,M4,2.4390000000000002E-5,1.984E-5,1.0E-6,2.0E-7,M4,2.4390000000000002E-5,1.904E-5,2.0E-7,1.0E-6,M4,1.095E-5,1.9685E-5,6.0E-7,2.0E-7,M4,1.135E-5,1.9685E-5,2.0E-7,3.55E-7,M4,1.135E-5,1.984E-5,1.0E-6,2.0E-7,M4,1.135E-5,1.904E-5,2.0E-7,1.0E-6,M4,3.064E-5,4.32E-6,6.0E-7,2.0E-7,M4,2.101E-5,4.32E-6,1.003E-5,2.0E-7,M4,2.101E-5,3.48E-6,2.0E-7,1.04E-6,M4,2.061E-5,3.48E-6,6.0E-7,2.0E-7,M4,2.061E-5,3.48E-6,6.0E-7,2.0E-7,M4,2.101E-5,3.48E-6,2.95E-7,2.0E-7,M4,2.1045E-5,2.62E-6,3.2E-7,1.12E-6,M4,2.0245E-5,3.42E-6,1.12E-6,3.2E-7,M4,2.1045E-5,2.14E-6,3.2E-7,1.12E-6,M4,2.1045E-5,2.14E-6,1.12E-6,3.2E-7,M4,2.1105000000000002E-5,2.2E-6,4.65E-7,2.0E-7,M4,2.097E-5,2.2E-6,6.0E-7,2.0E-7,M4,4.2550000000000004E-5,2.0385E-5,2.0E-7,6.0E-7,M4,4.2550000000000004E-5,2.0385E-5,9.5E-7,2.0E-7,M4,4.33E-5,1.9585E-5,2.0E-7,1.0E-6,M4,4.25E-5,2.0385E-5,1.0E-6,2.0E-7,M4,2.431E-5,3.42E-6,1.12E-6,3.2E-7,M4,2.431E-5,2.62E-6,3.2E-7,1.12E-6,M4,2.419E-5,3.42E-6,7.2E-7,3.2E-7,M4,2.445E-5,3.48E-6,4.800000000000001E-7,2.0E-7,M4,2.4730000000000002E-5,3.48E-6,6.0E-7,2.0E-7,M5,2.1105000000000002E-5,2.68E-6,2.0E-7,1.0E-6,M5,2.0305E-5,3.48E-6,1.0E-6,2.0E-7,M5,2.1105000000000002E-5,2.2E-6,2.0E-7,1.48E-6,M5,2.1105000000000002E-5,2.2E-6,2.0E-7,1.0E-6,M5,2.1105000000000002E-5,2.2E-6,1.0E-6,2.0E-7,M5,2.431E-5,3.42E-6,1.12E-6,3.2E-7,M5,2.431E-5,2.62E-6,3.2E-7,1.12E-6,M5,2.419E-5,3.42E-6,7.2E-7,3.2E-7,M6,2.4370000000000002E-5,3.48E-6,1.0E-6,2.0E-7,M6,2.4370000000000002E-5,2.68E-6,2.0E-7,1.0E-6,M6,2.4370000000000002E-5,3.48E-6,2.8E-7,2.0E-7,M6,2.425E-5,3.48E-6,6.0E-7,2.0E-7,
M1,1.101E-5,4.6E-6,2.4000000000000003E-7,6.4E-7,M1,8.19E-6,4.7E-6,2.4000000000000003E-7,6.4E-7,M1,2.682E-5,1.2755E-5,2.4000000000000003E-7,6.4E-7,M1,2.845E-5,9.225E-6,2.4000000000000003E-7,1.04E-6,M1,2.765E-5,1.0025E-5,1.04E-6,2.4000000000000003E-7,M1,2.849E-5,1.35E-6,1.6E-7,8.875E-6,M1,2.959E-5,4.7E-6,2.4000000000000003E-7,6.4E-7,M1,2.677E-5,4.6E-6,2.4000000000000003E-7,6.4E-7,M1,1.8E-7,9.235E-6,2.4000000000000003E-7,6.4E-7,M1,4.4E-7,1.3195E-5,2.4000000000000003E-7,6.4E-7,M1,1.221E-5,1.3E-6,2.4000000000000003E-7,6.4E-7,M1,2.6E-7,1.7E-6,2.4000000000000003E-7,1.04E-6,M1,2.6E-7,1.7E-6,1.04E-6,2.4000000000000003E-7,M1,3.0E-7,1.74E-6,1.6E-7,2.1E-7,M1,3.738E-5,1.1410000000000001E-5,1.6E-7,1.985E-6,M1,2.296E-5,1.1410000000000001E-5,1.4580000000000001E-5,1.6E-7,M1,3.734E-5,1.3195E-5,2.4000000000000003E-7,6.4E-7,M1,3.76E-5,9.235E-6,2.4000000000000003E-7,6.4E-7,M1,1.699E-5,2.18E-6,6.4E-7,2.4000000000000003E-7,M1,3.011E-5,3.5600000000000002E-6,6.4E-7,2.4000000000000003E-7,M1,3.752E-5,1.35E-6,2.4000000000000003E-7,6.4E-7,M1,2.557E-5,1.3E-6,2.4000000000000003E-7,6.4E-7,M1,1.2415E-5,3.5E-6,1.95E-7,1.6E-7,M1,1.2415E-5,2.22E-6,1.6E-7,1.44E-6,M1,1.5380000000000002E-5,1.3055E-5,6.4E-7,2.4000000000000003E-7,M1,1.2100000000000001E-5,1.2055E-5,6.4E-7,2.4000000000000003E-7,M1,2.197E-5,1.027E-5,2.7E-7,1.6E-7,M1,2.2080000000000002E-5,1.027E-5,1.6E-7,8.6E-7,M1,1.578E-5,1.027E-5,2.7E-7,1.6E-7,M1,1.578E-5,1.027E-5,1.6E-7,8.6E-7,M1,1.096E-5,1.2755E-5,2.4000000000000003E-7,6.4E-7,M1,9.33E-6,1.0025E-5,1.04E-6,2.4000000000000003E-7,M1,9.33E-6,9.225E-6,2.4000000000000003E-7,1.04E-6,M1,9.37E-6,1.35E-6,1.6E-7,8.875E-6,M1,1.542E-5,7.85E-6,1.6E-7,2.58E-6,M1,1.456E-5,7.85E-6,1.02E-6,1.6E-7,M1,1.648E-5,1.2395E-5,5.06E-6,1.6E-7,M1,2.039E-5,2.18E-6,6.4E-7,2.4000000000000003E-7,M1,7.27E-6,3.5600000000000002E-6,6.4E-7,2.4000000000000003E-7,M1,2.2E-5,1.3055E-5,6.4E-7,2.4000000000000003E-7,M1,2.5280000000000002E-5,1.2055E-5,6.4E-7,2.4000000000000003E-7,M1,2.889E-5,2.0E-8,6.4E-7,2.4000000000000003E-7,M1,8.49E-6,2.0E-8,6.4E-7,2.4000000000000003E-7,M1,2.2440000000000002E-5,7.85E-6,1.6E-7,2.58E-6,M1,2.2440000000000002E-5,7.85E-6,1.02E-6,1.6E-7,M1,1.097E-5,1.3E-6,1.6E-7,3.5E-6,M1,1.097E-5,4.6400000000000005E-6,2.4000000000000003E-7,1.6E-7,M1,2.6890000000000002E-5,1.3E-6,1.6E-7,3.5E-6,M1,2.681E-5,4.6400000000000005E-6,2.4000000000000003E-7,1.6E-7,M1,2.5445E-5,2.22E-6,1.6E-7,1.44E-6,M1,2.541E-5,3.5E-6,1.95E-7,1.6E-7,M1,4.800000000000001E-7,1.1410000000000001E-5,1.4580000000000001E-5,1.6E-7,M1,4.4E-7,1.137E-5,2.4000000000000003E-7,1.04E-6,M1,4.4E-7,1.137E-5,1.04E-6,2.4000000000000003E-7,M1,4.4E-7,1.3195E-5,2.4000000000000003E-7,6.4E-7,M1,1.805E-5,1.74E-6,1.9200000000000003E-6,1.6E-7,M2,1.097E-5,4.56E-6,3.2E-7,7.2E-7,M2,8.15E-6,4.66E-6,3.2E-7,7.2E-7,M2,2.684E-5,1.2775E-5,2.0E-7,6.0E-7,M2,2.684E-5,1.0045E-5,2.0E-7,2.93E-6,M2,2.684E-5,1.0045E-5,1.83E-6,2.0E-7,M2,2.847E-5,9.245E-6,2.0E-7,1.0E-6,M2,2.767E-5,1.0045E-5,1.0E-6,2.0E-7,M2,2.955E-5,4.66E-6,3.2E-7,7.2E-7,M2,2.673E-5,4.56E-6,3.2E-7,7.2E-7,M2,1.4E-7,9.195000000000001E-6,3.2E-7,7.2E-7,M2,4.0E-7,1.3155E-5,3.2E-7,7.2E-7,M2,1.223E-5,1.32E-6,2.0E-7,6.0E-7,M2,2.8E-7,1.72E-6,1.215E-5,2.0E-7,M2,2.8E-7,1.72E-6,2.0E-7,1.0E-6,M2,2.8E-7,1.72E-6,1.0E-6,2.0E-7,M2,3.73E-5,1.3155E-5,3.2E-7,7.2E-7,M2,3.756E-5,9.195000000000001E-6,3.2E-7,7.2E-7,M2,1.6950000000000002E-5,2.14E-6,7.2E-7,3.2E-7,M2,3.0070000000000002E-5,3.52E-6,7.2E-7,3.2E-7,M2,3.748E-5,1.31E-6,3.2E-7,7.2E-7,M2,2.553E-5,1.26E-6,3.2E-7,7.2E-7,M2,1.54E-5,1.3075000000000001E-5,6.0E-7,2.0E-7,M2,1.54E-5,1.2075E-5,2.0E-7,1.2E-6,M2,1.252E-5,1.2075E-5,3.08E-6,2.0E-7,M2,1.2120000000000001E-5,1.2075E-5,6.0E-7,2.0E-7,M2,1.098E-5,1.2775E-5,2.0E-7,6.0E-7,M2,1.098E-5,1.0045E-5,2.0E-7,2.93E-6,M2,9.35E-6,1.0045E-5,1.83E-6,2.0E-7,M2,9.35E-6,1.0045E-5,1.0E-6,2.0E-7,M2,9.35E-6,9.245E-6,2.0E-7,1.0E-6,M2,2.041E-5,2.2E-6,6.0E-7,2.0E-7,M2,2.041E-5,2.2E-6,2.0E-7,1.5800000000000001E-6,M2,7.690000000000001E-6,3.58E-6,1.292E-5,2.0E-7,M2,7.2900000000000005E-6,3.58E-6,6.0E-7,2.0E-7,M2,2.202E-5,1.3075000000000001E-5,6.0E-7,2.0E-7,M2,2.242E-5,1.2075E-5,2.0E-7,1.2E-6,M2,2.242E-5,1.2075E-5,3.08E-6,2.0E-7,M2,2.5300000000000002E-5,1.2075E-5,6.0E-7,2.0E-7,M2,2.891E-5,4.0E-8,6.0E-7,2.0E-7,M2,8.91E-6,4.0E-8,2.02E-5,2.0E-7,M2,8.51E-6,4.0E-8,6.0E-7,2.0E-7,M2,4.0E-7,1.133E-5,3.2E-7,1.12E-6,M2,4.0E-7,1.133E-5,1.12E-6,3.2E-7,M2,4.0E-7,1.3155E-5,3.2E-7,7.2E-7,M3,1.103E-5,4.62E-6,2.0E-7,6.0E-7,M3,8.210000000000001E-6,4.62E-6,3.02E-6,2.0E-7,M3,8.15E-6,4.56E-6,3.2E-7,1.12E-6,M3,8.15E-6,4.56E-6,1.12E-6,3.2E-7,M3,8.15E-6,4.66E-6,3.2E-7,7.2E-7,M3,2.955E-5,4.66E-6,3.2E-7,7.2E-7,M3,2.673E-5,4.56E-6,3.2E-7,7.2E-7,M3,2.0E-7,9.255E-6,2.0E-7,6.0E-7,M3,2.0E-7,9.655E-6,2.0E-7,3.76E-6,M3,2.0E-7,1.3215E-5,4.6E-7,2.0E-7,M3,4.6E-7,1.3215E-5,2.0E-7,6.0E-7,M3,3.736E-5,1.3215E-5,2.0E-7,6.0E-7,M3,3.736E-5,1.3215E-5,4.6E-7,2.0E-7,M3,3.762E-5,9.655E-6,2.0E-7,3.76E-6,M3,3.762E-5,9.255E-6,2.0E-7,6.0E-7,M3,1.701E-5,2.2E-6,6.0E-7,2.0E-7,M3,1.741E-5,2.2E-6,2.0E-7,1.5800000000000001E-6,M3,1.741E-5,3.58E-6,1.292E-5,2.0E-7,M3,3.013E-5,3.58E-6,6.0E-7,2.0E-7,M3,3.748E-5,1.31E-6,3.2E-7,7.2E-7,M3,3.668E-5,1.66E-6,1.12E-6,3.2E-7,M3,3.748E-5,1.66E-6,3.2E-7,1.12E-6,M3,2.559E-5,1.72E-6,1.215E-5,2.0E-7,M3,2.559E-5,1.32E-6,2.0E-7,6.0E-7,M3,4.0E-7,1.133E-5,3.2E-7,1.12E-6,M3,4.0E-7,1.133E-5,1.12E-6,3.2E-7,M3,4.0E-7,1.3155E-5,3.2E-7,7.2E-7,M4,8.210000000000001E-6,4.62E-6,2.0E-7,1.0E-6,M4,8.210000000000001E-6,4.62E-6,1.0E-6,2.0E-7,M4,8.210000000000001E-6,4.62E-6,2.0E-7,3.0E-7,M4,8.210000000000001E-6,4.72E-6,2.0E-7,6.0E-7,M4,2.961E-5,4.72E-6,2.0E-7,6.0E-7,M4,2.961E-5,4.62E-6,2.0E-7,3.0E-7,M4,2.679E-5,4.62E-6,3.02E-6,2.0E-7,M4,2.679E-5,4.62E-6,2.0E-7,6.0E-7,M4,3.754E-5,1.37E-6,2.0E-7,6.0E-7,M4,3.754E-5,1.72E-6,2.0E-7,2.5E-7,M4,3.6740000000000004E-5,1.72E-6,1.0E-6,2.0E-7,M4,3.754E-5,1.72E-6,2.0E-7,1.0E-6,M4,4.6E-7,1.1390000000000001E-5,2.0E-7,1.0E-6,M4,4.6E-7,1.1390000000000001E-5,1.0E-6,2.0E-7,M4,4.6E-7,1.1390000000000001E-5,2.0E-7,2.025E-6,M4,4.6E-7,1.3215E-5,2.0E-7,6.0E-7,
M1,1.667E-5,8.845000000000001E-6,2.4000000000000003E-7,6.4E-7,M1,1.514E-5,1.1665000000000001E-5,6.4E-7,2.4000000000000003E-7,M1,3.2900000000000003E-6,1.405E-6,2.4000000000000003E-7,6.4E-7,M1,3.32E-6,1.8195E-5,2.4000000000000003E-7,6.4E-7,M1,1.827E-5,8.845000000000001E-6,2.4000000000000003E-7,6.4E-7,M1,1.94E-5,1.1665000000000001E-5,6.4E-7,2.4000000000000003E-7,M1,2.206E-5,5.405E-6,1.9200000000000003E-6,1.6E-7,M1,1.12E-5,6.05E-7,1.6E-7,4.96E-6,M1,7.75E-6,6.05E-7,3.61E-6,1.6E-7,M1,2.035E-5,2.0725E-5,1.01E-6,1.6E-7,M1,2.031E-5,2.0685E-5,1.04E-6,2.4000000000000003E-7,M1,2.031E-5,1.9885E-5,2.4000000000000003E-7,1.04E-6,M1,2.011E-5,1.399E-5,6.4E-7,2.4000000000000003E-7,M1,2.382E-5,6.05E-7,1.6E-7,4.96E-6,M1,2.382E-5,6.05E-7,3.61E-6,1.6E-7,M1,4.4E-7,1.8635E-5,2.4000000000000003E-7,6.4E-7,M1,1.8E-7,1.4675000000000001E-5,2.4000000000000003E-7,6.4E-7,M1,2.869E-5,1.365E-6,2.4000000000000003E-7,6.4E-7,M1,3.26E-5,1.8450000000000001E-6,2.4000000000000003E-7,6.4E-7,M1,3.3600000000000004E-5,2.0E-8,6.4E-7,2.4000000000000003E-7,M1,1.3E-6,2.0E-8,6.4E-7,2.4000000000000003E-7,M1,1.376E-5,1.1705E-5,1.6E-7,7.2E-7,M1,1.376E-5,1.2265E-5,7.2E-7,1.6E-7,M1,3.476E-5,1.4675000000000001E-5,2.4000000000000003E-7,6.4E-7,M1,3.45E-5,1.8635E-5,2.4000000000000003E-7,6.4E-7,M1,2.34E-6,1.8450000000000001E-6,2.4000000000000003E-7,6.4E-7,M1,6.25E-6,1.365E-6,2.4000000000000003E-7,6.4E-7,M1,2.43E-5,4.225E-6,6.4E-7,2.4000000000000003E-7,M1,1.42E-5,1.0385E-5,6.4E-7,2.4000000000000003E-7,M1,1.9E-5,1.1705E-5,1.6E-7,7.2E-7,M1,1.9E-5,1.1705E-5,1.815E-6,1.6E-7,M1,1.12E-5,5.405E-6,1.9200000000000003E-6,1.6E-7,M1,1.467E-5,1.403E-5,1.6E-7,6.8550000000000004E-6,M1,1.463E-5,1.9885E-5,2.4000000000000003E-7,1.04E-6,M1,1.383E-5,2.0685E-5,1.04E-6,2.4000000000000003E-7,M1,1.338E-5,2.0685E-5,6.4E-7,2.4000000000000003E-7,M1,2.1720000000000002E-5,1.9585E-5,2.4000000000000003E-7,6.4E-7,M1,2.184E-5,1.4050000000000001E-5,2.4000000000000003E-7,6.4E-7,M1,2.188E-5,1.347E-5,1.6E-7,9.8E-7,M1,2.154E-5,6.000000000000001E-8,1.6E-7,4.365E-6,M1,2.15E-5,2.0E-8,2.4000000000000003E-7,1.04E-6,M1,2.15E-5,2.0E-8,1.04E-6,2.4000000000000003E-7,M1,2.6490000000000002E-5,2.0E-8,6.4E-7,2.4000000000000003E-7,M1,2.549E-5,1.365E-6,2.4000000000000003E-7,6.4E-7,M1,9.450000000000001E-6,1.365E-6,2.4000000000000003E-7,6.4E-7,M1,2.0340000000000002E-5,1.0385E-5,6.4E-7,2.4000000000000003E-7,M1,1.024E-5,4.225E-6,6.4E-7,2.4000000000000003E-7,M1,1.522E-5,1.347E-5,4.74E-6,1.6E-7,M1,3.1650000000000004E-5,1.405E-6,2.4000000000000003E-7,6.4E-7,M1,3.162E-5,1.8195E-5,2.4000000000000003E-7,6.4E-7,M1,8.29E-6,6.000000000000001E-8,5.3500000000000004E-6,1.6E-7,M1,1.348E-5,6.000000000000001E-8,1.6E-7,4.365E-6,M1,1.322E-5,1.9585E-5,2.4000000000000003E-7,6.4E-7,M1,1.31E-5,1.4050000000000001E-5,2.4000000000000003E-7,6.4E-7,M1,1.314E-5,1.347E-5,1.6E-7,9.8E-7,M2,1.6630000000000002E-5,8.805E-6,3.2E-7,7.2E-7,M2,1.5100000000000001E-5,1.1625E-5,7.2E-7,3.2E-7,M2,3.31E-6,1.4250000000000001E-6,2.0E-7,6.0E-7,M2,3.31E-6,1.825E-6,2.0E-7,1.659E-5,M2,3.31E-6,1.8215E-5,2.3E-7,2.0E-7,M2,3.34E-6,1.8215E-5,2.0E-7,6.0E-7,M2,1.823E-5,8.805E-6,3.2E-7,7.2E-7,M2,1.936E-5,1.1625E-5,7.2E-7,3.2E-7,M2,2.033E-5,2.0705E-5,1.0E-6,2.0E-7,M2,2.033E-5,1.9905E-5,2.0E-7,1.0E-6,M2,2.033E-5,1.401E-5,2.0E-7,6.895E-6,M2,2.0130000000000002E-5,1.401E-5,6.0E-7,2.0E-7,M2,4.0E-7,1.8595E-5,3.2E-7,7.2E-7,M2,1.4E-7,1.4635E-5,3.2E-7,7.2E-7,M2,2.8650000000000002E-5,1.325E-6,3.2E-7,7.2E-7,M2,3.256E-5,1.805E-6,3.2E-7,7.2E-7,M2,3.3560000000000004E-5,-2.0E-8,7.2E-7,3.2E-7,M2,6.775E-6,-2.0E-8,7.2E-7,3.2E-7,M2,1.52E-6,4.0E-8,5.715E-6,2.0E-7,M2,1.32E-6,4.0E-8,6.0E-7,2.0E-7,M2,3.472E-5,1.4635E-5,3.2E-7,7.2E-7,M2,3.446E-5,1.8595E-5,3.2E-7,7.2E-7,M2,2.3E-6,1.805E-6,3.2E-7,7.2E-7,M2,6.21E-6,1.325E-6,3.2E-7,7.2E-7,M2,2.426E-5,4.185E-6,7.2E-7,3.2E-7,M2,1.416E-5,1.0345E-5,7.2E-7,3.2E-7,M2,1.465E-5,1.9905E-5,2.0E-7,1.0E-6,M2,1.385E-5,2.0705E-5,1.0E-6,2.0E-7,M2,1.38E-5,2.0705E-5,1.0500000000000001E-6,2.0E-7,M2,1.34E-5,2.0705E-5,6.0E-7,2.0E-7,M2,2.1740000000000002E-5,1.9605E-5,2.0E-7,6.0E-7,M2,2.1740000000000002E-5,2.0005E-5,3.2E-7,2.0E-7,M2,2.186E-5,1.427E-5,2.0E-7,5.935E-6,M2,2.186E-5,1.407E-5,2.0E-7,6.0E-7,M2,2.146E-5,-2.0E-8,3.2E-7,1.12E-6,M2,2.146E-5,-2.0E-8,1.12E-6,3.2E-7,M2,2.645E-5,-2.0E-8,7.2E-7,3.2E-7,M2,2.551E-5,1.385E-6,2.0E-7,6.0E-7,M2,9.47E-6,1.785E-6,1.624E-5,2.0E-7,M2,9.47E-6,1.385E-6,2.0E-7,6.0E-7,M2,2.03E-5,1.0345E-5,7.2E-7,3.2E-7,M2,1.02E-5,4.185E-6,7.2E-7,3.2E-7,M2,3.167E-5,1.4250000000000001E-6,2.0E-7,6.0E-7,M2,3.167E-5,1.825E-6,2.0E-7,1.659E-5,M2,3.164E-5,1.8215E-5,2.3E-7,2.0E-7,M2,3.164E-5,1.8215E-5,2.0E-7,6.0E-7,M2,1.324E-5,1.9605E-5,2.0E-7,6.0E-7,M2,1.312E-5,2.0005E-5,3.2E-7,2.0E-7,M2,1.312E-5,1.427E-5,2.0E-7,5.935E-6,M2,1.312E-5,1.407E-5,2.0E-7,6.0E-7,M3,1.669E-5,8.865E-6,2.0E-7,6.0E-7,M3,1.556E-5,9.265E-6,1.33E-6,2.0E-7,M3,1.556E-5,9.265E-6,2.0E-7,2.62E-6,M3,1.516E-5,1.1685E-5,6.0E-7,2.0E-7,M3,1.829E-5,8.865E-6,2.0E-7,6.0E-7,M3,1.829E-5,9.265E-6,1.33E-6,2.0E-7,M3,1.942E-5,9.265E-6,2.0E-7,2.62E-6,M3,1.942E-5,1.1685E-5,6.0E-7,2.0E-7,M3,4.6E-7,1.8655E-5,2.0E-7,6.0E-7,M3,4.6E-7,1.5095E-5,2.0E-7,3.76E-6,M3,2.0E-7,1.5095E-5,4.6E-7,2.0E-7,M3,2.0E-7,1.4695E-5,2.0E-7,6.0E-7,M3,2.871E-5,1.385E-6,2.0E-7,6.0E-7,M3,2.871E-5,1.785E-6,4.1100000000000005E-6,2.0E-7,M3,3.262E-5,1.785E-6,2.0E-7,6.800000000000001E-7,M3,3.262E-5,1.8650000000000001E-6,2.0E-7,6.0E-7,M3,3.3560000000000004E-5,-2.0E-8,7.2E-7,3.2E-7,M3,6.775E-6,-2.0E-8,7.2E-7,3.2E-7,M3,3.478E-5,1.4695E-5,2.0E-7,6.0E-7,M3,3.452E-5,1.5095E-5,4.6E-7,2.0E-7,M3,3.452E-5,1.5095E-5,2.0E-7,3.76E-6,M3,3.452E-5,1.8655E-5,2.0E-7,6.0E-7,M3,2.36E-6,1.8650000000000001E-6,2.0E-7,6.0E-7,M3,2.36E-6,1.785E-6,2.0E-7,6.800000000000001E-7,M3,2.36E-6,1.785E-6,4.1100000000000005E-6,2.0E-7,M3,6.27E-6,1.385E-6,2.0E-7,6.0E-7,M3,2.426E-5,4.185E-6,7.2E-7,3.2E-7,M3,1.416E-5,1.0345E-5,7.2E-7,3.2E-7,M3,2.146E-5,-2.0E-8,3.2E-7,1.12E-6,M3,2.146E-5,-2.0E-8,1.12E-6,3.2E-7,M3,2.645E-5,-2.0E-8,7.2E-7,3.2E-7,M3,2.036E-5,1.0405E-5,6.0E-7,2.0E-7,M3,2.056E-5,6.57E-6,2.0E-7,4.035E-6,M3,2.056E-5,4.245E-6,2.0E-7,2.525E-6,M3,1.97E-5,4.185E-6,1.12E-6,3.2E-7,M3,2.05E-5,4.185E-6,3.2E-7,1.12E-6,M3,1.02E-5,4.185E-6,7.2E-7,3.2E-7,M4,3.3560000000000004E-5,-2.0E-8,7.2E-7,3.2E-7,M4,6.775E-6,-2.0E-8,7.2E-7,3.2E-7,M4,2.432E-5,4.245E-6,6.0E-7,2.0E-7,M4,2.432E-5,4.245E-6,2.0E-7,2.525E-6,M4,2.432E-5,6.57E-6,2.0E-7,4.035E-6,M4,2.426E-5,9.545000000000001E-6,3.2E-7,1.12E-6,M4,2.346E-5,1.0345E-5,1.12E-6,3.2E-7,M4,1.416E-5,1.0345E-5,7.2E-7,3.2E-7,M4,2.152E-5,4.0E-8,2.0E-7,1.0E-6,M4,2.152E-5,4.0E-8,1.0E-6,2.0E-7,M4,2.152E-5,4.0E-8,5.39E-6,2.0E-7,M4,2.6510000000000002E-5,4.0E-8,6.0E-7,2.0E-7,M4,1.976E-5,4.245E-6,1.0E-6,2.0E-7,M4,2.056E-5,4.245E-6,2.0E-7,1.0E-6,M4,1.066E-5,4.245E-6,1.01E-5,2.0E-7,M4,1.026E-5,4.245E-6,6.0E-7,2.0E-7,M5,3.362E-5,4.0E-8,6.0E-7,2.0E-7,M5,7.035E-6,4.0E-8,2.6985E-5,2.0E-7,M5,6.835E-6,4.0E-8,6.0E-7,2.0E-7,M5,2.432E-5,9.605E-6,2.0E-7,1.0E-6,M5,2.3520000000000002E-5,1.0405E-5,1.0E-6,2.0E-7,M5,1.4420000000000001E-5,1.0405E-5,1.01E-5,2.0E-7,M5,1.4220000000000001E-5,1.0405E-5,6.0E-7,2.0E-7,
M1,2.164E-5,2.35E-6,1.6E-7,1.79E-6,M1,1.3520000000000001E-5,1.485E-5,6.54E-6,1.6E-7,M1,2.216E-5,5.12E-6,1.9200000000000003E-6,1.6E-7,M1,1.8E-7,1.6385E-5,2.4000000000000003E-7,6.4E-7,M1,4.4E-7,2.0345E-5,2.4000000000000003E-7,6.4E-7,M1,1.178E-5,2.35E-6,1.6E-7,1.79E-6,M1,1.2425E-5,1.2980000000000001E-5,6.4E-7,2.4000000000000003E-7,M1,7.22E-6,1.9205E-5,6.4E-7,2.4000000000000003E-7,M1,9.5E-6,1.365E-6,1.6E-7,3.915E-6,M1,9.5E-6,1.365E-6,7.900000000000001E-7,1.6E-7,M1,2.807E-5,7.2E-7,2.4000000000000003E-7,6.4E-7,M1,2.847E-5,1.9905E-5,2.4000000000000003E-7,6.4E-7,M1,1.344E-5,1.2980000000000001E-5,6.4E-7,2.4000000000000003E-7,M1,1.587E-5,1.0160000000000001E-5,2.4000000000000003E-7,6.4E-7,M1,8.54E-6,1.7925000000000002E-5,6.4E-7,2.4000000000000003E-7,M1,1.8245E-5,1.17E-5,6.4E-7,2.4000000000000003E-7,M1,1.262E-5,1.302E-5,2.05E-7,1.6E-7,M1,1.262E-5,1.302E-5,1.6E-7,7.900000000000001E-7,M1,2.519E-5,2.66E-6,6.4E-7,2.4000000000000003E-7,M1,7.75E-6,2.66E-6,6.4E-7,2.4000000000000003E-7,M1,2.185E-5,1.365E-6,2.4000000000000003E-7,6.4E-7,M1,2.646E-5,1.56E-6,2.4000000000000003E-7,6.4E-7,M1,2.392E-5,1.365E-6,1.6E-7,3.915E-6,M1,2.329E-5,1.365E-6,7.900000000000001E-7,1.6E-7,M1,3.316E-5,1.6385E-5,2.4000000000000003E-7,6.4E-7,M1,3.29E-5,2.0345E-5,2.4000000000000003E-7,6.4E-7,M1,1.481E-5,1.805E-6,3.96E-6,1.6E-7,M1,1.444E-5,2.168E-5,4.7E-6,1.6E-7,M1,2.44E-5,1.7925000000000002E-5,6.4E-7,2.4000000000000003E-7,M1,1.4695E-5,1.17E-5,6.4E-7,2.4000000000000003E-7,M1,1.9845E-5,1.548E-5,1.6E-7,3.925E-6,M1,1.95E-5,1.9245E-5,5.05E-7,1.6E-7,M1,9.5E-6,5.12E-6,1.9200000000000003E-6,1.6E-7,M1,2.0755E-5,1.365E-5,2.05E-7,1.6E-7,M1,2.0755E-5,1.302E-5,1.6E-7,7.900000000000001E-7,M1,5.27E-6,7.2E-7,2.4000000000000003E-7,6.4E-7,M1,4.87E-6,1.9905E-5,2.4000000000000003E-7,6.4E-7,M1,1.986E-5,1.4410000000000001E-5,2.4000000000000003E-7,6.4E-7,M1,1.894E-5,2.124E-5,2.4000000000000003E-7,6.4E-7,M1,1.747E-5,1.0160000000000001E-5,2.4000000000000003E-7,6.4E-7,M1,1.747E-5,1.2980000000000001E-5,1.04E-6,2.4000000000000003E-7,M1,1.747E-5,1.218E-5,2.4000000000000003E-7,1.04E-6,M1,1.751E-5,1.302E-5,2.19E-6,1.6E-7,M1,1.149E-5,1.365E-6,2.4000000000000003E-7,6.4E-7,M1,6.88E-6,1.56E-6,2.4000000000000003E-7,6.4E-7,M2,2.0E-7,1.6405E-5,2.0E-7,6.0E-7,M2,2.0E-7,1.6805E-5,2.0E-7,3.76E-6,M2,2.0E-7,2.0365E-5,4.6E-7,2.0E-7,M2,4.6E-7,2.0365E-5,2.0E-7,6.0E-7,M2,1.2385000000000001E-5,1.294E-5,7.2E-7,3.2E-7,M2,7.18E-6,1.9165E-5,7.2E-7,3.2E-7,M2,2.809E-5,7.4E-7,2.0E-7,6.0E-7,M2,2.809E-5,7.4E-7,2.0E-7,1.9385E-5,M2,2.809E-5,1.9925E-5,6.0E-7,2.0E-7,M2,2.849E-5,1.9925E-5,2.0E-7,6.0E-7,M2,1.34E-5,1.294E-5,7.2E-7,3.2E-7,M2,1.583E-5,1.012E-5,3.2E-7,7.2E-7,M2,8.5E-6,1.7885E-5,7.2E-7,3.2E-7,M2,1.8205E-5,1.166E-5,7.2E-7,3.2E-7,M2,2.521E-5,2.68E-6,6.0E-7,2.0E-7,M2,8.17E-6,2.68E-6,1.724E-5,2.0E-7,M2,7.77E-6,2.68E-6,6.0E-7,2.0E-7,M2,2.187E-5,1.385E-6,2.0E-7,6.0E-7,M2,2.187E-5,1.785E-6,4.81E-6,2.0E-7,M2,2.648E-5,1.785E-6,2.0E-7,3.9500000000000003E-7,M2,2.648E-5,1.5800000000000001E-6,2.0E-7,6.0E-7,M2,3.318E-5,1.6405E-5,2.0E-7,6.0E-7,M2,3.318E-5,1.6805E-5,2.0E-7,3.76E-6,M2,3.292E-5,2.0365E-5,4.6E-7,2.0E-7,M2,3.292E-5,2.0365E-5,2.0E-7,6.0E-7,M2,2.436E-5,1.7885E-5,7.2E-7,3.2E-7,M2,1.4655000000000001E-5,1.166E-5,7.2E-7,3.2E-7,M2,5.29E-6,7.4E-7,2.0E-7,6.0E-7,M2,5.29E-6,7.4E-7,2.0E-7,1.9385E-5,M2,4.89E-6,1.9925E-5,6.0E-7,2.0E-7,M2,4.89E-6,1.9925E-5,2.0E-7,6.0E-7,M2,1.982E-5,1.437E-5,3.2E-7,7.2E-7,M2,1.8900000000000002E-5,2.12E-5,3.2E-7,7.2E-7,M2,1.749E-5,1.018E-5,2.0E-7,6.0E-7,M2,1.749E-5,1.058E-5,2.0E-7,2.62E-6,M2,1.749E-5,1.3000000000000001E-5,1.0E-6,2.0E-7,M2,1.749E-5,1.22E-5,2.0E-7,1.0E-6,M2,1.151E-5,1.385E-6,2.0E-7,6.0E-7,M2,6.9E-6,1.785E-6,4.81E-6,2.0E-7,M2,6.9E-6,1.785E-6,2.0E-7,3.9500000000000003E-7,M2,6.9E-6,1.5800000000000001E-6,2.0E-7,6.0E-7,M3,1.2445E-5,1.3000000000000001E-5,6.0E-7,2.0E-7,M3,7.44E-6,1.3000000000000001E-5,5.405E-6,2.0E-7,M3,7.44E-6,1.3000000000000001E-5,2.0E-7,6.425E-6,M3,7.24E-6,1.9225E-5,6.0E-7,2.0E-7,M3,1.346E-5,1.3000000000000001E-5,6.0E-7,2.0E-7,M3,1.3860000000000001E-5,1.3000000000000001E-5,2.2300000000000002E-6,2.0E-7,M3,1.5890000000000002E-5,1.058E-5,2.0E-7,2.62E-6,M3,1.5890000000000002E-5,1.018E-5,2.0E-7,6.0E-7,M3,8.56E-6,1.7945000000000002E-5,6.0E-7,2.0E-7,M3,8.96E-6,1.7945000000000002E-5,9.705E-6,2.0E-7,M3,1.8465E-5,1.172E-5,2.0E-7,6.425E-6,M3,1.8265E-5,1.172E-5,6.0E-7,2.0E-7,M3,2.436E-5,1.7885E-5,7.2E-7,3.2E-7,M3,1.4655000000000001E-5,1.166E-5,7.2E-7,3.2E-7,M3,1.988E-5,1.443E-5,2.0E-7,6.0E-7,M3,1.896E-5,1.483E-5,1.12E-6,2.0E-7,M3,1.896E-5,1.483E-5,2.0E-7,7.0300000000000005E-6,M3,1.896E-5,2.126E-5,2.0E-7,6.0E-7,M4,2.442E-5,1.7945000000000002E-5,6.0E-7,2.0E-7,M4,1.4915E-5,1.7945000000000002E-5,9.705E-6,2.0E-7,M4,1.4915E-5,1.172E-5,2.0E-7,6.425E-6,M4,1.4715E-5,1.172E-5,6.0E-7,2.0E-7,
M1,1.674E-5,9.7E-6,2.4000000000000003E-7,6.4E-7,M1,1.861E-5,1.252E-5,6.4E-7,2.4000000000000003E-7,M1,2.007E-5,1.986E-5,2.85E-7,1.6E-7,M1,2.007E-5,1.5185000000000001E-5,1.6E-7,4.835E-6,M1,1.9125E-5,1.326E-5,7.450000000000001E-7,1.6E-7,M1,1.9125E-5,1.256E-5,1.6E-7,8.6E-7,M1,2.301E-5,3.58E-6,6.4E-7,2.4000000000000003E-7,M1,1.4400000000000001E-5,3.58E-6,6.4E-7,2.4000000000000003E-7,M1,1.248E-5,1.44E-6,1.6E-7,1.91E-6,M1,1.248E-5,3.19E-6,1.6E-7,1.73E-6,M1,1.119E-5,4.76E-6,1.45E-6,1.6E-7,M1,2.077E-5,4.76E-6,1.9200000000000003E-6,1.6E-7,M1,1.8685E-5,2.14E-6,1.6E-7,1.64E-6,M1,1.866E-5,2.14E-6,1.85E-7,1.6E-7,M1,2.62E-6,5.6E-7,2.4000000000000003E-7,6.4E-7,M1,1.4700000000000001E-6,2.052E-5,2.4000000000000003E-7,6.4E-7,M1,3.1440000000000004E-5,2.096E-5,2.4000000000000003E-7,6.4E-7,M1,3.1440000000000004E-5,1.752E-5,2.4000000000000003E-7,6.4E-7,M1,3.1480000000000004E-5,1.744E-5,1.6E-7,4.800000000000001E-7,M1,3.1480000000000004E-5,1.744E-5,4.2E-7,1.6E-7,M1,1.4060000000000001E-5,1.44E-6,4.0E-6,1.6E-7,M1,4.4E-7,2.096E-5,2.4000000000000003E-7,6.4E-7,M1,4.4E-7,1.752E-5,2.4000000000000003E-7,6.4E-7,M1,4.800000000000001E-7,1.744E-5,1.6E-7,4.800000000000001E-7,M1,2.2E-7,1.744E-5,4.2E-7,1.6E-7,M1,9.43E-6,4.76E-6,1.9200000000000003E-6,1.6E-7,M1,1.306E-5,2.1000000000000002E-6,6.4E-7,2.4000000000000003E-7,M1,1.326E-5,2.78E-6,2.4000000000000003E-7,1.04E-6,M1,1.2460000000000001E-5,3.58E-6,1.04E-6,2.4000000000000003E-7,M1,1.3275E-5,3.62E-6,1.85E-7,1.6E-7,M1,7.265E-6,6.000000000000001E-8,1.6005E-5,1.6E-7,M1,1.287E-5,1.252E-5,6.4E-7,2.4000000000000003E-7,M1,1.514E-5,1.172E-5,2.4000000000000003E-7,1.04E-6,M1,1.434E-5,1.252E-5,1.04E-6,2.4000000000000003E-7,M1,1.518E-5,1.014E-5,1.6E-7,2.58E-6,M1,1.236E-5,1.256E-5,1.45E-6,1.6E-7,M1,1.365E-5,1.256E-5,1.6E-7,8.6E-7,M1,1.2120000000000001E-5,1.252E-5,6.4E-7,2.4000000000000003E-7,M1,5.065E-6,1.982E-5,6.4E-7,2.4000000000000003E-7,M1,2.302E-5,1.3600000000000001E-6,2.4000000000000003E-7,6.4E-7,M1,1.7860000000000002E-5,1.0E-6,2.4000000000000003E-7,6.4E-7,M1,1.402E-5,1.0E-6,2.4000000000000003E-7,6.4E-7,M1,8.86E-6,1.3600000000000001E-6,2.4000000000000003E-7,6.4E-7,M1,8.47E-6,3.58E-6,6.4E-7,2.4000000000000003E-7,M1,1.708E-5,3.58E-6,6.4E-7,2.4000000000000003E-7,M1,2.077E-5,3.19E-6,1.6E-7,1.73E-6,M1,2.077E-5,1.44E-6,1.6E-7,1.91E-6,M1,1.948E-5,1.44E-6,1.45E-6,1.6E-7,M1,1.295E-5,1.4485000000000001E-5,7.8E-6,1.6E-7,M1,1.7480000000000002E-5,2.096E-5,2.4000000000000003E-7,6.4E-7,M1,1.897E-5,1.4045E-5,2.4000000000000003E-7,6.4E-7,M1,1.444E-5,2.273E-5,3.24E-6,1.6E-7,M1,3.0410000000000002E-5,2.052E-5,2.4000000000000003E-7,6.4E-7,M1,2.926E-5,5.6E-7,2.4000000000000003E-7,6.4E-7,M2,1.676E-5,9.72E-6,2.0E-7,6.0E-7,M2,1.676E-5,1.012E-5,2.0E-7,2.62E-6,M2,1.676E-5,1.254E-5,2.07E-6,2.0E-7,M2,1.863E-5,1.254E-5,6.0E-7,2.0E-7,M2,2.2970000000000002E-5,3.54E-6,7.2E-7,3.2E-7,M2,1.436E-5,3.54E-6,7.2E-7,3.2E-7,M2,2.64E-6,5.800000000000001E-7,2.0E-7,6.0E-7,M2,2.64E-6,5.800000000000001E-7,2.0E-7,2.016E-5,M2,2.58E-6,1.968E-5,3.2E-7,1.12E-6,M2,1.7800000000000001E-6,2.048E-5,1.12E-6,3.2E-7,M2,1.43E-6,2.048E-5,3.2E-7,7.2E-7,M2,3.146E-5,2.098E-5,2.0E-7,6.0E-7,M2,3.146E-5,1.774E-5,2.0E-7,3.44E-6,M2,3.146E-5,1.754E-5,2.0E-7,6.0E-7,M2,4.6E-7,2.098E-5,2.0E-7,6.0E-7,M2,4.6E-7,1.774E-5,2.0E-7,3.44E-6,M2,4.6E-7,1.754E-5,2.0E-7,6.0E-7,M2,1.302E-5,2.06E-6,7.2E-7,3.2E-7,M2,1.322E-5,2.74E-6,3.2E-7,1.12E-6,M2,1.242E-5,3.54E-6,1.12E-6,3.2E-7,M2,1.289E-5,1.254E-5,6.0E-7,2.0E-7,M2,1.329E-5,1.254E-5,2.07E-6,2.0E-7,M2,1.516E-5,1.174E-5,2.0E-7,1.0E-6,M2,1.436E-5,1.254E-5,1.0E-6,2.0E-7,M2,1.214E-5,1.254E-5,6.0E-7,2.0E-7,M2,1.234E-5,1.254E-5,2.0E-7,7.5E-6,M2,5.285E-6,1.984E-5,7.255E-6,2.0E-7,M2,5.0850000000000004E-6,1.984E-5,6.0E-7,2.0E-7,M2,2.298E-5,1.32E-6,3.2E-7,7.2E-7,M2,1.782E-5,9.600000000000001E-7,3.2E-7,7.2E-7,M2,1.398E-5,9.600000000000001E-7,3.2E-7,7.2E-7,M2,8.82E-6,1.32E-6,3.2E-7,7.2E-7,M2,8.49E-6,3.6000000000000003E-6,6.0E-7,2.0E-7,M2,8.89E-6,3.6000000000000003E-6,8.41E-6,2.0E-7,M2,1.71E-5,3.6000000000000003E-6,6.0E-7,2.0E-7,M2,1.7500000000000002E-5,2.098E-5,2.0E-7,6.0E-7,M2,1.7500000000000002E-5,1.4465E-5,2.0E-7,6.715E-6,M2,1.7500000000000002E-5,1.4465E-5,1.6900000000000001E-6,2.0E-7,M2,1.899E-5,1.4065E-5,2.0E-7,6.0E-7,M2,3.0370000000000002E-5,2.048E-5,3.2E-7,7.2E-7,M2,2.922E-5,5.2E-7,3.2E-7,7.2E-7,M3,2.303E-5,3.6000000000000003E-6,6.0E-7,2.0E-7,M3,1.482E-5,3.6000000000000003E-6,8.41E-6,2.0E-7,M3,1.4420000000000001E-5,3.6000000000000003E-6,6.0E-7,2.0E-7,M3,2.64E-6,1.974E-5,2.0E-7,1.0E-6,M3,1.84E-6,2.054E-5,1.0E-6,2.0E-7,M3,1.4900000000000001E-6,2.054E-5,1.35E-6,2.0E-7,M3,1.4900000000000001E-6,2.054E-5,2.0E-7,6.0E-7,M3,1.308E-5,2.12E-6,6.0E-7,2.0E-7,M3,1.328E-5,2.12E-6,2.0E-7,1.68E-6,M3,1.328E-5,2.8E-6,2.0E-7,1.0E-6,M3,1.248E-5,3.6000000000000003E-6,1.0E-6,2.0E-7,M3,2.304E-5,1.3800000000000001E-6,2.0E-7,6.0E-7,M3,1.914E-5,1.7800000000000001E-6,4.1E-6,2.0E-7,M3,1.914E-5,1.42E-6,2.0E-7,5.6E-7,M3,1.788E-5,1.42E-6,1.46E-6,2.0E-7,M3,1.788E-5,1.02E-6,2.0E-7,6.0E-7,M3,1.4040000000000001E-5,1.02E-6,2.0E-7,6.0E-7,M3,1.278E-5,1.42E-6,1.46E-6,2.0E-7,M3,1.278E-5,1.42E-6,2.0E-7,5.6E-7,M3,8.88E-6,1.7800000000000001E-6,4.1E-6,2.0E-7,M3,8.88E-6,1.3800000000000001E-6,2.0E-7,6.0E-7,M3,3.0430000000000002E-5,2.054E-5,2.0E-7,6.0E-7,M3,3.0430000000000002E-5,5.800000000000001E-7,2.0E-7,2.016E-5,M3,2.928E-5,5.800000000000001E-7,1.35E-6,2.0E-7,M3,2.928E-5,5.800000000000001E-7,2.0E-7,6.0E-7,
M1,2.924E-5,2.0605E-5,2.4000000000000003E-7,6.4E-7,M1,2.924E-5,6.3E-7,2.4000000000000003E-7,1.04E-6,M1,2.924E-5,6.3E-7,1.04E-6,2.4000000000000003E-7,M1,2.928E-5,6.7E-7,1.21E-6,1.6E-7,M1,1.2105E-5,3.725E-6,6.4E-7,2.4000000000000003E-7,M1,1.126E-5,3.725E-6,1.04E-6,2.4000000000000003E-7,M1,1.126E-5,2.925E-6,2.4000000000000003E-7,1.04E-6,M1,1.13E-5,2.35E-6,1.6E-7,1.575E-6,M1,2.13E-5,2.31E-6,6.4E-7,2.4000000000000003E-7,M1,2.0055E-5,3.725E-6,6.4E-7,2.4000000000000003E-7,M1,2.1380000000000002E-5,4.9050000000000005E-6,1.9200000000000003E-6,1.6E-7,M1,1.908E-5,1.4675000000000001E-5,2.4000000000000003E-7,6.4E-7,M1,1.4195E-5,1.5075E-5,6.4E-7,2.4000000000000003E-7,M1,1.3520000000000001E-5,1.5115E-5,1.075E-6,1.6E-7,M1,1.8E-7,1.7085E-5,2.4000000000000003E-7,6.4E-7,M1,4.4E-7,2.1045E-5,2.4000000000000003E-7,6.4E-7,M1,1.2665E-5,1.3335E-5,1.6E-7,7.4E-7,M1,1.262E-5,1.3915E-5,2.05E-7,1.6E-7,M1,3.212E-5,2.1045E-5,2.4000000000000003E-7,6.4E-7,M1,3.238E-5,1.7085E-5,2.4000000000000003E-7,6.4E-7,M1,1.1920000000000001E-5,1.045E-6,8.96E-6,1.6E-7,M1,1.474E-5,1.2015000000000001E-5,6.4E-7,2.4000000000000003E-7,M1,2.482E-5,1.8625E-5,6.4E-7,2.4000000000000003E-7,M1,1.326E-5,2.2355000000000002E-5,6.28E-6,1.6E-7,M1,1.011E-5,5.65E-7,2.4000000000000003E-7,6.4E-7,M1,9.460000000000001E-6,4.865E-6,2.4000000000000003E-7,6.4E-7,M1,1.2120000000000001E-5,1.3295E-5,6.4E-7,2.4000000000000003E-7,M1,1.338E-5,1.9905E-5,6.4E-7,2.4000000000000003E-7,M1,2.27E-6,6.3E-7,2.4000000000000003E-7,6.4E-7,M1,3.32E-6,2.0605E-5,2.4000000000000003E-7,6.4E-7,M1,1.872E-5,1.3295E-5,6.4E-7,2.4000000000000003E-7,M1,1.708E-5,1.0475E-5,2.4000000000000003E-7,6.4E-7,M1,1.746E-5,1.2055E-5,1.6E-7,6.77E-6,M1,1.0355E-5,1.8665000000000002E-5,7.265E-6,1.6E-7,M1,7.58E-6,1.8665000000000002E-5,2.935E-6,1.6E-7,M1,9.5E-6,4.9050000000000005E-6,1.9200000000000003E-6,1.6E-7,M1,2.31E-5,4.865E-6,2.4000000000000003E-7,6.4E-7,M1,2.245E-5,5.65E-7,2.4000000000000003E-7,6.4E-7,M1,8.66E-6,1.805E-6,1.6E-7,2.3E-7,M1,8.62E-6,1.035E-6,2.4000000000000003E-7,1.04E-6,M1,7.82E-6,1.835E-6,1.04E-6,2.4000000000000003E-7,M1,4.0E-6,1.435E-6,2.4000000000000003E-7,6.4E-7,M1,2.856E-5,1.435E-6,2.4000000000000003E-7,6.4E-7,M1,2.394E-5,1.365E-6,2.4000000000000003E-7,6.4E-7,M1,2.737E-5,2.0E-8,6.4E-7,2.4000000000000003E-7,M1,4.79E-6,2.0E-8,6.4E-7,2.4000000000000003E-7,M1,1.548E-5,1.0475E-5,2.4000000000000003E-7,6.4E-7,M1,1.344E-5,1.3295E-5,6.4E-7,2.4000000000000003E-7,M1,2.002E-5,1.3335E-5,1.6E-7,7.4E-7,M1,1.9975E-5,1.3335E-5,2.05E-7,1.6E-7,M1,2.116E-5,1.4675000000000001E-5,2.4000000000000003E-7,6.4E-7,M1,2.294E-5,2.1915E-5,2.4000000000000003E-7,6.4E-7,M1,1.882E-5,1.5695E-5,1.6E-7,4.41E-6,M1,1.882E-5,1.5695E-5,4.05E-7,1.6E-7,M2,2.92E-5,2.0565E-5,3.2E-7,7.2E-7,M2,2.92E-5,5.9E-7,3.2E-7,1.12E-6,M2,2.92E-5,5.9E-7,1.12E-6,3.2E-7,M2,1.2125E-5,3.745E-6,6.0E-7,2.0E-7,M2,1.128E-5,3.745E-6,1.245E-6,2.0E-7,M2,1.128E-5,3.745E-6,1.0E-6,2.0E-7,M2,1.128E-5,2.945E-6,2.0E-7,1.0E-6,M2,2.132E-5,2.33E-6,6.0E-7,2.0E-7,M2,2.132E-5,2.33E-6,2.0E-7,1.615E-6,M2,2.0275E-5,3.745E-6,1.245E-6,2.0E-7,M2,2.0075E-5,3.745E-6,6.0E-7,2.0E-7,M2,1.904E-5,1.4635E-5,3.2E-7,7.2E-7,M2,1.4155000000000001E-5,1.5035000000000001E-5,7.2E-7,3.2E-7,M2,1.4E-7,1.7045E-5,3.2E-7,7.2E-7,M2,4.0E-7,2.1005E-5,3.2E-7,7.2E-7,M2,3.208E-5,2.1005E-5,3.2E-7,7.2E-7,M2,3.234E-5,1.7045E-5,3.2E-7,7.2E-7,M2,1.4760000000000001E-5,1.2035E-5,6.0E-7,2.0E-7,M2,1.516E-5,1.2035E-5,2.0E-7,6.81E-6,M2,1.516E-5,1.8645000000000002E-5,7.305E-6,2.0E-7,M2,2.2265E-5,1.8645000000000002E-5,2.975E-6,2.0E-7,M2,2.484E-5,1.8645000000000002E-5,6.0E-7,2.0E-7,M2,1.013E-5,5.85E-7,2.0E-7,6.0E-7,M2,9.48E-6,5.85E-7,8.5E-7,2.0E-7,M2,9.42E-6,5.250000000000001E-7,3.2E-7,1.12E-6,M2,9.42E-6,5.250000000000001E-7,1.12E-6,3.2E-7,M2,9.42E-6,4.825E-6,3.2E-7,7.2E-7,M2,1.208E-5,1.3255000000000001E-5,7.2E-7,3.2E-7,M2,1.3340000000000001E-5,1.9865E-5,7.2E-7,3.2E-7,M2,2.2300000000000002E-6,5.9E-7,3.2E-7,7.2E-7,M2,3.28E-6,2.0565E-5,3.2E-7,7.2E-7,M2,1.874E-5,1.3315E-5,6.0E-7,2.0E-7,M2,1.71E-5,1.3315E-5,1.84E-6,2.0E-7,M2,1.71E-5,1.0895E-5,2.0E-7,2.62E-6,M2,1.71E-5,1.0495E-5,2.0E-7,6.0E-7,M2,2.306E-5,4.825E-6,3.2E-7,7.2E-7,M2,2.226E-5,5.250000000000001E-7,1.12E-6,3.2E-7,M2,2.306E-5,5.250000000000001E-7,3.2E-7,1.12E-6,M2,2.247E-5,5.85E-7,8.5E-7,2.0E-7,M2,2.247E-5,5.85E-7,2.0E-7,6.0E-7,M2,8.580000000000001E-6,9.95E-7,3.2E-7,1.12E-6,M2,7.78E-6,1.795E-6,1.12E-6,3.2E-7,M2,3.96E-6,1.395E-6,3.2E-7,7.2E-7,M2,2.852E-5,1.395E-6,3.2E-7,7.2E-7,M2,2.39E-5,1.325E-6,3.2E-7,7.2E-7,M2,2.739E-5,4.0E-8,6.0E-7,2.0E-7,M2,5.21E-6,4.0E-8,2.238E-5,2.0E-7,M2,4.81E-6,4.0E-8,6.0E-7,2.0E-7,M2,1.544E-5,1.0435000000000001E-5,3.2E-7,7.2E-7,M2,1.34E-5,1.3255000000000001E-5,7.2E-7,3.2E-7,M2,2.112E-5,1.4635E-5,3.2E-7,7.2E-7,M2,2.29E-5,2.1875E-5,3.2E-7,7.2E-7,M3,2.926E-5,2.0625E-5,2.0E-7,6.0E-7,M3,2.926E-5,6.5E-7,2.0E-7,2.0175E-5,M3,2.926E-5,6.5E-7,2.0E-7,1.0E-6,M3,2.926E-5,6.5E-7,1.0E-6,2.0E-7,M3,1.91E-5,1.4695E-5,2.0E-7,6.0E-7,M3,1.4415E-5,1.5095E-5,4.885E-6,2.0E-7,M3,1.4215E-5,1.5095E-5,6.0E-7,2.0E-7,M3,1.4E-7,1.7045E-5,3.2E-7,7.2E-7,M3,4.0E-7,2.1005E-5,3.2E-7,7.2E-7,M3,3.208E-5,2.1005E-5,3.2E-7,7.2E-7,M3,3.234E-5,1.7045E-5,3.2E-7,7.2E-7,M3,9.48E-6,5.85E-7,2.0E-7,1.0E-6,M3,9.48E-6,5.85E-7,1.0E-6,2.0E-7,M3,9.48E-6,5.85E-7,2.0E-7,4.5E-6,M3,9.48E-6,4.885E-6,2.0E-7,6.0E-7,M3,1.214E-5,1.3315E-5,6.0E-7,2.0E-7,M3,1.234E-5,1.3315E-5,2.0E-7,6.81E-6,M3,1.234E-5,1.9925E-5,1.66E-6,2.0E-7,M3,1.34E-5,1.9925E-5,6.0E-7,2.0E-7,M3,2.29E-6,6.5E-7,2.0E-7,6.0E-7,M3,2.29E-6,6.5E-7,1.25E-6,2.0E-7,M3,3.34E-6,6.5E-7,2.0E-7,2.0175E-5,M3,3.34E-6,2.0625E-5,2.0E-7,6.0E-7,M3,2.306E-5,4.825E-6,3.2E-7,7.2E-7,M3,2.226E-5,5.250000000000001E-7,1.12E-6,3.2E-7,M3,2.306E-5,5.250000000000001E-7,3.2E-7,1.12E-6,M3,8.64E-6,1.055E-6,2.0E-7,1.0E-6,M3,7.84E-6,1.855E-6,1.0E-6,2.0E-7,M3,4.0200000000000005E-6,1.855E-6,4.8200000000000004E-6,2.0E-7,M3,4.0200000000000005E-6,1.455E-6,2.0E-7,6.0E-7,M3,2.852E-5,1.395E-6,3.2E-7,7.2E-7,M3,2.39E-5,1.325E-6,3.2E-7,7.2E-7,M3,1.544E-5,1.0435000000000001E-5,3.2E-7,7.2E-7,M3,1.544E-5,1.2455E-5,3.2E-7,1.12E-6,M3,1.464E-5,1.3255000000000001E-5,1.12E-6,3.2E-7,M3,1.3860000000000001E-5,1.3315E-5,1.84E-6,2.0E-7,M3,1.346E-5,1.3315E-5,6.0E-7,2.0E-7,M3,2.118E-5,1.4695E-5,2.0E-7,6.0E-7,M3,2.118E-5,1.5095E-5,2.0E-7,7.44E-6,M3,2.118E-5,2.2335000000000002E-5,1.98E-6,2.0E-7,M3,2.296E-5,2.1935E-5,2.0E-7,6.0E-7,M4,2.0E-7,1.7105E-5,2.0E-7,6.0E-7,M4,2.0E-7,1.7505E-5,2.0E-7,3.76E-6,M4,2.0E-7,2.1065E-5,4.6E-7,2.0E-7,M4,4.6E-7,2.1065E-5,2.0E-7,6.0E-7,M4,3.214E-5,2.1065E-5,2.0E-7,6.0E-7,M4,3.214E-5,2.1065E-5,4.6E-7,2.0E-7,M4,3.24E-5,1.7505E-5,2.0E-7,3.76E-6,M4,3.24E-5,1.7105E-5,2.0E-7,6.0E-7,M4,2.312E-5,4.885E-6,2.0E-7,6.0E-7,M4,2.312E-5,5.85E-7,2.0E-7,4.5E-6,M4,2.232E-5,5.85E-7,1.0E-6,2.0E-7,M4,2.312E-5,5.85E-7,2.0E-7,1.0E-6,M4,2.858E-5,1.455E-6,2.0E-7,6.0E-7,M4,2.396E-5,1.855E-6,4.8200000000000004E-6,2.0E-7,M4,2.396E-5,1.785E-6,2.0E-7,2.7E-7,M4,2.396E-5,1.385E-6,2.0E-7,6.0E-7,M4,1.55E-5,1.0495E-5,2.0E-7,6.0E-7,M4,1.55E-5,1.0895E-5,2.0E-7,2.62E-6,M4,1.55E-5,1.2515E-5,2.0E-7,1.0E-6,M4,1.47E-5,1.3315E-5,1.0E-6,2.0E-7,
M1,3.51E-5,1.8195E-5,2.4000000000000003E-7,6.4E-7,M1,3.51E-5,7.2E-7,2.4000000000000003E-7,6.4E-7,M1,2.284E-5,5.405E-6,1.9200000000000003E-6,1.6E-7,M1,1.52E-6,7.2E-7,2.4000000000000003E-7,6.4E-7,M1,1.52E-6,1.8195E-5,2.4000000000000003E-7,6.4E-7,M1,1.8E-7,1.4675000000000001E-5,2.4000000000000003E-7,6.4E-7,M1,4.4E-7,1.8635E-5,2.4000000000000003E-7,6.4E-7,M1,2.1435E-5,1.1705E-5,1.6E-7,7.2E-7,M1,2.1435E-5,1.2265E-5,2.05E-7,1.6E-7,M1,2.185E-5,2.35E-6,5.66E-6,1.6E-7,M1,2.185E-5,2.35E-6,1.6E-7,2.075E-6,M1,2.995E-5,1.365E-6,2.4000000000000003E-7,6.4E-7,M1,3.402E-5,1.8450000000000001E-6,2.4000000000000003E-7,6.4E-7,M1,3.618E-5,1.8635E-5,2.4000000000000003E-7,6.4E-7,M1,3.6440000000000003E-5,1.4675000000000001E-5,2.4000000000000003E-7,6.4E-7,M1,2.16E-5,1.399E-5,6.4E-7,2.4000000000000003E-7,M1,2.1895E-5,1.7495E-5,6.4E-7,2.4000000000000003E-7,M1,2.2135E-5,1.7535E-5,9.05E-7,1.6E-7,M1,2.15E-5,1.1665000000000001E-5,6.4E-7,2.4000000000000003E-7,M1,2.145E-5,4.925E-6,2.4000000000000003E-7,6.4E-7,M1,9.97E-6,1.805E-6,1.692E-5,1.6E-7,M1,2.6715E-5,1.6215E-5,6.4E-7,2.4000000000000003E-7,M1,1.677E-5,1.0385E-5,6.4E-7,2.4000000000000003E-7,M1,2.34E-5,1.9585E-5,2.4000000000000003E-7,6.4E-7,M1,2.262E-5,1.303E-5,2.4000000000000003E-7,6.4E-7,M1,2.6E-6,1.8450000000000001E-6,2.4000000000000003E-7,6.4E-7,M1,6.6700000000000005E-6,1.365E-6,2.4000000000000003E-7,6.4E-7,M1,1.612E-5,1.347E-5,4.62E-6,1.6E-7,M1,1.322E-5,1.9585E-5,2.4000000000000003E-7,6.4E-7,M1,1.4E-5,1.303E-5,2.4000000000000003E-7,6.4E-7,M1,1.522E-5,1.1705E-5,1.6E-7,7.2E-7,M1,1.522E-5,1.1705E-5,2.05E-7,1.6E-7,M1,1.2100000000000001E-5,5.405E-6,1.9200000000000003E-6,1.6E-7,M1,2.4560000000000002E-5,5.365E-6,2.4000000000000003E-7,6.4E-7,M1,2.8460000000000002E-5,5.65E-7,2.4000000000000003E-7,6.4E-7,M1,9.505E-6,1.6215E-5,6.4E-7,2.4000000000000003E-7,M1,1.9450000000000002E-5,1.0385E-5,6.4E-7,2.4000000000000003E-7,M1,1.517E-5,4.925E-6,2.4000000000000003E-7,6.4E-7,M1,1.472E-5,1.1665000000000001E-5,6.4E-7,2.4000000000000003E-7,M1,1.206E-5,5.365E-6,2.4000000000000003E-7,6.4E-7,M1,8.16E-6,5.65E-7,2.4000000000000003E-7,6.4E-7,M1,2.9400000000000002E-6,2.945E-6,6.4E-7,2.4000000000000003E-7,M1,3.328E-5,2.945E-6,6.4E-7,2.4000000000000003E-7,M1,1.382E-5,1.7535E-5,1.0E-6,1.6E-7,M1,1.466E-5,1.403E-5,1.6E-7,3.665E-6,M1,9.35E-6,2.35E-6,5.66E-6,1.6E-7,M1,1.485E-5,2.35E-6,1.6E-7,2.075E-6,M2,3.512E-5,1.8215E-5,2.0E-7,6.0E-7,M2,3.512E-5,7.4E-7,2.0E-7,1.7675E-5,M2,3.512E-5,7.4E-7,2.0E-7,6.0E-7,M2,1.54E-6,7.4E-7,2.0E-7,6.0E-7,M2,1.54E-6,7.4E-7,2.0E-7,1.7675E-5,M2,1.54E-6,1.8215E-5,2.0E-7,6.0E-7,M2,1.4E-7,1.4635E-5,3.2E-7,7.2E-7,M2,4.0E-7,1.8595E-5,3.2E-7,7.2E-7,M2,2.991E-5,1.325E-6,3.2E-7,7.2E-7,M2,3.398E-5,1.805E-6,3.2E-7,7.2E-7,M2,3.614E-5,1.8595E-5,3.2E-7,7.2E-7,M2,3.6400000000000004E-5,1.4635E-5,3.2E-7,7.2E-7,M2,2.156E-5,1.395E-5,7.2E-7,3.2E-7,M2,2.1855E-5,1.7455E-5,7.2E-7,3.2E-7,M2,2.146E-5,1.1625E-5,7.2E-7,3.2E-7,M2,2.141E-5,4.885E-6,3.2E-7,7.2E-7,M2,2.6675E-5,1.6175E-5,7.2E-7,3.2E-7,M2,1.673E-5,1.0345E-5,7.2E-7,3.2E-7,M2,2.342E-5,1.9605E-5,2.0E-7,6.0E-7,M2,2.342E-5,1.345E-5,2.0E-7,6.7550000000000005E-6,M2,2.264E-5,1.345E-5,9.8E-7,2.0E-7,M2,2.264E-5,1.305E-5,2.0E-7,6.0E-7,M2,2.56E-6,1.805E-6,3.2E-7,7.2E-7,M2,6.63E-6,1.325E-6,3.2E-7,7.2E-7,M2,1.324E-5,1.9605E-5,2.0E-7,6.0E-7,M2,1.324E-5,1.345E-5,2.0E-7,6.7550000000000005E-6,M2,1.324E-5,1.345E-5,9.8E-7,2.0E-7,M2,1.402E-5,1.305E-5,2.0E-7,6.0E-7,M2,2.452E-5,5.325E-6,3.2E-7,7.2E-7,M2,2.842E-5,5.250000000000001E-7,3.2E-7,7.2E-7,M2,9.465E-6,1.6175E-5,7.2E-7,3.2E-7,M2,1.941E-5,1.0345E-5,7.2E-7,3.2E-7,M2,1.513E-5,4.885E-6,3.2E-7,7.2E-7,M2,1.468E-5,1.1625E-5,7.2E-7,3.2E-7,M2,1.202E-5,5.325E-6,3.2E-7,7.2E-7,M2,8.12E-6,5.250000000000001E-7,3.2E-7,7.2E-7,M2,2.96E-6,2.965E-6,6.0E-7,2.0E-7,M2,3.36E-6,2.965E-6,3.014E-5,2.0E-7,M2,3.33E-5,2.965E-6,6.0E-7,2.0E-7,M3,2.0E-7,1.4695E-5,2.0E-7,6.0E-7,M3,2.0E-7,1.5095E-5,2.0E-7,3.76E-6,M3,2.0E-7,1.8655E-5,4.6E-7,2.0E-7,M3,4.6E-7,1.8655E-5,2.0E-7,6.0E-7,M3,2.997E-5,1.385E-6,2.0E-7,6.0E-7,M3,2.997E-5,1.785E-6,2.0E-7,6.800000000000001E-7,M3,2.997E-5,2.265E-6,4.27E-6,2.0E-7,M3,3.404E-5,1.8650000000000001E-6,2.0E-7,6.0E-7,M3,3.62E-5,1.8655E-5,2.0E-7,6.0E-7,M3,3.62E-5,1.8655E-5,4.6E-7,2.0E-7,M3,3.646E-5,1.5095E-5,2.0E-7,3.76E-6,M3,3.646E-5,1.4695E-5,2.0E-7,6.0E-7,M3,2.162E-5,1.401E-5,6.0E-7,2.0E-7,M3,2.202E-5,1.401E-5,2.0E-7,3.705E-6,M3,2.202E-5,1.7515E-5,2.95E-7,2.0E-7,M3,2.1915E-5,1.7515E-5,6.0E-7,2.0E-7,M3,2.152E-5,1.1685E-5,6.0E-7,2.0E-7,M3,2.147E-5,1.1685E-5,4.5000000000000003E-7,2.0E-7,M3,2.147E-5,4.945E-6,2.0E-7,6.9400000000000005E-6,M3,2.147E-5,4.945E-6,2.0E-7,6.0E-7,M3,2.6675E-5,1.6175E-5,7.2E-7,3.2E-7,M3,1.673E-5,1.0345E-5,7.2E-7,3.2E-7,M3,2.62E-6,1.8650000000000001E-6,2.0E-7,6.0E-7,M3,2.62E-6,2.265E-6,4.27E-6,2.0E-7,M3,6.69E-6,1.785E-6,2.0E-7,6.800000000000001E-7,M3,6.69E-6,1.385E-6,2.0E-7,6.0E-7,M3,2.4580000000000002E-5,5.385E-6,2.0E-7,6.0E-7,M3,2.4580000000000002E-5,5.385E-6,4.1E-6,2.0E-7,M3,2.8480000000000002E-5,5.85E-7,2.0E-7,5.0E-6,M3,2.8480000000000002E-5,5.85E-7,2.0E-7,6.0E-7,M3,9.525E-6,1.6235E-5,6.0E-7,2.0E-7,M3,9.725000000000001E-6,1.6235E-5,9.945E-6,2.0E-7,M3,1.947E-5,1.0405E-5,2.0E-7,6.03E-6,M3,1.947E-5,1.0405E-5,6.0E-7,2.0E-7,M3,1.519E-5,4.945E-6,2.0E-7,6.0E-7,M3,1.519E-5,4.945E-6,2.0E-7,6.9400000000000005E-6,M3,1.4940000000000001E-5,1.1685E-5,4.5000000000000003E-7,2.0E-7,M3,1.474E-5,1.1685E-5,6.0E-7,2.0E-7,M3,1.208E-5,5.385E-6,2.0E-7,6.0E-7,M3,8.18E-6,5.385E-6,4.1E-6,2.0E-7,M3,8.18E-6,5.85E-7,2.0E-7,5.0E-6,M3,8.18E-6,5.85E-7,2.0E-7,6.0E-7,M4,2.6735E-5,1.6235E-5,6.0E-7,2.0E-7,M4,1.719E-5,1.6235E-5,9.945E-6,2.0E-7,M4,1.719E-5,1.0405E-5,2.0E-7,6.03E-6,M4,1.679E-5,1.0405E-5,6.0E-7,2.0E-7,
M1,2.0510000000000002E-5,3.59E-6,6.4E-7,2.4000000000000003E-7,M1,1.982E-5,2.31E-6,6.4E-7,2.4000000000000003E-7,M1,1.2450000000000001E-5,2.35E-6,8.5E-7,1.6E-7,M1,1.2450000000000001E-5,2.35E-6,1.6E-7,1.44E-6,M1,1.4390000000000001E-5,1.805E-6,4.12E-6,1.6E-7,M1,1.835E-5,1.805E-6,6.2E-7,1.6E-7,M1,2.217E-5,1.365E-6,2.4000000000000003E-7,6.4E-7,M1,2.662E-5,1.37E-6,2.4000000000000003E-7,6.4E-7,M1,2.081E-5,1.397E-5,1.6E-7,8.6E-7,M1,2.0700000000000002E-5,1.397E-5,2.7E-7,1.6E-7,M1,1.305E-5,1.5455E-5,2.4000000000000003E-7,6.4E-7,M1,2.007E-5,1.5455E-5,2.4000000000000003E-7,6.4E-7,M1,1.8E-7,1.603E-5,2.4000000000000003E-7,6.4E-7,M1,4.4E-7,1.999E-5,2.4000000000000003E-7,6.4E-7,M1,3.268E-5,1.999E-5,2.4000000000000003E-7,6.4E-7,M1,3.294E-5,1.603E-5,2.4000000000000003E-7,6.4E-7,M1,1.2735000000000001E-5,1.393E-5,6.4E-7,2.4000000000000003E-7,M1,1.576E-5,1.111E-5,2.4000000000000003E-7,6.4E-7,M1,1.147E-5,1.5455E-5,2.4000000000000003E-7,6.4E-7,M1,1.214E-5,2.189E-5,2.4000000000000003E-7,6.4E-7,M1,2.046E-5,1.6595E-5,1.6E-7,2.4550000000000002E-6,M1,2.04E-5,1.889E-5,2.2E-7,1.6E-7,M1,2.363E-5,4.77E-6,1.6E-7,1.7000000000000001E-7,M1,2.187E-5,4.77E-6,1.9200000000000003E-6,1.6E-7,M1,1.274E-5,1.889E-5,2.2E-7,1.6E-7,M1,1.27E-5,1.885E-5,1.04E-6,2.4000000000000003E-7,M1,1.27E-5,1.805E-5,2.4000000000000003E-7,1.04E-6,M1,1.25E-5,1.6555E-5,6.4E-7,2.4000000000000003E-7,M1,1.095E-5,1.365E-6,2.4000000000000003E-7,6.4E-7,M1,6.5000000000000004E-6,1.37E-6,2.4000000000000003E-7,6.4E-7,M1,2.523E-5,9.3E-7,2.4000000000000003E-7,6.4E-7,M1,2.578E-5,1.955E-5,2.4000000000000003E-7,6.4E-7,M1,2.567E-5,2.0E-8,6.4E-7,2.4000000000000003E-7,M1,5.06E-6,2.0E-8,6.4E-7,2.4000000000000003E-7,M1,1.736E-5,1.111E-5,2.4000000000000003E-7,6.4E-7,M1,1.9985E-5,1.393E-5,6.4E-7,2.4000000000000003E-7,M1,1.774E-5,1.269E-5,1.6E-7,5.0800000000000005E-6,M1,9.05E-6,1.761E-5,8.85E-6,1.6E-7,M1,2.411E-5,1.757E-5,6.4E-7,2.4000000000000003E-7,M1,1.502E-5,1.2650000000000001E-5,6.4E-7,2.4000000000000003E-7,M1,1.239E-5,1.397E-5,1.6E-7,8.6E-7,M1,1.239E-5,1.397E-5,2.7E-7,1.6E-7,M1,2.165E-5,1.5455E-5,2.4000000000000003E-7,6.4E-7,M1,2.098E-5,2.189E-5,2.4000000000000003E-7,6.4E-7,M1,9.57E-6,1.365E-6,1.6E-7,3.575E-6,M1,9.53E-6,1.365E-6,2.0E-7,1.6E-7,M1,7.89E-6,9.3E-7,2.4000000000000003E-7,6.4E-7,M1,7.34E-6,1.955E-5,2.4000000000000003E-7,6.4E-7,M1,2.363E-5,1.365E-6,1.6E-7,3.575E-6,M1,2.363E-5,1.365E-6,2.0E-7,1.6E-7,M1,9.57E-6,4.77E-6,1.6E-7,1.7000000000000001E-7,M1,9.57E-6,4.77E-6,1.9200000000000003E-6,1.6E-7,M2,2.047E-5,3.55E-6,7.2E-7,3.2E-7,M2,1.978E-5,2.27E-6,7.2E-7,3.2E-7,M2,2.213E-5,1.325E-6,3.2E-7,7.2E-7,M2,2.658E-5,1.33E-6,3.2E-7,7.2E-7,M2,1.301E-5,1.5415E-5,3.2E-7,7.2E-7,M2,2.003E-5,1.5415E-5,3.2E-7,7.2E-7,M2,1.4E-7,1.599E-5,3.2E-7,7.2E-7,M2,4.0E-7,1.995E-5,3.2E-7,7.2E-7,M2,3.264E-5,1.995E-5,3.2E-7,7.2E-7,M2,3.29E-5,1.599E-5,3.2E-7,7.2E-7,M2,1.2695E-5,1.389E-5,7.2E-7,3.2E-7,M2,1.5720000000000002E-5,1.107E-5,3.2E-7,7.2E-7,M2,1.149E-5,1.5475E-5,2.0E-7,6.0E-7,M2,1.149E-5,1.5875E-5,2.0E-7,6.635E-6,M2,1.149E-5,2.231E-5,8.7E-7,2.0E-7,M2,1.216E-5,2.1910000000000002E-5,2.0E-7,6.0E-7,M2,1.272E-5,1.887E-5,1.0E-6,2.0E-7,M2,1.272E-5,1.807E-5,2.0E-7,1.0E-6,M2,1.272E-5,1.6575E-5,2.0E-7,2.4950000000000003E-6,M2,1.252E-5,1.6575E-5,6.0E-7,2.0E-7,M2,1.091E-5,1.325E-6,3.2E-7,7.2E-7,M2,6.46E-6,1.33E-6,3.2E-7,7.2E-7,M2,2.525E-5,9.5E-7,2.0E-7,6.0E-7,M2,2.525E-5,1.35E-6,7.5E-7,2.0E-7,M2,2.58E-5,1.35E-6,2.0E-7,1.842E-5,M2,2.58E-5,1.957E-5,2.0E-7,6.0E-7,M2,2.569E-5,4.0E-8,6.0E-7,2.0E-7,M2,5.28E-6,4.0E-8,2.061E-5,2.0E-7,M2,5.0800000000000005E-6,4.0E-8,6.0E-7,2.0E-7,M2,1.732E-5,1.107E-5,3.2E-7,7.2E-7,M2,1.9945E-5,1.389E-5,7.2E-7,3.2E-7,M2,2.407E-5,1.753E-5,7.2E-7,3.2E-7,M2,2.327E-5,1.261E-5,1.12E-6,3.2E-7,M2,2.407E-5,1.261E-5,3.2E-7,1.12E-6,M2,1.544E-5,1.267E-5,8.89E-6,2.0E-7,M2,1.504E-5,1.267E-5,6.0E-7,2.0E-7,M2,2.167E-5,1.5475E-5,2.0E-7,6.0E-7,M2,2.167E-5,1.5875E-5,2.0E-7,6.635E-6,M2,2.1E-5,2.231E-5,8.7E-7,2.0E-7,M2,2.1E-5,2.1910000000000002E-5,2.0E-7,6.0E-7,M2,7.91E-6,9.5E-7,2.0E-7,6.0E-7,M2,7.36E-6,1.35E-6,7.5E-7,2.0E-7,M2,7.36E-6,1.35E-6,2.0E-7,1.842E-5,M2,7.36E-6,1.957E-5,2.0E-7,6.0E-7,M3,2.047E-5,3.55E-6,7.2E-7,3.2E-7,M3,1.978E-5,2.27E-6,7.2E-7,3.2E-7,M3,2.219E-5,1.385E-6,2.0E-7,6.0E-7,M3,2.219E-5,1.785E-6,2.0E-7,2.05E-7,M3,2.219E-5,1.79E-6,4.65E-6,2.0E-7,M3,2.664E-5,1.39E-6,2.0E-7,6.0E-7,M3,1.307E-5,1.5475E-5,2.0E-7,6.0E-7,M3,1.307E-5,1.5875E-5,7.22E-6,2.0E-7,M3,2.009E-5,1.5475E-5,2.0E-7,6.0E-7,M3,2.0E-7,1.605E-5,2.0E-7,6.0E-7,M3,2.0E-7,1.645E-5,4.6E-7,2.0E-7,M3,4.6E-7,1.645E-5,2.0E-7,3.76E-6,M3,4.6E-7,2.001E-5,2.0E-7,6.0E-7,M3,3.27E-5,2.001E-5,2.0E-7,6.0E-7,M3,3.27E-5,1.645E-5,2.0E-7,3.76E-6,M3,3.27E-5,1.645E-5,4.6E-7,2.0E-7,M3,3.296E-5,1.605E-5,2.0E-7,6.0E-7,M3,1.2755E-5,1.395E-5,6.0E-7,2.0E-7,M3,1.2955E-5,1.153E-5,2.0E-7,2.62E-6,M3,1.2955E-5,1.153E-5,3.0250000000000003E-6,2.0E-7,M3,1.578E-5,1.113E-5,2.0E-7,6.0E-7,M3,1.097E-5,1.385E-6,2.0E-7,6.0E-7,M3,1.097E-5,1.785E-6,2.0E-7,2.05E-7,M3,6.52E-6,1.79E-6,4.65E-6,2.0E-7,M3,6.52E-6,1.39E-6,2.0E-7,6.0E-7,M3,1.738E-5,1.113E-5,2.0E-7,6.0E-7,M3,1.738E-5,1.153E-5,2.0E-7,2.62E-6,M3,1.738E-5,1.395E-5,3.0250000000000003E-6,2.0E-7,M3,2.0005E-5,1.395E-5,6.0E-7,2.0E-7,M3,2.407E-5,1.753E-5,7.2E-7,3.2E-7,M3,2.327E-5,1.261E-5,1.12E-6,3.2E-7,M3,2.407E-5,1.261E-5,3.2E-7,1.12E-6,M4,2.053E-5,3.61E-6,6.0E-7,2.0E-7,M4,2.073E-5,2.33E-6,2.0E-7,1.48E-6,M4,2.004E-5,2.33E-6,8.900000000000001E-7,2.0E-7,M4,1.984E-5,2.33E-6,6.0E-7,2.0E-7,M4,2.407E-5,1.753E-5,7.2E-7,3.2E-7,M4,2.327E-5,1.261E-5,1.12E-6,3.2E-7,M4,2.407E-5,1.261E-5,3.2E-7,1.12E-6,M5,2.407E-5,1.753E-5,7.2E-7,3.2E-7,M5,2.327E-5,1.261E-5,1.12E-6,3.2E-7,M5,2.407E-5,1.261E-5,3.2E-7,1.12E-6,M6,2.413E-5,1.759E-5,6.0E-7,2.0E-7,M6,2.413E-5,1.267E-5,2.0E-7,5.12E-6,M6,2.3330000000000002E-5,1.267E-5,1.0E-6,2.0E-7,M6,2.413E-5,1.267E-5,2.0E-7,1.0E-6,
M1,1.314E-5,2.35E-6,1.6E-7,1.44E-6,M1,1.305E-5,3.63E-6,2.5E-7,1.6E-7,M1,1.4390000000000001E-5,1.805E-6,4.58E-6,1.6E-7,M1,2.0700000000000002E-5,1.4E-5,2.7E-7,1.6E-7,M1,2.0700000000000002E-5,1.33E-5,1.6E-7,8.6E-7,M1,1.4615E-5,1.198E-5,6.4E-7,2.4000000000000003E-7,M1,2.674E-5,3.68E-6,6.4E-7,2.4000000000000003E-7,M1,1.309E-5,1.5225E-5,7.18E-6,1.6E-7,M1,1.214E-5,2.197E-5,2.4000000000000003E-7,6.4E-7,M1,1.147E-5,1.4785E-5,2.4000000000000003E-7,6.4E-7,M1,3.268E-5,2.007E-5,2.4000000000000003E-7,6.4E-7,M1,3.294E-5,1.611E-5,2.4000000000000003E-7,6.4E-7,M1,1.301E-5,1.326E-5,6.4E-7,2.4000000000000003E-7,M1,1.576E-5,1.044E-5,2.4000000000000003E-7,6.4E-7,M1,4.4E-7,2.007E-5,2.4000000000000003E-7,6.4E-7,M1,1.8E-7,1.611E-5,2.4000000000000003E-7,6.4E-7,M1,1.099E-5,1.805E-6,1.6E-7,2.05E-7,M1,6.54E-6,1.85E-6,4.61E-6,1.6E-7,M1,2.04E-5,1.5925E-5,2.2E-7,1.6E-7,M1,2.04E-5,1.5925E-5,1.6E-7,3.2050000000000002E-6,M1,2.098E-5,2.197E-5,2.4000000000000003E-7,6.4E-7,M1,2.165E-5,1.4785E-5,2.4000000000000003E-7,6.4E-7,M1,9.53E-6,4.8200000000000004E-6,2.4000000000000003E-7,6.4E-7,M1,9.49E-6,9.25E-7,2.4000000000000003E-7,6.4E-7,M1,2.363E-5,4.77E-6,1.6E-7,2.5E-7,M1,2.187E-5,4.77E-6,1.9200000000000003E-6,1.6E-7,M1,1.239E-5,1.33E-5,2.7E-7,1.6E-7,M1,1.239E-5,1.33E-5,1.6E-7,8.6E-7,M1,2.359E-5,4.8200000000000004E-6,2.4000000000000003E-7,6.4E-7,M1,2.363E-5,9.25E-7,2.4000000000000003E-7,6.4E-7,M1,3.109E-5,6.1E-7,2.4000000000000003E-7,6.4E-7,M1,2.962E-5,1.963E-5,2.4000000000000003E-7,6.4E-7,M1,2.567E-5,2.4E-6,6.4E-7,2.4000000000000003E-7,M1,8.86E-6,2.4E-6,6.4E-7,2.4000000000000003E-7,M1,7.49E-6,2.44E-6,1.77E-6,1.6E-7,M1,1.736E-5,1.044E-5,2.4000000000000003E-7,6.4E-7,M1,1.971E-5,1.326E-5,6.4E-7,2.4000000000000003E-7,M1,1.274E-5,1.5925E-5,2.2E-7,1.6E-7,M1,1.28E-5,1.5925E-5,1.6E-7,3.2050000000000002E-6,M1,2.03E-6,6.1E-7,2.4000000000000003E-7,6.4E-7,M1,3.5E-6,1.963E-5,2.4000000000000003E-7,6.4E-7,M1,1.8105E-5,1.198E-5,6.4E-7,2.4000000000000003E-7,M1,5.98E-6,3.68E-6,6.4E-7,2.4000000000000003E-7,M1,2.221E-5,1.805E-6,1.6E-7,2.05E-7,M1,2.221E-5,1.85E-6,4.61E-6,1.6E-7,M1,2.006E-5,2.35E-6,1.6E-7,1.44E-6,M1,2.006E-5,3.63E-6,2.5E-7,1.6E-7,M1,9.57E-6,4.77E-6,1.6E-7,2.5E-7,M1,9.57E-6,4.77E-6,1.9200000000000003E-6,1.6E-7,M2,1.4575E-5,1.1940000000000001E-5,7.2E-7,3.2E-7,M2,2.6700000000000002E-5,3.64E-6,7.2E-7,3.2E-7,M2,1.216E-5,2.199E-5,2.0E-7,6.0E-7,M2,1.216E-5,1.5205000000000001E-5,2.0E-7,7.3850000000000004E-6,M2,1.149E-5,1.5205000000000001E-5,8.7E-7,2.0E-7,M2,1.149E-5,1.4805E-5,2.0E-7,6.0E-7,M2,3.27E-5,2.009E-5,2.0E-7,6.0E-7,M2,3.27E-5,1.653E-5,2.0E-7,3.76E-6,M2,3.27E-5,1.653E-5,4.6E-7,2.0E-7,M2,3.296E-5,1.613E-5,2.0E-7,6.0E-7,M2,1.297E-5,1.322E-5,7.2E-7,3.2E-7,M2,1.5720000000000002E-5,1.04E-5,3.2E-7,7.2E-7,M2,4.6E-7,2.009E-5,2.0E-7,6.0E-7,M2,4.6E-7,1.653E-5,2.0E-7,3.76E-6,M2,2.0E-7,1.653E-5,4.6E-7,2.0E-7,M2,2.0E-7,1.613E-5,2.0E-7,6.0E-7,M2,2.1E-5,2.199E-5,2.0E-7,6.0E-7,M2,2.1E-5,1.5205000000000001E-5,2.0E-7,7.3850000000000004E-6,M2,2.1E-5,1.5205000000000001E-5,8.7E-7,2.0E-7,M2,2.167E-5,1.4805E-5,2.0E-7,6.0E-7,M2,9.55E-6,4.84E-6,2.0E-7,6.0E-7,M2,9.51E-6,4.84E-6,2.4000000000000003E-7,2.0E-7,M2,9.450000000000001E-6,4.78E-6,1.12E-6,3.2E-7,M2,9.450000000000001E-6,3.98E-6,3.2E-7,1.12E-6,M2,9.450000000000001E-6,8.85E-7,3.2E-7,7.2E-7,M2,2.361E-5,4.84E-6,2.0E-7,6.0E-7,M2,2.361E-5,4.84E-6,2.4000000000000003E-7,2.0E-7,M2,2.359E-5,3.98E-6,3.2E-7,1.12E-6,M2,2.279E-5,4.78E-6,1.12E-6,3.2E-7,M2,2.359E-5,8.85E-7,3.2E-7,7.2E-7,M2,3.111E-5,6.3E-7,2.0E-7,6.0E-7,M2,2.964E-5,6.3E-7,1.67E-6,2.0E-7,M2,2.964E-5,6.3E-7,2.0E-7,1.922E-5,M2,2.964E-5,1.965E-5,2.0E-7,6.0E-7,M2,2.569E-5,2.42E-6,6.0E-7,2.0E-7,M2,9.08E-6,2.42E-6,1.681E-5,2.0E-7,M2,8.88E-6,2.42E-6,6.0E-7,2.0E-7,M2,1.732E-5,1.04E-5,3.2E-7,7.2E-7,M2,1.967E-5,1.322E-5,7.2E-7,3.2E-7,M2,2.05E-6,6.3E-7,2.0E-7,6.0E-7,M2,2.05E-6,6.3E-7,1.67E-6,2.0E-7,M2,3.52E-6,6.3E-7,2.0E-7,1.922E-5,M2,3.52E-6,1.965E-5,2.0E-7,6.0E-7,M2,1.8065E-5,1.1940000000000001E-5,7.2E-7,3.2E-7,M2,5.94E-6,3.64E-6,7.2E-7,3.2E-7,M3,1.4575E-5,1.1940000000000001E-5,7.2E-7,3.2E-7,M3,2.6700000000000002E-5,3.64E-6,7.2E-7,3.2E-7,M3,1.297E-5,1.322E-5,7.2E-7,3.2E-7,M3,1.5720000000000002E-5,1.04E-5,3.2E-7,7.2E-7,M3,9.51E-6,4.84E-6,1.0E-6,2.0E-7,M3,9.51E-6,4.04E-6,2.0E-7,1.0E-6,M3,9.51E-6,1.345E-6,2.0E-7,3.695E-6,M3,9.51E-6,9.450000000000001E-7,2.0E-7,6.0E-7,M3,2.365E-5,4.04E-6,2.0E-7,1.0E-6,M3,2.285E-5,4.84E-6,1.0E-6,2.0E-7,M3,2.365E-5,1.345E-6,2.0E-7,3.695E-6,M3,2.365E-5,9.450000000000001E-7,2.0E-7,6.0E-7,M3,1.732E-5,1.04E-5,3.2E-7,7.2E-7,M3,1.967E-5,1.322E-5,7.2E-7,3.2E-7,M3,1.8065E-5,1.1940000000000001E-5,7.2E-7,3.2E-7,M3,7.265E-6,7.64E-6,1.12E-6,3.2E-7,M3,7.265E-6,6.84E-6,3.2E-7,1.12E-6,M3,7.325E-6,3.7E-6,2.0E-7,4.2000000000000004E-6,M3,6.2E-6,3.7E-6,1.325E-6,2.0E-7,M3,6.0E-6,3.7E-6,6.0E-7,2.0E-7,M4,1.4575E-5,1.1940000000000001E-5,7.2E-7,3.2E-7,M4,2.5775E-5,6.84E-6,3.2E-7,1.12E-6,M4,2.4975E-5,7.64E-6,1.12E-6,3.2E-7,M4,2.5835E-5,3.7E-6,2.0E-7,4.2000000000000004E-6,M4,2.5835E-5,3.7E-6,1.325E-6,2.0E-7,M4,2.676E-5,3.7E-6,6.0E-7,2.0E-7,M4,1.303E-5,1.328E-5,6.0E-7,2.0E-7,M4,1.343E-5,1.0860000000000001E-5,2.0E-7,2.62E-6,M4,1.343E-5,1.0860000000000001E-5,2.55E-6,2.0E-7,M4,1.578E-5,1.046E-5,2.0E-7,6.0E-7,M4,1.738E-5,1.046E-5,2.0E-7,6.0E-7,M4,1.738E-5,1.0860000000000001E-5,2.0E-7,2.62E-6,M4,1.738E-5,1.328E-5,2.55E-6,2.0E-7,M4,1.973E-5,1.328E-5,6.0E-7,2.0E-7,M4,1.8125E-5,1.2E-5,6.0E-7,2.0E-7,M4,1.8325E-5,7.7E-6,2.0E-7,4.5E-6,M4,7.325E-6,7.7E-6,1.12E-5,2.0E-7,M4,7.325E-6,7.7E-6,1.0E-6,2.0E-7,M4,7.325E-6,6.9E-6,2.0E-7,1.0E-6,M5,1.4635E-5,1.2E-5,6.0E-7,2.0E-7,M5,1.4835000000000001E-5,7.7E-6,2.0E-7,4.5E-6,M5,1.4835000000000001E-5,7.7E-6,1.12E-5,2.0E-7,M5,2.5835E-5,6.9E-6,2.0E-7,1.0E-6,M5,2.5035E-5,7.7E-6,1.0E-6,2.0E-7,
M1,9.75E-6,2.0E-8,6.4E-7,2.4000000000000003E-7,M1,2.553E-5,2.0E-8,6.4E-7,2.4000000000000003E-7,M1,1.7E-5,1.805E-6,1.9200000000000003E-6,1.6E-7,M1,1.525E-5,1.4995E-5,5.42E-6,1.6E-7,M1,4.89E-6,5.5E-7,2.4000000000000003E-7,6.4E-7,M1,5.57E-6,1.85E-5,2.4000000000000003E-7,6.4E-7,M1,1.3875E-5,2.35E-6,1.95E-7,1.6E-7,M1,1.3875E-5,2.35E-6,1.6E-7,1.44E-6,M1,1.255E-5,1.3795000000000001E-5,2.0E-7,1.6E-7,M1,1.259E-5,1.3235E-5,1.6E-7,7.2E-7,M1,4.4E-7,1.894E-5,2.4000000000000003E-7,6.4E-7,M1,1.8E-7,1.498E-5,2.4000000000000003E-7,6.4E-7,M1,1.934E-5,2.31E-6,6.4E-7,2.4000000000000003E-7,M1,8.47E-6,3.5600000000000002E-6,6.4E-7,2.4000000000000003E-7,M1,2.694E-5,1.78E-5,6.4E-7,2.4000000000000003E-7,M1,2.1720000000000002E-5,1.3195E-5,6.4E-7,2.4000000000000003E-7,M1,2.317E-5,1.3795000000000001E-5,2.0E-7,1.6E-7,M1,2.317E-5,1.3235E-5,1.6E-7,7.2E-7,M1,1.664E-5,2.0435E-5,2.4000000000000003E-7,6.4E-7,M1,1.521E-5,1.4555E-5,2.4000000000000003E-7,6.4E-7,M1,3.55E-5,1.498E-5,2.4000000000000003E-7,6.4E-7,M1,3.524E-5,1.894E-5,2.4000000000000003E-7,6.4E-7,M1,2.042E-5,1.0375E-5,2.4000000000000003E-7,6.4E-7,M1,2.011E-5,1.3195E-5,6.4E-7,2.4000000000000003E-7,M1,2.206E-5,1.365E-6,2.4000000000000003E-7,6.4E-7,M1,3.224E-5,1.35E-6,2.4000000000000003E-7,6.4E-7,M1,1.339E-5,1.78E-5,6.4E-7,2.4000000000000003E-7,M1,1.356E-5,1.5515E-5,6.4E-7,2.4000000000000003E-7,M1,2.701E-5,3.5600000000000002E-6,6.4E-7,2.4000000000000003E-7,M1,1.5740000000000002E-5,2.31E-6,6.4E-7,2.4000000000000003E-7,M1,1.119E-5,1.365E-6,1.6E-7,3.565E-6,M1,1.119E-5,1.365E-6,1.2E-6,1.6E-7,M1,1.119E-5,4.74E-6,1.6E-7,1.9E-7,M1,1.0350000000000001E-5,4.7E-6,1.04E-6,2.4000000000000003E-7,M1,1.115E-5,4.7E-6,2.4000000000000003E-7,1.04E-6,M1,9.39E-6,4.7E-6,2.4000000000000003E-7,6.4E-7,M1,2.629E-5,4.7E-6,2.4000000000000003E-7,6.4E-7,M1,2.453E-5,4.7300000000000005E-6,2.4000000000000003E-7,6.4E-7,M1,1.668E-5,2.0875E-5,2.56E-6,1.6E-7,M1,2.185E-5,2.35E-6,1.95E-7,1.6E-7,M1,2.1885E-5,2.35E-6,1.6E-7,1.44E-6,M1,3.011E-5,1.85E-5,2.4000000000000003E-7,6.4E-7,M1,3.079E-5,5.5E-7,2.4000000000000003E-7,6.4E-7,M1,2.457E-5,1.365E-6,1.6E-7,3.565E-6,M1,2.353E-5,1.365E-6,1.2E-6,1.6E-7,M1,1.526E-5,1.0375E-5,2.4000000000000003E-7,6.4E-7,M1,1.517E-5,1.3195E-5,6.4E-7,2.4000000000000003E-7,M1,3.44E-6,1.35E-6,2.4000000000000003E-7,6.4E-7,M1,1.362E-5,1.365E-6,2.4000000000000003E-7,6.4E-7,M2,9.77E-6,4.0E-8,6.0E-7,2.0E-7,M2,1.0170000000000001E-5,4.0E-8,1.558E-5,2.0E-7,M2,2.555E-5,4.0E-8,6.0E-7,2.0E-7,M2,4.9100000000000004E-6,5.7E-7,2.0E-7,6.0E-7,M2,4.9100000000000004E-6,5.7E-7,8.8E-7,2.0E-7,M2,5.59E-6,5.7E-7,2.0E-7,1.815E-5,M2,5.59E-6,1.852E-5,2.0E-7,6.0E-7,M2,4.0E-7,1.8900000000000002E-5,3.2E-7,7.2E-7,M2,1.4E-7,1.4940000000000001E-5,3.2E-7,7.2E-7,M2,1.936E-5,2.33E-6,6.0E-7,2.0E-7,M2,1.936E-5,2.33E-6,2.0E-7,1.45E-6,M2,8.89E-6,3.58E-6,1.067E-5,2.0E-7,M2,8.49E-6,3.58E-6,6.0E-7,2.0E-7,M2,2.69E-5,1.776E-5,7.2E-7,3.2E-7,M2,2.168E-5,1.3155E-5,7.2E-7,3.2E-7,M2,1.66E-5,2.0395E-5,3.2E-7,7.2E-7,M2,1.517E-5,1.4515E-5,3.2E-7,7.2E-7,M2,3.546E-5,1.4940000000000001E-5,3.2E-7,7.2E-7,M2,3.52E-5,1.8900000000000002E-5,3.2E-7,7.2E-7,M2,2.044E-5,1.0395E-5,2.0E-7,6.0E-7,M2,2.0130000000000002E-5,1.0795E-5,5.1E-7,2.0E-7,M2,2.0130000000000002E-5,1.0795E-5,2.0E-7,2.62E-6,M2,2.0130000000000002E-5,1.3215E-5,6.0E-7,2.0E-7,M2,2.202E-5,1.325E-6,3.2E-7,7.2E-7,M2,3.2200000000000003E-5,1.31E-6,3.2E-7,7.2E-7,M2,1.341E-5,1.782E-5,6.0E-7,2.0E-7,M2,1.361E-5,1.5535E-5,2.0E-7,2.485E-6,M2,1.361E-5,1.5535E-5,3.7E-7,2.0E-7,M2,1.358E-5,1.5535E-5,6.0E-7,2.0E-7,M2,2.697E-5,3.52E-6,7.2E-7,3.2E-7,M2,1.57E-5,2.27E-6,7.2E-7,3.2E-7,M2,1.037E-5,4.72E-6,1.0E-6,2.0E-7,M2,1.117E-5,4.72E-6,2.0E-7,1.0E-6,M2,9.41E-6,4.72E-6,1.96E-6,2.0E-7,M2,9.41E-6,4.72E-6,2.0E-7,6.0E-7,M2,2.625E-5,4.66E-6,3.2E-7,7.2E-7,M2,2.449E-5,4.69E-6,3.2E-7,7.2E-7,M2,3.0070000000000002E-5,1.846E-5,3.2E-7,7.2E-7,M2,3.075E-5,5.1E-7,3.2E-7,7.2E-7,M2,1.528E-5,1.0395E-5,2.0E-7,6.0E-7,M2,1.528E-5,1.0795E-5,5.1E-7,2.0E-7,M2,1.559E-5,1.0795E-5,2.0E-7,2.62E-6,M2,1.519E-5,1.3215E-5,6.0E-7,2.0E-7,M2,3.4E-6,1.31E-6,3.2E-7,7.2E-7,M2,1.358E-5,1.325E-6,3.2E-7,7.2E-7,M3,4.6E-7,1.896E-5,2.0E-7,6.0E-7,M3,4.6E-7,1.54E-5,2.0E-7,3.76E-6,M3,2.0E-7,1.54E-5,4.6E-7,2.0E-7,M3,2.0E-7,1.5E-5,2.0E-7,6.0E-7,M3,2.696E-5,1.782E-5,6.0E-7,2.0E-7,M3,2.194E-5,1.782E-5,5.42E-6,2.0E-7,M3,2.194E-5,1.3215E-5,2.0E-7,4.805E-6,M3,2.1740000000000002E-5,1.3215E-5,6.0E-7,2.0E-7,M3,1.666E-5,2.0455E-5,2.0E-7,6.0E-7,M3,1.523E-5,2.0855E-5,1.63E-6,2.0E-7,M3,1.523E-5,1.4975E-5,2.0E-7,6.08E-6,M3,1.523E-5,1.4575E-5,2.0E-7,6.0E-7,M3,3.552E-5,1.5E-5,2.0E-7,6.0E-7,M3,3.526E-5,1.54E-5,4.6E-7,2.0E-7,M3,3.526E-5,1.54E-5,2.0E-7,3.76E-6,M3,3.526E-5,1.896E-5,2.0E-7,6.0E-7,M3,2.2080000000000002E-5,1.385E-6,2.0E-7,6.0E-7,M3,2.2080000000000002E-5,1.77E-6,2.0E-7,2.15E-7,M3,2.202E-5,1.71E-6,3.2E-7,1.12E-6,M3,2.202E-5,1.71E-6,1.12E-6,3.2E-7,M3,3.2200000000000003E-5,1.31E-6,3.2E-7,7.2E-7,M3,2.697E-5,3.52E-6,7.2E-7,3.2E-7,M3,1.66E-5,3.52E-6,1.12E-6,3.2E-7,M3,1.66E-5,2.7200000000000002E-6,3.2E-7,1.12E-6,M3,1.666E-5,2.33E-6,2.0E-7,1.45E-6,M3,1.58E-5,2.27E-6,1.12E-6,3.2E-7,M3,1.66E-5,2.27E-6,3.2E-7,1.12E-6,M3,1.57E-5,2.27E-6,7.2E-7,3.2E-7,M3,2.625E-5,4.66E-6,3.2E-7,7.2E-7,M3,2.449E-5,4.66E-6,3.2E-7,1.12E-6,M3,2.449E-5,4.66E-6,1.12E-6,3.2E-7,M3,2.455E-5,4.72E-6,2.0E-7,2.3E-7,M3,2.455E-5,4.75E-6,2.0E-7,6.0E-7,M3,3.013E-5,1.852E-5,2.0E-7,6.0E-7,M3,3.013E-5,5.7E-7,2.0E-7,1.815E-5,M3,3.013E-5,5.7E-7,8.8E-7,2.0E-7,M3,3.081E-5,5.7E-7,2.0E-7,6.0E-7,M3,3.46E-6,1.37E-6,2.0E-7,6.0E-7,M3,3.46E-6,1.77E-6,2.0E-7,2.15E-7,M3,3.4E-6,1.725E-6,1.12E-6,3.2E-7,M3,3.4E-6,9.25E-7,3.2E-7,1.12E-6,M3,1.358E-5,1.325E-6,3.2E-7,7.2E-7,M4,2.2080000000000002E-5,1.77E-6,2.0E-7,1.0E-6,M4,2.2080000000000002E-5,1.77E-6,1.0E-6,2.0E-7,M4,2.2080000000000002E-5,1.77E-6,1.038E-5,2.0E-7,M4,3.226E-5,1.37E-6,2.0E-7,6.0E-7,M4,2.697E-5,3.52E-6,7.2E-7,3.2E-7,M4,1.66E-5,3.52E-6,1.12E-6,3.2E-7,M4,1.66E-5,2.7200000000000002E-6,3.2E-7,1.12E-6,M4,1.58E-5,2.27E-6,1.12E-6,3.2E-7,M4,1.66E-5,2.27E-6,3.2E-7,1.12E-6,M4,1.57E-5,2.27E-6,7.2E-7,3.2E-7,M4,2.631E-5,4.72E-6,2.0E-7,6.0E-7,M4,2.455E-5,4.72E-6,1.96E-6,2.0E-7,M4,2.455E-5,4.72E-6,2.0E-7,1.0E-6,M4,2.455E-5,4.72E-6,1.0E-6,2.0E-7,M4,3.46E-6,1.785E-6,1.0E-6,2.0E-7,M4,3.46E-6,9.85E-7,2.0E-7,1.0E-6,M4,3.46E-6,1.785E-6,1.038E-5,2.0E-7,M4,1.364E-5,1.385E-6,2.0E-7,6.0E-7,M5,2.697E-5,3.52E-6,7.2E-7,3.2E-7,M5,1.66E-5,3.52E-6,1.12E-6,3.2E-7,M5,1.66E-5,2.7200000000000002E-6,3.2E-7,1.12E-6,M5,1.58E-5,2.27E-6,1.12E-6,3.2E-7,M5,1.66E-5,2.27E-6,3.2E-7,1.12E-6,M5,1.57E-5,2.27E-6,7.2E-7,3.2E-7,M6,2.673E-5,3.48E-6,1.2E-6,4.0E-7,M6,1.656E-5,3.48E-6,2.0E-6,4.0E-7,M6,1.656E-5,1.88E-6,4.0E-7,2.0E-6,M6,1.496E-5,2.2300000000000002E-6,2.0E-6,4.0E-7,M6,1.656E-5,2.2300000000000002E-6,4.0E-7,2.0E-6,M6,1.546E-5,2.2300000000000002E-6,1.2E-6,4.0E-7,M7,2.673E-5,3.48E-6,1.2E-6,4.0E-7,M7,1.656E-5,3.48E-6,2.0E-6,4.0E-7,M7,1.656E-5,1.88E-6,4.0E-7,2.0E-6,M7,1.496E-5,2.2300000000000002E-6,2.0E-6,4.0E-7,M7,1.656E-5,2.2300000000000002E-6,4.0E-7,2.0E-6,M7,1.626E-5,2.2300000000000002E-6,7.0E-7,4.0E-7,M7,1.546E-5,2.2300000000000002E-6,1.2E-6,4.0E-7,M8,2.673E-5,3.48E-6,1.2E-6,4.0E-7,M8,1.656E-5,3.48E-6,1.057E-5,4.0E-7,M8,1.656E-5,3.48E-6,2.0E-6,4.0E-7,M8,1.656E-5,1.88E-6,4.0E-7,2.0E-6,
M1,2.465E-5,2.35E-6,3.3E-7,1.6E-7,M1,2.482E-5,2.35E-6,1.6E-7,1.44E-6,M1,1.8E-7,1.191E-5,2.4000000000000003E-7,6.4E-7,M1,8.7E-6,1.2595E-5,2.4000000000000003E-7,6.4E-7,M1,9.19E-6,2.0E-8,6.4E-7,2.4000000000000003E-7,M1,2.797E-5,2.0E-8,6.4E-7,2.4000000000000003E-7,M1,2.821E-5,6.000000000000001E-8,5.35E-7,1.6E-7,M1,2.798E-5,1.2595E-5,2.4000000000000003E-7,6.4E-7,M1,3.65E-5,1.191E-5,2.4000000000000003E-7,6.4E-7,M1,2.996E-5,4.65E-6,1.6E-7,2.8E-7,M1,2.82E-5,4.77E-6,1.9200000000000003E-6,1.6E-7,M1,3.624E-5,2.317E-5,2.4000000000000003E-7,6.4E-7,M1,3.624E-5,1.9685E-5,2.4000000000000003E-7,6.4E-7,M1,3.628E-5,1.965E-5,1.6E-7,4.35E-7,M1,3.628E-5,1.965E-5,4.2E-7,1.6E-7,M1,9.92E-6,1.1635E-5,1.6E-7,7.2E-7,M1,9.92E-6,1.1635E-5,2.0E-7,1.6E-7,M1,1.106E-5,9.215E-6,2.4000000000000003E-7,6.4E-7,M1,1.163E-5,9.25E-7,2.4000000000000003E-7,6.4E-7,M1,4.4E-7,2.317E-5,2.4000000000000003E-7,6.4E-7,M1,4.4E-7,1.9685E-5,2.4000000000000003E-7,6.4E-7,M1,4.800000000000001E-7,1.965E-5,1.6E-7,4.35E-7,M1,2.2E-7,1.965E-5,4.2E-7,1.6E-7,M1,1.732E-5,2.5280000000000002E-5,2.28E-6,1.6E-7,M1,1.1940000000000001E-5,2.35E-6,3.3E-7,1.6E-7,M1,1.1940000000000001E-5,2.35E-6,1.6E-7,1.44E-6,M1,1.224E-5,8.775E-6,2.4000000000000003E-7,6.4E-7,M1,1.2135E-5,1.1595E-5,6.4E-7,2.4000000000000003E-7,M1,2.684E-5,1.1635E-5,1.6E-7,7.2E-7,M1,2.68E-5,1.1635E-5,2.0E-7,1.6E-7,M1,2.665E-5,8.65E-7,2.4000000000000003E-7,6.4E-7,M1,2.679E-5,2.273E-5,2.4000000000000003E-7,6.4E-7,M1,2.321E-5,2.31E-6,6.4E-7,2.4000000000000003E-7,M1,5.09E-6,2.075E-5,6.4E-7,2.4000000000000003E-7,M1,2.37E-5,1.805E-6,4.42E-6,1.6E-7,M1,2.796E-5,1.745E-6,1.6E-7,2.2E-7,M1,1.153E-5,1.3955000000000001E-5,1.6E-7,8.275E-6,M1,1.153E-5,1.3955000000000001E-5,4.0E-7,1.6E-7,M1,2.523E-5,1.3955000000000001E-5,1.6E-7,8.275E-6,M1,2.499E-5,1.3955000000000001E-5,4.0E-7,1.6E-7,M1,1.632E-5,1.805E-6,4.28E-6,1.6E-7,M1,8.8E-6,1.805E-6,4.42E-6,1.6E-7,M1,8.8E-6,1.745E-6,1.6E-7,2.2E-7,M1,9.89E-6,2.273E-5,2.4000000000000003E-7,6.4E-7,M1,1.003E-5,8.65E-7,2.4000000000000003E-7,6.4E-7,M1,2.4145E-5,1.1595E-5,6.4E-7,2.4000000000000003E-7,M1,2.444E-5,8.775E-6,2.4000000000000003E-7,6.4E-7,M1,6.8E-6,4.65E-6,1.6E-7,2.8E-7,M1,6.8E-6,4.77E-6,1.9200000000000003E-6,1.6E-7,M1,2.5620000000000002E-5,9.215E-6,2.4000000000000003E-7,6.4E-7,M1,2.505E-5,9.25E-7,2.4000000000000003E-7,6.4E-7,M1,1.307E-5,2.31E-6,6.4E-7,2.4000000000000003E-7,M1,3.119E-5,2.075E-5,6.4E-7,2.4000000000000003E-7,M2,1.4E-7,1.187E-5,3.2E-7,7.2E-7,M2,8.66E-6,1.2555000000000001E-5,3.2E-7,7.2E-7,M2,9.21E-6,4.0E-8,6.0E-7,2.0E-7,M2,9.61E-6,4.0E-8,1.878E-5,2.0E-7,M2,2.799E-5,4.0E-8,6.0E-7,2.0E-7,M2,2.794E-5,1.2555000000000001E-5,3.2E-7,7.2E-7,M2,3.646E-5,1.187E-5,3.2E-7,7.2E-7,M2,3.626E-5,2.319E-5,2.0E-7,6.0E-7,M2,3.626E-5,1.9905E-5,2.0E-7,3.485E-6,M2,3.626E-5,1.9705000000000002E-5,2.0E-7,6.0E-7,M2,1.108E-5,9.235E-6,2.0E-7,6.0E-7,M2,1.108E-5,1.345E-6,2.0E-7,8.49E-6,M2,1.108E-5,1.345E-6,7.7E-7,2.0E-7,M2,1.165E-5,9.450000000000001E-7,2.0E-7,6.0E-7,M2,4.6E-7,2.319E-5,2.0E-7,6.0E-7,M2,4.6E-7,1.9905E-5,2.0E-7,3.485E-6,M2,4.6E-7,1.9705000000000002E-5,2.0E-7,6.0E-7,M2,1.226E-5,8.795E-6,2.0E-7,6.0E-7,M2,1.226E-5,9.195000000000001E-6,2.95E-7,2.0E-7,M2,1.1495000000000001E-5,9.135E-6,1.12E-6,3.2E-7,M2,1.2295E-5,9.135E-6,3.2E-7,1.12E-6,M2,1.2095E-5,1.1555E-5,7.2E-7,3.2E-7,M2,2.661E-5,8.25E-7,3.2E-7,7.2E-7,M2,2.675E-5,2.269E-5,3.2E-7,7.2E-7,M2,2.323E-5,2.33E-6,6.0E-7,2.0E-7,M2,1.452E-5,2.33E-6,9.110000000000001E-6,2.0E-7,M2,1.452E-5,2.33E-6,2.0E-7,1.864E-5,M2,1.446E-5,1.991E-5,3.2E-7,1.12E-6,M2,1.366E-5,2.071E-5,1.12E-6,3.2E-7,M2,1.268E-5,2.071E-5,7.2E-7,3.2E-7,M2,5.31E-6,2.077E-5,7.83E-6,2.0E-7,M2,5.11E-6,2.077E-5,6.0E-7,2.0E-7,M2,9.85E-6,2.269E-5,3.2E-7,7.2E-7,M2,9.990000000000001E-6,8.25E-7,3.2E-7,7.2E-7,M2,2.4105E-5,1.1555E-5,7.2E-7,3.2E-7,M2,2.44E-5,8.735E-6,3.2E-7,7.2E-7,M2,2.5640000000000002E-5,9.235E-6,2.0E-7,6.0E-7,M2,2.5640000000000002E-5,1.345E-6,2.0E-7,8.49E-6,M2,2.507E-5,1.345E-6,7.7E-7,2.0E-7,M2,2.507E-5,9.450000000000001E-7,2.0E-7,6.0E-7,M2,1.303E-5,2.27E-6,7.2E-7,3.2E-7,M2,3.115E-5,2.071E-5,7.2E-7,3.2E-7,M3,2.0E-7,1.1930000000000001E-5,2.0E-7,6.0E-7,M3,2.0E-7,1.213E-5,8.72E-6,2.0E-7,M3,8.72E-6,1.213E-5,2.0E-7,6.85E-7,M3,8.72E-6,1.2615E-5,2.0E-7,6.0E-7,M3,2.8E-5,1.2615E-5,2.0E-7,6.0E-7,M3,2.8E-5,1.213E-5,2.0E-7,6.85E-7,M3,2.8E-5,1.213E-5,8.72E-6,2.0E-7,M3,3.652E-5,1.1930000000000001E-5,2.0E-7,6.0E-7,M3,1.1555E-5,9.195000000000001E-6,1.0E-6,2.0E-7,M3,1.2355E-5,9.195000000000001E-6,2.0E-7,1.0E-6,M3,1.2355E-5,9.195000000000001E-6,2.0E-7,2.62E-6,M3,1.2155E-5,1.1615E-5,6.0E-7,2.0E-7,M3,2.667E-5,8.85E-7,2.0E-7,6.0E-7,M3,2.667E-5,1.285E-6,3.4000000000000003E-7,2.0E-7,M3,2.595E-5,1.2250000000000001E-6,1.12E-6,3.2E-7,M3,2.675E-5,1.2250000000000001E-6,3.2E-7,1.12E-6,M3,2.675E-5,2.269E-5,3.2E-7,7.2E-7,M3,1.452E-5,1.997E-5,2.0E-7,1.0E-6,M3,1.372E-5,2.077E-5,1.0E-6,2.0E-7,M3,1.294E-5,2.077E-5,1.7800000000000001E-6,2.0E-7,M3,1.274E-5,2.077E-5,6.0E-7,2.0E-7,M3,9.91E-6,2.275E-5,2.0E-7,6.0E-7,M3,9.91E-6,1.285E-6,2.0E-7,2.1665E-5,M3,9.91E-6,1.285E-6,3.4000000000000003E-7,2.0E-7,M3,1.005E-5,8.85E-7,2.0E-7,6.0E-7,M3,2.4165E-5,1.1615E-5,6.0E-7,2.0E-7,M3,2.4365E-5,9.195000000000001E-6,2.0E-7,2.62E-6,M3,2.4365E-5,9.195000000000001E-6,2.95E-7,2.0E-7,M3,2.446E-5,8.795E-6,2.0E-7,6.0E-7,M3,1.309E-5,2.33E-6,6.0E-7,2.0E-7,M3,1.329E-5,2.33E-6,9.110000000000001E-6,2.0E-7,M3,2.22E-5,2.33E-6,2.0E-7,1.864E-5,M3,2.214E-5,2.071E-5,1.12E-6,3.2E-7,M3,2.214E-5,1.991E-5,3.2E-7,1.12E-6,M3,2.3520000000000002E-5,2.071E-5,7.2E-7,3.2E-7,M3,2.378E-5,2.077E-5,7.83E-6,2.0E-7,M3,3.121E-5,2.077E-5,6.0E-7,2.0E-7,M4,2.601E-5,1.285E-6,1.0E-6,2.0E-7,M4,2.681E-5,1.285E-6,2.0E-7,1.0E-6,M4,2.681E-5,1.285E-6,2.0E-7,2.1665E-5,M4,2.681E-5,2.275E-5,2.0E-7,6.0E-7,M4,2.22E-5,2.077E-5,1.0E-6,2.0E-7,M4,2.22E-5,1.997E-5,2.0E-7,1.0E-6,M4,2.22E-5,2.077E-5,1.7800000000000001E-6,2.0E-7,M4,2.358E-5,2.077E-5,6.0E-7,2.0E-7,
M1,3.107E-5,1.509E-5,6.4E-7,2.4000000000000003E-7,M1,3.514E-5,1.509E-5,6.4E-7,2.4000000000000003E-7,M1,3.056E-5,1.509E-5,6.4E-7,2.4000000000000003E-7,M1,3.091E-5,4.9000000000000005E-6,2.4000000000000003E-7,6.4E-7,M1,3.231E-5,5.38E-6,3.4500000000000003E-7,1.6E-7,M1,3.2495E-5,5.38E-6,1.7350000000000001E-6,1.6E-7,M1,3.978E-5,1.82E-6,2.4000000000000003E-7,6.4E-7,M1,3.419E-5,1.365E-6,2.4000000000000003E-7,6.4E-7,M1,5.034E-5,1.623E-5,2.4000000000000003E-7,6.4E-7,M1,5.0600000000000003E-5,1.227E-5,2.4000000000000003E-7,6.4E-7,M1,3.937E-5,2.0E-8,6.4E-7,2.4000000000000003E-7,M1,1.29E-5,2.0E-8,6.4E-7,2.4000000000000003E-7,M1,2.981E-5,4.2000000000000004E-6,6.4E-7,2.4000000000000003E-7,M1,3.163E-5,2.31E-6,6.4E-7,2.4000000000000003E-7,M1,4.4E-7,1.623E-5,2.4000000000000003E-7,6.4E-7,M1,1.8E-7,1.227E-5,2.4000000000000003E-7,6.4E-7,M1,3.714E-5,1.3800000000000001E-6,2.4000000000000003E-7,6.4E-7,M1,3.768E-5,1.579E-5,2.4000000000000003E-7,6.4E-7,M1,1.804E-5,5.65E-7,2.4000000000000003E-7,6.4E-7,M1,1.792E-5,5.34E-6,6.4E-7,2.4000000000000003E-7,M1,1.816E-5,5.38E-6,5.5E-7,1.6E-7,M1,3.155E-5,1.513E-5,1.6E-7,8.6E-7,M1,3.155E-5,1.583E-5,2.7E-7,1.6E-7,M1,3.455E-5,4.2000000000000004E-6,6.4E-7,2.4000000000000003E-7,M1,2.318E-5,8.76E-6,6.4E-7,2.4000000000000003E-7,M1,1.62E-5,1.6270000000000002E-5,2.28E-6,1.6E-7,M1,1.987E-5,4.9000000000000005E-6,2.4000000000000003E-7,6.4E-7,M1,1.982E-5,1.509E-5,6.4E-7,2.4000000000000003E-7,M1,1.8365E-5,5.38E-6,3.4500000000000003E-7,1.6E-7,M1,1.679E-5,5.38E-6,1.7350000000000001E-6,1.6E-7,M1,1.659E-5,1.365E-6,2.4000000000000003E-7,6.4E-7,M1,1.1E-5,1.82E-6,2.4000000000000003E-7,6.4E-7,M1,1.364E-5,1.3800000000000001E-6,2.4000000000000003E-7,6.4E-7,M1,1.31E-5,1.579E-5,2.4000000000000003E-7,6.4E-7,M1,1.99E-5,1.7055000000000002E-5,1.1220000000000001E-5,1.6E-7,M1,1.8750000000000002E-5,2.31E-6,6.4E-7,2.4000000000000003E-7,M1,2.057E-5,4.2000000000000004E-6,6.4E-7,2.4000000000000003E-7,M1,3.274E-5,5.65E-7,2.4000000000000003E-7,6.4E-7,M1,3.246E-5,5.34E-6,6.4E-7,2.4000000000000003E-7,M1,3.231E-5,5.38E-6,5.5E-7,1.6E-7,M1,1.92E-5,1.513E-5,1.6E-7,8.6E-7,M1,1.92E-5,1.513E-5,2.7E-7,1.6E-7,M1,1.9810000000000002E-5,1.045E-6,1.1400000000000001E-5,1.6E-7,M1,3.2540000000000004E-5,1.6270000000000002E-5,2.28E-6,1.6E-7,M1,1.568E-5,1.513E-5,4.03E-6,1.6E-7,M1,2.72E-5,8.76E-6,6.4E-7,2.4000000000000003E-7,M1,1.583E-5,4.2000000000000004E-6,6.4E-7,2.4000000000000003E-7,M2,3.109E-5,1.5110000000000001E-5,6.0E-7,2.0E-7,M2,3.129E-5,1.5110000000000001E-5,4.07E-6,2.0E-7,M2,3.516E-5,1.5110000000000001E-5,6.0E-7,2.0E-7,M2,3.052E-5,1.505E-5,7.2E-7,3.2E-7,M2,3.087E-5,4.86E-6,3.2E-7,7.2E-7,M2,3.974E-5,1.7800000000000001E-6,3.2E-7,7.2E-7,M2,3.415E-5,1.325E-6,3.2E-7,7.2E-7,M2,5.036E-5,1.6250000000000002E-5,2.0E-7,6.0E-7,M2,5.036E-5,1.269E-5,2.0E-7,3.76E-6,M2,5.036E-5,1.269E-5,4.6E-7,2.0E-7,M2,5.062E-5,1.2290000000000001E-5,2.0E-7,6.0E-7,M2,3.939E-5,4.0E-8,6.0E-7,2.0E-7,M2,1.332E-5,4.0E-8,2.647E-5,2.0E-7,M2,1.292E-5,4.0E-8,6.0E-7,2.0E-7,M2,2.983E-5,4.22E-6,6.0E-7,2.0E-7,M2,3.0030000000000002E-5,4.22E-6,1.82E-6,2.0E-7,M2,3.1650000000000004E-5,2.33E-6,2.0E-7,2.09E-6,M2,3.1650000000000004E-5,2.33E-6,6.0E-7,2.0E-7,M2,4.6E-7,1.6250000000000002E-5,2.0E-7,6.0E-7,M2,4.6E-7,1.269E-5,2.0E-7,3.76E-6,M2,2.0E-7,1.269E-5,4.6E-7,2.0E-7,M2,2.0E-7,1.2290000000000001E-5,2.0E-7,6.0E-7,M2,3.716E-5,1.4E-6,2.0E-7,6.0E-7,M2,3.716E-5,1.8000000000000001E-6,7.4E-7,2.0E-7,M2,3.77E-5,1.8000000000000001E-6,2.0E-7,1.421E-5,M2,3.77E-5,1.581E-5,2.0E-7,6.0E-7,M2,1.806E-5,5.85E-7,2.0E-7,6.0E-7,M2,1.806E-5,5.85E-7,2.0E-7,4.975E-6,M2,1.806E-5,5.36E-6,2.8E-7,2.0E-7,M2,1.794E-5,5.36E-6,6.0E-7,2.0E-7,M2,3.451E-5,4.16E-6,7.2E-7,3.2E-7,M2,2.3140000000000002E-5,8.72E-6,7.2E-7,3.2E-7,M2,1.983E-5,4.86E-6,3.2E-7,7.2E-7,M2,1.978E-5,1.505E-5,7.2E-7,3.2E-7,M2,1.655E-5,1.325E-6,3.2E-7,7.2E-7,M2,1.096E-5,1.7800000000000001E-6,3.2E-7,7.2E-7,M2,1.366E-5,1.4E-6,2.0E-7,6.0E-7,M2,1.312E-5,1.8000000000000001E-6,7.4E-7,2.0E-7,M2,1.312E-5,1.8000000000000001E-6,2.0E-7,1.421E-5,M2,1.312E-5,1.581E-5,2.0E-7,6.0E-7,M2,1.871E-5,2.27E-6,7.2E-7,3.2E-7,M2,2.053E-5,4.16E-6,7.2E-7,3.2E-7,M2,3.276E-5,5.85E-7,2.0E-7,6.0E-7,M2,3.276E-5,5.85E-7,2.0E-7,4.975E-6,M2,3.268E-5,5.36E-6,2.8E-7,2.0E-7,M2,3.248E-5,5.36E-6,6.0E-7,2.0E-7,M2,2.716E-5,8.72E-6,7.2E-7,3.2E-7,M2,1.579E-5,4.16E-6,7.2E-7,3.2E-7,M3,3.058E-5,1.5110000000000001E-5,6.0E-7,2.0E-7,M3,3.058E-5,7.75E-6,2.0E-7,7.5600000000000005E-6,M3,3.058E-5,7.75E-6,5.5E-7,2.0E-7,M3,3.0930000000000004E-5,4.92E-6,2.0E-7,3.0300000000000002E-6,M3,3.0930000000000004E-5,4.92E-6,2.0E-7,6.0E-7,M3,3.98E-5,1.84E-6,2.0E-7,6.0E-7,M3,3.98E-5,1.785E-6,2.0E-7,6.55E-7,M3,3.5455E-5,1.785E-6,4.545E-6,2.0E-7,M3,3.421E-5,1.785E-6,1.445E-6,2.0E-7,M3,3.421E-5,1.385E-6,2.0E-7,6.0E-7,M3,3.451E-5,4.16E-6,7.2E-7,3.2E-7,M3,2.334E-5,4.16E-6,3.2E-7,1.12E-6,M3,2.334E-5,4.16E-6,1.12E-6,3.2E-7,M3,2.34E-5,4.22E-6,2.0E-7,4.76E-6,M3,2.32E-5,8.78E-6,6.0E-7,2.0E-7,M3,1.989E-5,4.92E-6,2.0E-7,6.0E-7,M3,1.989E-5,4.92E-6,2.0E-7,3.0300000000000002E-6,M3,1.989E-5,7.75E-6,5.5E-7,2.0E-7,M3,2.024E-5,7.75E-6,2.0E-7,7.5600000000000005E-6,M3,1.984E-5,1.5110000000000001E-5,6.0E-7,2.0E-7,M3,1.6610000000000002E-5,1.385E-6,2.0E-7,6.0E-7,M3,1.102E-5,1.785E-6,5.7900000000000005E-6,2.0E-7,M3,1.102E-5,1.785E-6,2.0E-7,6.55E-7,M3,1.102E-5,1.84E-6,2.0E-7,6.0E-7,M3,1.871E-5,2.27E-6,7.2E-7,3.2E-7,M3,2.053E-5,4.16E-6,7.2E-7,3.2E-7,M3,2.716E-5,8.72E-6,7.2E-7,3.2E-7,M3,1.579E-5,4.16E-6,7.2E-7,3.2E-7,M4,3.451E-5,4.16E-6,7.2E-7,3.2E-7,M4,2.334E-5,4.16E-6,3.2E-7,1.12E-6,M4,2.334E-5,4.16E-6,1.12E-6,3.2E-7,M4,1.877E-5,2.33E-6,6.0E-7,2.0E-7,M4,1.917E-5,2.33E-6,2.0E-7,2.09E-6,M4,1.917E-5,4.22E-6,1.82E-6,2.0E-7,M4,2.059E-5,4.22E-6,6.0E-7,2.0E-7,M4,2.722E-5,8.78E-6,6.0E-7,2.0E-7,M4,2.7420000000000002E-5,6.82E-6,2.0E-7,2.16E-6,M4,2.736E-5,6.56E-6,3.2E-7,7.2E-7,M4,1.579E-5,4.16E-6,7.2E-7,3.2E-7,M5,3.457E-5,4.22E-6,6.0E-7,2.0E-7,M5,2.34E-5,4.22E-6,1.137E-5,2.0E-7,M5,2.34E-5,4.22E-6,2.0E-7,1.0E-6,M5,2.34E-5,4.22E-6,1.0E-6,2.0E-7,M5,2.736E-5,6.56E-6,3.2E-7,7.2E-7,M5,1.579E-5,4.16E-6,7.2E-7,3.2E-7,M6,2.7420000000000002E-5,6.62E-6,2.0E-7,6.0E-7,M6,2.7420000000000002E-5,4.22E-6,2.0E-7,2.8E-6,M6,1.6250000000000002E-5,4.22E-6,1.137E-5,2.0E-7,M6,1.585E-5,4.22E-6,6.0E-7,2.0E-7,
M1,1.997E-5,5.0E-6,2.4000000000000003E-7,6.4E-7,M1,1.972E-5,5.0E-7,2.4000000000000003E-7,6.4E-7,M1,3.117E-5,2.0700000000000002E-5,1.6E-7,8.6E-7,M1,3.106E-5,2.0700000000000002E-5,2.7E-7,1.6E-7,M1,3.734E-5,1.9200000000000003E-6,2.4000000000000003E-7,6.4E-7,M1,3.189E-5,1.3E-6,2.4000000000000003E-7,6.4E-7,M1,2.4750000000000002E-5,2.22E-6,1.6E-7,2.28E-6,M1,2.4390000000000002E-5,2.22E-6,5.2E-7,1.6E-7,M1,1.8E-7,1.6845E-5,2.4000000000000003E-7,6.4E-7,M1,4.4E-7,2.0805E-5,2.4000000000000003E-7,6.4E-7,M1,3.441E-5,2.3325E-5,1.6E-7,8.2E-7,M1,3.153E-5,2.3325E-5,3.04E-6,1.6E-7,M1,1.082E-5,2.2845E-5,2.4000000000000003E-7,6.4E-7,M1,1.3690000000000001E-5,2.2185000000000002E-5,2.4000000000000003E-7,6.4E-7,M1,4.5260000000000004E-5,2.0805E-5,2.4000000000000003E-7,6.4E-7,M1,4.552E-5,1.6845E-5,2.4000000000000003E-7,6.4E-7,M1,1.381E-5,1.3E-6,2.4000000000000003E-7,6.4E-7,M1,8.36E-6,1.9200000000000003E-6,2.4000000000000003E-7,6.4E-7,M1,3.201E-5,2.2185000000000002E-5,2.4000000000000003E-7,6.4E-7,M1,3.488E-5,2.2845E-5,2.4000000000000003E-7,6.4E-7,M1,2.4370000000000002E-5,1.828E-5,2.4000000000000003E-7,6.4E-7,M1,3.011E-5,2.0660000000000002E-5,6.4E-7,2.4000000000000003E-7,M1,8.5E-6,6.000000000000001E-8,2.894E-5,1.6E-7,M1,2.103E-5,2.22E-6,1.6E-7,2.28E-6,M1,2.103E-5,2.22E-6,5.2E-7,1.6E-7,M1,1.548E-5,5.0E-6,2.4000000000000003E-7,6.4E-7,M1,3.532E-5,5.0E-6,2.4000000000000003E-7,6.4E-7,M1,2.471E-5,4.3E-6,6.4E-7,2.4000000000000003E-7,M1,1.729E-5,4.3E-6,6.4E-7,2.4000000000000003E-7,M1,1.472E-5,2.0700000000000002E-5,1.6E-7,8.6E-7,M1,1.461E-5,2.1400000000000002E-5,2.7E-7,1.6E-7,M1,1.825E-5,5.04E-6,1.6E-7,6.0E-7,M1,1.825E-5,5.04E-6,1.9200000000000003E-6,1.6E-7,M1,1.0340000000000001E-5,1.48E-6,2.4000000000000003E-7,6.4E-7,M1,9.97E-6,2.0365E-5,2.4000000000000003E-7,6.4E-7,M1,3.573E-5,2.0365E-5,2.4000000000000003E-7,6.4E-7,M1,3.536E-5,1.48E-6,2.4000000000000003E-7,6.4E-7,M1,1.421E-5,2.3285E-5,6.4E-7,2.4000000000000003E-7,M1,1.421E-5,2.3145E-5,2.4000000000000003E-7,1.04E-6,M1,1.341E-5,2.3945000000000002E-5,1.04E-6,2.4000000000000003E-7,M1,1.137E-5,2.3985E-5,3.04E-6,1.6E-7,M1,2.059E-5,4.3E-6,6.4E-7,2.4000000000000003E-7,M1,2.801E-5,4.3E-6,6.4E-7,2.4000000000000003E-7,M1,2.577E-5,5.04E-6,1.6E-7,6.0E-7,M1,2.577E-5,5.48E-6,1.9200000000000003E-6,1.6E-7,M1,2.5980000000000002E-5,5.0E-7,2.4000000000000003E-7,6.4E-7,M1,2.573E-5,5.0E-6,2.4000000000000003E-7,6.4E-7,M1,1.543E-5,2.0700000000000002E-5,6.1E-6,1.6E-7,M1,2.133E-5,1.986E-5,2.4000000000000003E-7,1.04E-6,M1,2.053E-5,2.0660000000000002E-5,1.04E-6,2.4000000000000003E-7,M1,2.133E-5,1.828E-5,2.4000000000000003E-7,6.4E-7,M1,2.201E-5,9.8E-7,1.9200000000000003E-6,1.6E-7,M2,1.999E-5,5.02E-6,2.0E-7,6.0E-7,M2,1.974E-5,5.02E-6,4.5000000000000003E-7,2.0E-7,M2,1.974E-5,5.2E-7,2.0E-7,4.7E-6,M2,1.974E-5,5.2E-7,2.0E-7,6.0E-7,M2,3.73E-5,1.88E-6,3.2E-7,7.2E-7,M2,3.185E-5,1.26E-6,3.2E-7,7.2E-7,M2,1.4E-7,1.6805E-5,3.2E-7,7.2E-7,M2,4.0E-7,2.0765000000000002E-5,3.2E-7,7.2E-7,M2,1.078E-5,2.2805E-5,3.2E-7,7.2E-7,M2,1.365E-5,2.2145E-5,3.2E-7,7.2E-7,M2,4.5220000000000004E-5,2.0765000000000002E-5,3.2E-7,7.2E-7,M2,4.548E-5,1.6805E-5,3.2E-7,7.2E-7,M2,1.377E-5,1.26E-6,3.2E-7,7.2E-7,M2,8.32E-6,1.88E-6,3.2E-7,7.2E-7,M2,3.197E-5,2.2145E-5,3.2E-7,7.2E-7,M2,3.484E-5,2.2805E-5,3.2E-7,7.2E-7,M2,2.433E-5,1.824E-5,3.2E-7,7.2E-7,M2,3.0070000000000002E-5,2.062E-5,7.2E-7,3.2E-7,M2,1.55E-5,5.02E-6,2.0E-7,6.0E-7,M2,1.55E-5,5.02E-6,2.004E-5,2.0E-7,M2,3.5340000000000004E-5,5.02E-6,2.0E-7,6.0E-7,M2,2.4730000000000002E-5,4.32E-6,6.0E-7,2.0E-7,M2,1.771E-5,4.32E-6,7.22E-6,2.0E-7,M2,1.7310000000000002E-5,4.32E-6,6.0E-7,2.0E-7,M2,1.03E-5,1.44E-6,3.2E-7,7.2E-7,M2,9.93E-6,2.0325E-5,3.2E-7,7.2E-7,M2,3.575E-5,2.0385E-5,2.0E-7,6.0E-7,M2,3.575E-5,1.9E-6,2.0E-7,1.8685E-5,M2,3.5380000000000003E-5,1.9E-6,5.7E-7,2.0E-7,M2,3.5380000000000003E-5,1.5E-6,2.0E-7,6.0E-7,M2,1.4230000000000001E-5,2.3305E-5,6.0E-7,2.0E-7,M2,1.4230000000000001E-5,2.3305E-5,2.0E-7,8.6E-7,M2,1.4230000000000001E-5,2.3165E-5,2.0E-7,1.0E-6,M2,1.343E-5,2.3965000000000002E-5,1.0E-6,2.0E-7,M2,2.055E-5,4.26E-6,7.2E-7,3.2E-7,M2,2.797E-5,4.26E-6,7.2E-7,3.2E-7,M2,2.6000000000000002E-5,5.2E-7,2.0E-7,6.0E-7,M2,2.6000000000000002E-5,5.2E-7,2.0E-7,4.7E-6,M2,2.594E-5,4.16E-6,3.2E-7,1.12E-6,M2,2.514E-5,4.96E-6,1.12E-6,3.2E-7,M2,2.569E-5,4.96E-6,3.2E-7,7.2E-7,M2,2.135E-5,1.988E-5,2.0E-7,1.0E-6,M2,2.055E-5,2.0680000000000002E-5,1.0E-6,2.0E-7,M2,2.135E-5,1.87E-5,2.0E-7,2.18E-6,M2,2.135E-5,1.83E-5,2.0E-7,6.0E-7,M3,3.736E-5,1.94E-6,2.0E-7,6.0E-7,M3,3.191E-5,2.34E-6,5.65E-6,2.0E-7,M3,3.191E-5,1.72E-6,2.0E-7,8.2E-7,M3,3.191E-5,1.32E-6,2.0E-7,6.0E-7,M3,2.0E-7,1.6865000000000002E-5,2.0E-7,6.0E-7,M3,2.0E-7,1.7265E-5,2.0E-7,3.76E-6,M3,2.0E-7,2.0825E-5,4.6E-7,2.0E-7,M3,4.6E-7,2.0825E-5,2.0E-7,6.0E-7,M3,1.084E-5,2.2865000000000002E-5,2.0E-7,6.0E-7,M3,1.084E-5,2.2605E-5,2.0E-7,8.6E-7,M3,1.084E-5,2.2605E-5,3.0700000000000003E-6,2.0E-7,M3,1.3710000000000001E-5,2.2205000000000002E-5,2.0E-7,6.0E-7,M3,4.528E-5,2.0825E-5,2.0E-7,6.0E-7,M3,4.528E-5,2.0825E-5,4.6E-7,2.0E-7,M3,4.554E-5,1.7265E-5,2.0E-7,3.76E-6,M3,4.554E-5,1.6865000000000002E-5,2.0E-7,6.0E-7,M3,1.383E-5,1.32E-6,2.0E-7,6.0E-7,M3,1.383E-5,1.72E-6,2.0E-7,8.2E-7,M3,8.38E-6,2.34E-6,5.65E-6,2.0E-7,M3,8.38E-6,1.94E-6,2.0E-7,6.0E-7,M3,3.203E-5,2.2205000000000002E-5,2.0E-7,6.0E-7,M3,3.203E-5,2.2605E-5,3.0700000000000003E-6,2.0E-7,M3,3.49E-5,2.2605E-5,2.0E-7,8.6E-7,M3,3.49E-5,2.2865000000000002E-5,2.0E-7,6.0E-7,M3,2.4390000000000002E-5,1.83E-5,2.0E-7,6.0E-7,M3,2.4390000000000002E-5,1.87E-5,2.0E-7,2.18E-6,M3,2.433E-5,2.062E-5,1.12E-6,3.2E-7,M3,2.433E-5,1.982E-5,3.2E-7,1.12E-6,M3,3.0070000000000002E-5,2.062E-5,7.2E-7,3.2E-7,M3,1.03E-5,1.44E-6,3.2E-7,7.2E-7,M3,9.93E-6,2.0325E-5,3.2E-7,7.2E-7,M3,2.061E-5,4.32E-6,6.0E-7,2.0E-7,M3,2.101E-5,4.32E-6,7.22E-6,2.0E-7,M3,2.803E-5,4.32E-6,6.0E-7,2.0E-7,M3,2.6000000000000002E-5,4.22E-6,2.0E-7,1.0E-6,M3,2.52E-5,5.02E-6,1.0E-6,2.0E-7,M3,2.575E-5,5.02E-6,4.5000000000000003E-7,2.0E-7,M3,2.575E-5,5.02E-6,2.0E-7,6.0E-7,M4,2.4390000000000002E-5,2.0680000000000002E-5,1.0E-6,2.0E-7,M4,2.4390000000000002E-5,1.988E-5,2.0E-7,1.0E-6,M4,2.4390000000000002E-5,2.0680000000000002E-5,6.1400000000000005E-6,2.0E-7,M4,3.013E-5,2.0680000000000002E-5,6.0E-7,2.0E-7,M4,1.036E-5,1.5E-6,2.0E-7,6.0E-7,M4,1.036E-5,1.9E-6,2.0E-7,1.8685E-5,M4,9.990000000000001E-6,2.0385E-5,5.7E-7,2.0E-7,M4,9.990000000000001E-6,2.0385E-5,2.0E-7,6.0E-7,
M1,4.1020000000000004E-5,1.76E-6,1.6E-7,2.05E-7,M1,3.548E-5,1.805E-6,5.7000000000000005E-6,1.6E-7,M1,1.8E-7,1.1410000000000001E-5,2.4000000000000003E-7,6.4E-7,M1,1.8E-7,1.392E-5,1.04E-6,2.4000000000000003E-7,M1,1.8E-7,1.312E-5,2.4000000000000003E-7,1.04E-6,M1,2.2E-7,1.396E-5,4.2E-7,1.6E-7,M1,4.800000000000001E-7,1.396E-5,1.6E-7,1.02E-6,M1,4.800000000000001E-7,1.482E-5,1.6E-7,7.5E-7,M1,1.633E-5,1.497E-5,3.006E-5,1.6E-7,M1,1.397E-5,1.427E-5,3.04E-6,1.6E-7,M1,3.523E-5,2.35E-6,1.6E-7,1.44E-6,M1,3.519E-5,3.59E-6,1.04E-6,2.4000000000000003E-7,M1,3.519E-5,2.79E-6,2.4000000000000003E-7,1.04E-6,M1,4.2970000000000004E-5,3.59E-6,6.4E-7,2.4000000000000003E-7,M1,1.569E-5,1.365E-6,1.6E-7,3.565E-6,M1,1.569E-5,1.365E-6,1.013E-5,1.6E-7,M1,3.278E-5,2.35E-6,1.6E-7,1.08E-5,M1,1.341E-5,1.2990000000000001E-5,1.953E-5,1.6E-7,M1,1.336E-5,1.711E-5,2.4000000000000003E-7,6.4E-7,M1,1.629E-5,1.641E-5,2.4000000000000003E-7,6.4E-7,M1,3.686E-5,9.25E-7,2.4000000000000003E-7,6.4E-7,M1,3.686E-5,4.7300000000000005E-6,1.04E-6,2.4000000000000003E-7,M1,3.686E-5,3.9300000000000005E-6,2.4000000000000003E-7,1.04E-6,M1,3.69E-5,4.77E-6,1.013E-5,1.6E-7,M1,1.6855E-5,1.427E-5,5.15E-7,1.6E-7,M1,1.721E-5,1.427E-5,1.6E-7,8.6E-7,M1,4.619E-5,1.641E-5,2.4000000000000003E-7,6.4E-7,M1,4.9120000000000004E-5,1.711E-5,2.4000000000000003E-7,6.4E-7,M1,6.23E-5,1.1410000000000001E-5,2.4000000000000003E-7,6.4E-7,M1,6.23E-5,1.312E-5,2.4000000000000003E-7,1.04E-6,M1,6.15E-5,1.392E-5,1.04E-6,2.4000000000000003E-7,M1,6.208E-5,1.396E-5,4.2E-7,1.6E-7,M1,6.208E-5,1.396E-5,1.6E-7,1.02E-6,M1,6.208E-5,1.482E-5,1.6E-7,7.5E-7,M1,1.989E-5,1.0880000000000001E-5,1.6E-7,3.55E-6,M1,1.985E-5,1.343E-5,2.4000000000000003E-7,1.04E-6,M1,1.905E-5,1.4230000000000001E-5,1.04E-6,2.4000000000000003E-7,M1,1.643E-5,1.4230000000000001E-5,6.4E-7,2.4000000000000003E-7,M1,4.571E-5,1.427E-5,3.04E-6,1.6E-7,M1,3.1600000000000002E-6,5.2E-7,2.4000000000000003E-7,6.4E-7,M1,3.35E-6,1.4930000000000001E-5,2.4000000000000003E-7,6.4E-7,M1,2.7040000000000002E-5,1.365E-6,2.4000000000000003E-7,6.4E-7,M1,2.624E-5,1.72E-6,1.04E-6,2.4000000000000003E-7,M1,2.7040000000000002E-5,1.72E-6,2.4000000000000003E-7,1.04E-6,M1,2.154E-5,1.76E-6,5.7000000000000005E-6,1.6E-7,M1,2.318E-5,2.0E-8,6.4E-7,2.4000000000000003E-7,M1,4.0465E-5,2.0E-8,6.4E-7,2.4000000000000003E-7,M1,4.0705000000000004E-5,6.000000000000001E-8,2.18E-6,1.6E-7,M1,1.911E-5,3.59E-6,6.4E-7,2.4000000000000003E-7,M1,2.709E-5,2.31E-6,6.4E-7,2.4000000000000003E-7,M1,2.934E-5,2.31E-6,6.4E-7,2.4000000000000003E-7,M1,4.911E-5,1.295E-5,6.4E-7,2.4000000000000003E-7,M1,4.535E-5,1.685E-5,5.0E-7,1.6E-7,M1,4.569E-5,1.685E-5,1.6E-7,8.6E-7,M1,4.565E-5,1.4230000000000001E-5,6.4E-7,2.4000000000000003E-7,M1,4.2630000000000004E-5,1.044E-5,2.4000000000000003E-7,6.4E-7,M1,3.04E-5,1.805E-6,1.9200000000000003E-6,1.6E-7,M1,5.932E-5,5.2E-7,2.4000000000000003E-7,6.4E-7,M1,5.913E-5,1.4930000000000001E-5,2.4000000000000003E-7,6.4E-7,M1,1.393E-5,4.68E-6,1.9200000000000003E-6,1.6E-7,M1,1.569E-5,4.68E-6,1.6E-7,2.5E-7,M1,4.6830000000000004E-5,4.7300000000000005E-6,2.4000000000000003E-7,6.4E-7,M1,4.859E-5,4.6400000000000005E-6,2.4000000000000003E-7,6.4E-7,M2,2.0E-7,1.143E-5,2.0E-7,6.0E-7,M2,2.0E-7,1.183E-5,2.0E-7,2.31E-6,M2,2.0E-7,1.394E-5,1.0E-6,2.0E-7,M2,2.0E-7,1.314E-5,2.0E-7,1.0E-6,M2,3.515E-5,3.55E-6,1.12E-6,3.2E-7,M2,3.515E-5,2.75E-6,3.2E-7,1.12E-6,M2,4.2930000000000004E-5,3.55E-6,7.2E-7,3.2E-7,M2,1.332E-5,1.707E-5,3.2E-7,7.2E-7,M2,1.6250000000000002E-5,1.637E-5,3.2E-7,7.2E-7,M2,3.688E-5,9.450000000000001E-7,2.0E-7,6.0E-7,M2,3.688E-5,1.345E-6,2.0E-7,3.6050000000000002E-6,M2,3.688E-5,4.75E-6,1.0E-6,2.0E-7,M2,3.688E-5,3.95E-6,2.0E-7,1.0E-6,M2,4.6150000000000004E-5,1.637E-5,3.2E-7,7.2E-7,M2,4.908E-5,1.707E-5,3.2E-7,7.2E-7,M2,6.232E-5,1.143E-5,2.0E-7,6.0E-7,M2,6.232E-5,1.183E-5,2.0E-7,2.31E-6,M2,6.232E-5,1.314E-5,2.0E-7,1.0E-6,M2,6.152000000000001E-5,1.394E-5,1.0E-6,2.0E-7,M2,1.987E-5,1.345E-5,2.0E-7,1.0E-6,M2,1.9070000000000002E-5,1.425E-5,1.0E-6,2.0E-7,M2,1.685E-5,1.425E-5,3.22E-6,2.0E-7,M2,1.645E-5,1.425E-5,6.0E-7,2.0E-7,M2,3.18E-6,5.4E-7,2.0E-7,6.0E-7,M2,3.18E-6,5.4E-7,3.9E-7,2.0E-7,M2,3.37E-6,5.4E-7,2.0E-7,1.461E-5,M2,3.37E-6,1.4950000000000001E-5,2.0E-7,6.0E-7,M2,2.7060000000000002E-5,1.385E-6,2.0E-7,6.0E-7,M2,2.7060000000000002E-5,1.74E-6,2.0E-7,2.45E-7,M2,2.626E-5,1.74E-6,1.0E-6,2.0E-7,M2,2.7060000000000002E-5,1.74E-6,2.0E-7,1.0E-6,M2,2.32E-5,4.0E-8,6.0E-7,2.0E-7,M2,2.36E-5,4.0E-8,1.7285E-5,2.0E-7,M2,4.0485E-5,4.0E-8,6.0E-7,2.0E-7,M2,1.913E-5,3.61E-6,6.0E-7,2.0E-7,M2,1.953E-5,3.61E-6,7.98E-6,2.0E-7,M2,2.731E-5,2.33E-6,2.0E-7,1.48E-6,M2,2.711E-5,2.33E-6,6.0E-7,2.0E-7,M2,2.936E-5,2.33E-6,6.0E-7,2.0E-7,M2,2.976E-5,2.33E-6,2.0E-7,1.084E-5,M2,2.976E-5,1.297E-5,1.957E-5,2.0E-7,M2,4.913E-5,1.297E-5,6.0E-7,2.0E-7,M2,4.567E-5,1.425E-5,6.0E-7,2.0E-7,M2,4.567E-5,1.0860000000000001E-5,2.0E-7,3.59E-6,M2,4.265E-5,1.0860000000000001E-5,3.22E-6,2.0E-7,M2,4.265E-5,1.046E-5,2.0E-7,6.0E-7,M2,5.9340000000000004E-5,5.4E-7,2.0E-7,6.0E-7,M2,5.915E-5,5.4E-7,3.9E-7,2.0E-7,M2,5.915E-5,5.4E-7,2.0E-7,1.461E-5,M2,5.915E-5,1.4950000000000001E-5,2.0E-7,6.0E-7,M2,4.685E-5,4.75E-6,2.0E-7,6.0E-7,M2,4.685E-5,4.66E-6,2.0E-7,2.9000000000000003E-7,M2,4.685E-5,4.66E-6,1.96E-6,2.0E-7,M2,4.8610000000000004E-5,4.66E-6,2.0E-7,6.0E-7,M3,3.515E-5,3.55E-6,1.12E-6,3.2E-7,M3,3.515E-5,2.75E-6,3.2E-7,1.12E-6,M3,4.2930000000000004E-5,3.55E-6,7.2E-7,3.2E-7,M3,1.338E-5,1.713E-5,2.0E-7,6.0E-7,M3,1.338E-5,1.683E-5,2.0E-7,9.000000000000001E-7,M3,1.338E-5,1.683E-5,3.13E-6,2.0E-7,M3,1.631E-5,1.643E-5,2.0E-7,6.0E-7,M3,4.621E-5,1.643E-5,2.0E-7,6.0E-7,M3,4.621E-5,1.683E-5,2.0E-7,9.000000000000001E-7,M3,4.621E-5,1.753E-5,3.13E-6,2.0E-7,M3,4.914E-5,1.713E-5,2.0E-7,6.0E-7,M4,3.5210000000000003E-5,3.61E-6,1.0E-6,2.0E-7,M4,3.5210000000000003E-5,2.81E-6,2.0E-7,1.0E-6,M4,3.5210000000000003E-5,3.61E-6,7.98E-6,2.0E-7,M4,4.299E-5,3.61E-6,6.0E-7,2.0E-7,
M1,1.101E-5,4.6E-6,2.4000000000000003E-7,6.4E-7,M1,8.19E-6,4.7E-6,2.4000000000000003E-7,6.4E-7,M1,3.434E-5,1.2755E-5,2.4000000000000003E-7,6.4E-7,M1,3.3430000000000003E-5,5.5E-7,2.4000000000000003E-7,6.4E-7,M1,2.681E-5,4.74E-6,2.9800000000000003E-6,1.6E-7,M1,2.677E-5,4.7E-6,1.04E-6,2.4000000000000003E-7,M1,2.677E-5,3.9E-6,2.4000000000000003E-7,1.04E-6,M1,2.677E-5,4.6E-6,2.4000000000000003E-7,6.4E-7,M1,1.8E-7,9.235E-6,2.4000000000000003E-7,6.4E-7,M1,4.4E-7,1.3195E-5,2.4000000000000003E-7,6.4E-7,M1,1.221E-5,1.3E-6,2.4000000000000003E-7,6.4E-7,M1,8.16E-6,1.35E-6,2.4000000000000003E-7,6.4E-7,M1,3.734E-5,1.3195E-5,2.4000000000000003E-7,6.4E-7,M1,3.76E-5,9.235E-6,2.4000000000000003E-7,6.4E-7,M1,2.296E-5,1.6215E-5,3.12E-6,1.6E-7,M1,2.296E-5,1.5380000000000002E-5,1.6E-7,9.95E-7,M1,2.296E-5,1.2395E-5,1.6E-7,3.145E-6,M1,1.699E-5,2.18E-6,6.4E-7,2.4000000000000003E-7,M1,3.229E-5,3.5600000000000002E-6,6.4E-7,2.4000000000000003E-7,M1,2.962E-5,1.35E-6,2.4000000000000003E-7,6.4E-7,M1,2.557E-5,1.3E-6,2.4000000000000003E-7,6.4E-7,M1,1.2450000000000001E-5,2.22E-6,1.6E-7,1.44E-6,M1,1.2415E-5,2.22E-6,1.95E-7,1.6E-7,M1,1.5380000000000002E-5,1.3055E-5,6.4E-7,2.4000000000000003E-7,M1,1.2100000000000001E-5,1.2055E-5,6.4E-7,2.4000000000000003E-7,M1,2.2205000000000002E-5,1.027E-5,1.6E-7,8.6E-7,M1,2.2080000000000002E-5,1.097E-5,2.85E-7,1.6E-7,M1,1.5655000000000002E-5,1.027E-5,1.6E-7,8.6E-7,M1,1.5655000000000002E-5,1.097E-5,2.85E-7,1.6E-7,M1,3.44E-6,1.2755E-5,2.4000000000000003E-7,6.4E-7,M1,4.35E-6,5.5E-7,2.4000000000000003E-7,6.4E-7,M1,1.542E-5,7.85E-6,1.6E-7,2.58E-6,M1,1.4855000000000001E-5,7.85E-6,7.25E-7,1.6E-7,M1,1.456E-5,7.85E-6,4.55E-7,1.6E-7,M1,1.648E-5,1.2395E-5,5.06E-6,1.6E-7,M1,2.039E-5,2.18E-6,6.4E-7,2.4000000000000003E-7,M1,7.6E-6,3.5600000000000002E-6,6.4E-7,2.4000000000000003E-7,M1,5.33E-6,3.6000000000000003E-6,2.67E-6,1.6E-7,M1,2.2E-5,1.3055E-5,6.4E-7,2.4000000000000003E-7,M1,2.5280000000000002E-5,1.2055E-5,6.4E-7,2.4000000000000003E-7,M1,2.889E-5,2.0E-8,6.4E-7,2.4000000000000003E-7,M1,8.49E-6,2.0E-8,6.4E-7,2.4000000000000003E-7,M1,2.2440000000000002E-5,7.85E-6,1.6E-7,2.58E-6,M1,2.2440000000000002E-5,7.85E-6,7.25E-7,1.6E-7,M1,2.3005E-5,7.85E-6,4.55E-7,1.6E-7,M1,1.097E-5,1.3E-6,1.6E-7,3.5E-6,M1,1.097E-5,4.6400000000000005E-6,2.4000000000000003E-7,1.6E-7,M1,2.6890000000000002E-5,1.3E-6,1.6E-7,3.5E-6,M1,2.681E-5,4.6400000000000005E-6,2.4000000000000003E-7,1.6E-7,M1,2.5445E-5,2.22E-6,1.6E-7,1.44E-6,M1,2.541E-5,3.5E-6,1.95E-7,1.6E-7,M1,1.49E-5,1.2395E-5,1.6E-7,3.145E-6,M1,1.49E-5,1.5380000000000002E-5,1.6E-7,9.95E-7,M1,1.486E-5,1.5375E-5,2.4000000000000003E-7,1.04E-6,M1,1.4060000000000001E-5,1.6175E-5,1.04E-6,2.4000000000000003E-7,M1,1.4375E-5,1.6175E-5,6.4E-7,2.4000000000000003E-7,M1,1.1940000000000001E-5,1.6215E-5,2.835E-6,1.6E-7,M1,1.805E-5,1.74E-6,1.9200000000000003E-6,1.6E-7,M2,1.103E-5,4.62E-6,2.0E-7,6.0E-7,M2,1.103E-5,4.62E-6,2.0E-7,3.0E-7,M2,8.210000000000001E-6,4.72E-6,3.02E-6,2.0E-7,M2,8.210000000000001E-6,4.72E-6,2.0E-7,6.0E-7,M2,3.436E-5,1.2775E-5,2.0E-7,6.0E-7,M2,3.436E-5,1.183E-5,2.0E-7,1.145E-6,M2,3.345E-5,1.183E-5,1.11E-6,2.0E-7,M2,3.345E-5,5.7E-7,2.0E-7,1.146E-5,M2,3.345E-5,5.7E-7,2.0E-7,6.0E-7,M2,2.679E-5,4.72E-6,1.0E-6,2.0E-7,M2,2.679E-5,3.92E-6,2.0E-7,1.0E-6,M2,2.679E-5,4.62E-6,2.0E-7,3.0E-7,M2,2.679E-5,4.62E-6,2.0E-7,6.0E-7,M2,1.4E-7,9.195000000000001E-6,3.2E-7,7.2E-7,M2,4.0E-7,1.3155E-5,3.2E-7,7.2E-7,M2,1.217E-5,1.26E-6,3.2E-7,7.2E-7,M2,8.12E-6,1.31E-6,3.2E-7,7.2E-7,M2,3.73E-5,1.3155E-5,3.2E-7,7.2E-7,M2,3.756E-5,9.195000000000001E-6,3.2E-7,7.2E-7,M2,1.6950000000000002E-5,2.14E-6,7.2E-7,3.2E-7,M2,2.974E-5,3.52E-6,7.2E-7,3.2E-7,M2,3.0E-5,3.58E-6,2.71E-6,2.0E-7,M2,3.231E-5,3.58E-6,6.0E-7,2.0E-7,M2,2.958E-5,1.31E-6,3.2E-7,7.2E-7,M2,2.553E-5,1.26E-6,3.2E-7,7.2E-7,M2,1.54E-5,1.3075000000000001E-5,6.0E-7,2.0E-7,M2,1.252E-5,1.3075000000000001E-5,3.08E-6,2.0E-7,M2,1.252E-5,1.2075E-5,2.0E-7,1.2E-6,M2,1.2120000000000001E-5,1.2075E-5,6.0E-7,2.0E-7,M2,3.46E-6,1.2775E-5,2.0E-7,6.0E-7,M2,3.46E-6,1.183E-5,2.0E-7,1.145E-6,M2,3.46E-6,1.183E-5,1.11E-6,2.0E-7,M2,4.3700000000000005E-6,5.7E-7,2.0E-7,1.146E-5,M2,4.3700000000000005E-6,5.7E-7,2.0E-7,6.0E-7,M2,2.041E-5,2.2E-6,6.0E-7,2.0E-7,M2,2.041E-5,2.2E-6,2.0E-7,1.5800000000000001E-6,M2,7.82E-6,3.58E-6,1.279E-5,2.0E-7,M2,7.62E-6,3.58E-6,6.0E-7,2.0E-7,M2,2.202E-5,1.3075000000000001E-5,6.0E-7,2.0E-7,M2,2.242E-5,1.3075000000000001E-5,3.08E-6,2.0E-7,M2,2.5300000000000002E-5,1.2075E-5,2.0E-7,1.2E-6,M2,2.5300000000000002E-5,1.2075E-5,6.0E-7,2.0E-7,M2,2.891E-5,4.0E-8,6.0E-7,2.0E-7,M2,8.91E-6,4.0E-8,2.02E-5,2.0E-7,M2,8.51E-6,4.0E-8,6.0E-7,2.0E-7,M2,1.488E-5,1.5395E-5,2.0E-7,1.0E-6,M2,1.408E-5,1.6195E-5,1.0E-6,2.0E-7,M2,1.4595E-5,1.6195E-5,4.85E-7,2.0E-7,M2,1.4395E-5,1.6195E-5,6.0E-7,2.0E-7,M3,2.0E-7,9.255E-6,2.0E-7,6.0E-7,M3,2.0E-7,9.655E-6,2.0E-7,3.76E-6,M3,2.0E-7,1.3215E-5,4.6E-7,2.0E-7,M3,4.6E-7,1.3215E-5,2.0E-7,6.0E-7,M3,1.223E-5,1.32E-6,2.0E-7,6.0E-7,M3,8.3E-6,1.72E-6,4.13E-6,2.0E-7,M3,8.3E-6,1.72E-6,2.0E-7,2.5E-7,M3,8.18E-6,1.77E-6,3.2E-7,2.0E-7,M3,8.18E-6,1.37E-6,2.0E-7,6.0E-7,M3,3.736E-5,1.3215E-5,2.0E-7,6.0E-7,M3,3.736E-5,1.3215E-5,4.6E-7,2.0E-7,M3,3.762E-5,9.655E-6,2.0E-7,3.76E-6,M3,3.762E-5,9.255E-6,2.0E-7,6.0E-7,M3,1.701E-5,2.2E-6,6.0E-7,2.0E-7,M3,1.741E-5,2.2E-6,2.0E-7,1.5800000000000001E-6,M3,1.741E-5,3.58E-6,1.279E-5,2.0E-7,M3,2.98E-5,3.58E-6,6.0E-7,2.0E-7,M3,2.964E-5,1.37E-6,2.0E-7,6.0E-7,M3,2.964E-5,1.72E-6,2.0E-7,2.5E-7,M3,2.559E-5,1.72E-6,4.25E-6,2.0E-7,M3,2.559E-5,1.32E-6,2.0E-7,6.0E-7,
M1,1.429E-5,4.925E-6,2.4000000000000003E-7,6.4E-7,M1,1.514E-5,1.1665000000000001E-5,6.4E-7,2.4000000000000003E-7,M1,3.2900000000000003E-6,1.405E-6,2.4000000000000003E-7,6.4E-7,M1,3.32E-6,1.8195E-5,2.4000000000000003E-7,6.4E-7,M1,2.065E-5,4.925E-6,2.4000000000000003E-7,6.4E-7,M1,1.94E-5,1.1665000000000001E-5,6.4E-7,2.4000000000000003E-7,M1,2.206E-5,5.405E-6,1.9200000000000003E-6,1.6E-7,M1,1.116E-5,5.365E-6,2.4000000000000003E-7,6.4E-7,M1,7.71E-6,5.65E-7,2.4000000000000003E-7,6.4E-7,M1,2.116E-5,1.7495E-5,6.4E-7,2.4000000000000003E-7,M1,2.082E-5,1.399E-5,6.4E-7,2.4000000000000003E-7,M1,2.378E-5,5.365E-6,2.4000000000000003E-7,6.4E-7,M1,2.7230000000000002E-5,5.65E-7,2.4000000000000003E-7,6.4E-7,M1,4.4E-7,1.8635E-5,2.4000000000000003E-7,6.4E-7,M1,1.8E-7,1.4675000000000001E-5,2.4000000000000003E-7,6.4E-7,M1,2.869E-5,1.365E-6,2.4000000000000003E-7,6.4E-7,M1,3.26E-5,1.8450000000000001E-6,2.4000000000000003E-7,6.4E-7,M1,7.77E-6,2.9850000000000002E-6,2.442E-5,1.6E-7,M1,2.99E-6,2.9850000000000002E-6,4.94E-6,1.6E-7,M1,1.432E-5,1.1705E-5,2.05E-7,1.6E-7,M1,1.432E-5,1.1705E-5,1.6E-7,7.2E-7,M1,3.476E-5,1.4675000000000001E-5,2.4000000000000003E-7,6.4E-7,M1,3.45E-5,1.8635E-5,2.4000000000000003E-7,6.4E-7,M1,2.34E-6,1.8450000000000001E-6,2.4000000000000003E-7,6.4E-7,M1,6.25E-6,1.365E-6,2.4000000000000003E-7,6.4E-7,M1,2.43E-5,4.225E-6,6.4E-7,2.4000000000000003E-7,M1,1.593E-5,1.0385E-5,6.4E-7,2.4000000000000003E-7,M1,2.0655E-5,1.2265E-5,2.05E-7,1.6E-7,M1,2.0655E-5,1.1705E-5,1.6E-7,7.2E-7,M1,1.12E-5,5.405E-6,1.9200000000000003E-6,1.6E-7,M1,1.372E-5,1.399E-5,6.4E-7,2.4000000000000003E-7,M1,1.338E-5,1.7495E-5,6.4E-7,2.4000000000000003E-7,M1,1.98E-5,2.0025E-5,2.12E-6,1.6E-7,M1,1.976E-5,1.9985E-5,1.04E-6,2.4000000000000003E-7,M1,1.976E-5,1.9185E-5,2.4000000000000003E-7,1.04E-6,M1,1.976E-5,1.303E-5,2.4000000000000003E-7,6.4E-7,M1,2.11E-5,4.225E-6,6.4E-7,2.4000000000000003E-7,M1,2.15E-5,2.0E-8,2.4000000000000003E-7,1.04E-6,M1,2.15E-5,2.0E-8,1.04E-6,2.4000000000000003E-7,M1,2.154E-5,6.000000000000001E-8,5.3500000000000004E-6,1.6E-7,M1,9.49E-6,1.805E-6,1.62E-5,1.6E-7,M1,1.861E-5,1.0385E-5,6.4E-7,2.4000000000000003E-7,M1,1.024E-5,4.225E-6,6.4E-7,2.4000000000000003E-7,M1,1.522E-5,1.347E-5,4.74E-6,1.6E-7,M1,3.1650000000000004E-5,1.405E-6,2.4000000000000003E-7,6.4E-7,M1,3.162E-5,1.8195E-5,2.4000000000000003E-7,6.4E-7,M1,8.050000000000001E-6,2.0E-8,6.4E-7,2.4000000000000003E-7,M1,1.344E-5,4.225E-6,6.4E-7,2.4000000000000003E-7,M1,1.326E-5,2.0025E-5,2.12E-6,1.6E-7,M1,1.518E-5,1.9185E-5,2.4000000000000003E-7,1.04E-6,M1,1.438E-5,1.9985E-5,1.04E-6,2.4000000000000003E-7,M1,1.518E-5,1.303E-5,2.4000000000000003E-7,6.4E-7,M2,1.431E-5,4.945E-6,2.0E-7,6.0E-7,M2,1.431E-5,4.945E-6,2.0E-7,6.9400000000000005E-6,M2,1.431E-5,1.1685E-5,1.45E-6,2.0E-7,M2,1.516E-5,1.1685E-5,6.0E-7,2.0E-7,M2,3.31E-6,1.4250000000000001E-6,2.0E-7,6.0E-7,M2,3.31E-6,1.825E-6,2.0E-7,1.659E-5,M2,3.31E-6,1.8215E-5,2.3E-7,2.0E-7,M2,3.34E-6,1.8215E-5,2.0E-7,6.0E-7,M2,2.067E-5,4.945E-6,2.0E-7,6.0E-7,M2,2.067E-5,4.945E-6,2.0E-7,6.9400000000000005E-6,M2,1.942E-5,1.1685E-5,1.45E-6,2.0E-7,M2,1.942E-5,1.1685E-5,6.0E-7,2.0E-7,M2,1.118E-5,5.385E-6,2.0E-7,6.0E-7,M2,1.118E-5,5.85E-7,2.0E-7,5.0E-6,M2,7.73E-6,5.85E-7,3.65E-6,2.0E-7,M2,7.73E-6,5.85E-7,2.0E-7,6.0E-7,M2,2.112E-5,1.7455E-5,7.2E-7,3.2E-7,M2,2.078E-5,1.395E-5,7.2E-7,3.2E-7,M2,2.38E-5,5.385E-6,2.0E-7,6.0E-7,M2,2.38E-5,5.85E-7,2.0E-7,5.0E-6,M2,2.38E-5,5.85E-7,3.65E-6,2.0E-7,M2,2.725E-5,5.85E-7,2.0E-7,6.0E-7,M2,4.0E-7,1.8595E-5,3.2E-7,7.2E-7,M2,1.4E-7,1.4635E-5,3.2E-7,7.2E-7,M2,2.8650000000000002E-5,1.325E-6,3.2E-7,7.2E-7,M2,3.256E-5,1.805E-6,3.2E-7,7.2E-7,M2,3.472E-5,1.4635E-5,3.2E-7,7.2E-7,M2,3.446E-5,1.8595E-5,3.2E-7,7.2E-7,M2,2.3E-6,1.805E-6,3.2E-7,7.2E-7,M2,6.21E-6,1.325E-6,3.2E-7,7.2E-7,M2,2.426E-5,4.185E-6,7.2E-7,3.2E-7,M2,1.5890000000000002E-5,1.0345E-5,7.2E-7,3.2E-7,M2,1.374E-5,1.401E-5,6.0E-7,2.0E-7,M2,1.374E-5,1.401E-5,2.6E-7,2.0E-7,M2,1.38E-5,1.401E-5,2.0E-7,3.705E-6,M2,1.34E-5,1.7515E-5,6.0E-7,2.0E-7,M2,1.978E-5,2.0005E-5,1.0E-6,2.0E-7,M2,1.978E-5,1.9205E-5,2.0E-7,1.0E-6,M2,1.978E-5,1.345E-5,2.0E-7,6.7550000000000005E-6,M2,1.978E-5,1.305E-5,2.0E-7,6.0E-7,M2,2.112E-5,4.245E-6,6.0E-7,2.0E-7,M2,2.152E-5,4.0E-8,2.0E-7,4.405E-6,M2,2.152E-5,4.0E-8,2.0E-7,1.0E-6,M2,2.152E-5,4.0E-8,1.0E-6,2.0E-7,M2,1.857E-5,1.0345E-5,7.2E-7,3.2E-7,M2,1.02E-5,4.185E-6,7.2E-7,3.2E-7,M2,3.167E-5,1.4250000000000001E-6,2.0E-7,6.0E-7,M2,3.167E-5,1.825E-6,2.0E-7,1.659E-5,M2,3.164E-5,1.8215E-5,2.3E-7,2.0E-7,M2,3.164E-5,1.8215E-5,2.0E-7,6.0E-7,M2,8.01E-6,-2.0E-8,7.2E-7,3.2E-7,M2,1.34E-5,4.185E-6,7.2E-7,3.2E-7,M2,1.52E-5,1.9205E-5,2.0E-7,1.0E-6,M2,1.4400000000000001E-5,2.0005E-5,1.0E-6,2.0E-7,M2,1.52E-5,1.345E-5,2.0E-7,6.7550000000000005E-6,M2,1.52E-5,1.305E-5,2.0E-7,6.0E-7,M3,2.118E-5,1.7515E-5,6.0E-7,2.0E-7,M3,2.118E-5,1.401E-5,2.0E-7,3.705E-6,M3,2.112E-5,1.395E-5,3.2E-7,1.12E-6,M3,2.112E-5,1.395E-5,1.12E-6,3.2E-7,M3,2.078E-5,1.395E-5,7.2E-7,3.2E-7,M3,4.6E-7,1.8655E-5,2.0E-7,6.0E-7,M3,4.6E-7,1.5095E-5,2.0E-7,3.76E-6,M3,2.2500000000000002E-7,1.5095E-5,4.35E-7,2.0E-7,M3,2.0E-7,1.5095E-5,2.2500000000000002E-7,2.0E-7,M3,2.0E-7,1.4695E-5,2.0E-7,6.0E-7,M3,2.871E-5,1.385E-6,2.0E-7,6.0E-7,M3,2.871E-5,1.785E-6,3.65E-6,2.0E-7,M3,3.2160000000000004E-5,1.785E-6,6.6E-7,2.0E-7,M3,3.262E-5,1.785E-6,2.0E-7,6.800000000000001E-7,M3,3.262E-5,1.8650000000000001E-6,2.0E-7,6.0E-7,M3,3.478E-5,1.4695E-5,2.0E-7,6.0E-7,M3,3.452E-5,1.5095E-5,4.6E-7,2.0E-7,M3,3.452E-5,1.5095E-5,2.0E-7,3.76E-6,M3,3.452E-5,1.8655E-5,2.0E-7,6.0E-7,M3,2.36E-6,1.8650000000000001E-6,2.0E-7,6.0E-7,M3,2.36E-6,1.785E-6,2.0E-7,6.800000000000001E-7,M3,2.36E-6,1.785E-6,6.6E-7,2.0E-7,M3,2.82E-6,1.785E-6,3.65E-6,2.0E-7,M3,6.27E-6,1.385E-6,2.0E-7,6.0E-7,M3,2.432E-5,4.245E-6,6.0E-7,2.0E-7,M3,2.432E-5,4.245E-6,2.0E-7,6.36E-6,M3,2.3895E-5,1.0405E-5,6.25E-7,2.0E-7,M3,2.3635E-5,1.0345E-5,7.2E-7,3.2E-7,M3,1.5890000000000002E-5,1.0345E-5,7.2E-7,3.2E-7,M3,1.857E-5,1.0345E-5,7.2E-7,3.2E-7,M3,1.02E-5,4.185E-6,7.2E-7,3.2E-7,M3,8.07E-6,4.0E-8,6.0E-7,2.0E-7,M3,8.27E-6,4.0E-8,5.39E-6,2.0E-7,M3,1.346E-5,4.0E-8,2.0E-7,4.405E-6,M3,1.346E-5,4.245E-6,6.0E-7,2.0E-7,M4,2.118E-5,1.401E-5,2.0E-7,1.0E-6,M4,2.118E-5,1.401E-5,1.0E-6,2.0E-7,M4,2.118E-5,1.401E-5,2.6E-7,2.0E-7,M4,2.084E-5,1.401E-5,6.0E-7,2.0E-7,M4,2.3635E-5,1.0345E-5,7.2E-7,3.2E-7,M4,1.5890000000000002E-5,1.0345E-5,7.2E-7,3.2E-7,M4,1.857E-5,1.0345E-5,7.2E-7,3.2E-7,M4,1.777E-5,4.185E-6,1.12E-6,3.2E-7,M4,1.857E-5,4.185E-6,3.2E-7,1.12E-6,M4,1.1085E-5,4.245E-6,7.745E-6,2.0E-7,M4,1.066E-5,4.245E-6,6.25E-7,2.0E-7,M4,1.026E-5,4.245E-6,6.0E-7,2.0E-7,M5,2.3635E-5,1.0345E-5,7.2E-7,3.2E-7,M5,1.5890000000000002E-5,1.0345E-5,7.2E-7,3.2E-7,M5,1.863E-5,1.0405E-5,6.0E-7,2.0E-7,M5,1.863E-5,4.245E-6,2.0E-7,6.36E-6,M5,1.783E-5,4.245E-6,1.0E-6,2.0E-7,M5,1.863E-5,4.245E-6,2.0E-7,1.0E-6,M6,2.3695E-5,1.0405E-5,6.0E-7,2.0E-7,M6,1.635E-5,1.0405E-5,7.745E-6,2.0E-7,M6,1.595E-5,1.0405E-5,6.0E-7,2.0E-7,
M1,2.164E-5,2.35E-6,1.6E-7,1.79E-6,M1,1.3520000000000001E-5,1.485E-5,6.54E-6,1.6E-7,M1,2.216E-5,5.12E-6,1.9200000000000003E-6,1.6E-7,M1,1.8E-7,1.6385E-5,2.4000000000000003E-7,6.4E-7,M1,4.4E-7,2.0345E-5,2.4000000000000003E-7,6.4E-7,M1,1.178E-5,2.35E-6,1.6E-7,1.79E-6,M1,1.2120000000000001E-5,1.2980000000000001E-5,6.4E-7,2.4000000000000003E-7,M1,1.348E-5,1.9205E-5,6.4E-7,2.4000000000000003E-7,M1,9.5E-6,1.365E-6,1.6E-7,3.915E-6,M1,9.5E-6,1.365E-6,7.900000000000001E-7,1.6E-7,M1,2.807E-5,7.2E-7,2.4000000000000003E-7,6.4E-7,M1,2.847E-5,1.9905E-5,2.4000000000000003E-7,6.4E-7,M1,1.344E-5,1.2980000000000001E-5,6.4E-7,2.4000000000000003E-7,M1,1.587E-5,1.0160000000000001E-5,2.4000000000000003E-7,6.4E-7,M1,8.54E-6,1.7925000000000002E-5,6.4E-7,2.4000000000000003E-7,M1,2.014E-5,1.17E-5,6.4E-7,2.4000000000000003E-7,M1,1.2665E-5,1.302E-5,1.6E-7,7.900000000000001E-7,M1,1.262E-5,1.365E-5,2.05E-7,1.6E-7,M1,2.519E-5,2.66E-6,6.4E-7,2.4000000000000003E-7,M1,7.75E-6,2.66E-6,6.4E-7,2.4000000000000003E-7,M1,2.185E-5,1.365E-6,2.4000000000000003E-7,6.4E-7,M1,2.5065E-5,1.96E-6,6.4E-7,2.4000000000000003E-7,M1,2.5305E-5,2.0E-6,1.355E-6,1.6E-7,M1,2.392E-5,1.365E-6,1.6E-7,3.915E-6,M1,2.329E-5,1.365E-6,7.900000000000001E-7,1.6E-7,M1,3.316E-5,1.6385E-5,2.4000000000000003E-7,6.4E-7,M1,3.29E-5,2.0345E-5,2.4000000000000003E-7,6.4E-7,M1,1.481E-5,1.045E-6,3.96E-6,1.6E-7,M1,1.444E-5,2.168E-5,4.7E-6,1.6E-7,M1,2.44E-5,1.7925000000000002E-5,6.4E-7,2.4000000000000003E-7,M1,1.28E-5,1.17E-5,6.4E-7,2.4000000000000003E-7,M1,1.95E-5,1.548E-5,2.0E-7,1.6E-7,M1,1.95E-5,1.548E-5,1.6E-7,3.925E-6,M1,9.5E-6,5.12E-6,1.9200000000000003E-6,1.6E-7,M1,2.08E-5,1.302E-5,1.6E-7,7.900000000000001E-7,M1,2.0755E-5,1.302E-5,2.05E-7,1.6E-7,M1,5.27E-6,7.2E-7,2.4000000000000003E-7,6.4E-7,M1,4.87E-6,1.9905E-5,2.4000000000000003E-7,6.4E-7,M1,2.194E-5,1.4410000000000001E-5,2.4000000000000003E-7,6.4E-7,M1,2.762E-5,2.124E-5,2.4000000000000003E-7,6.4E-7,M1,1.747E-5,1.0160000000000001E-5,2.4000000000000003E-7,6.4E-7,M1,1.95E-5,1.2980000000000001E-5,6.4E-7,2.4000000000000003E-7,M1,1.149E-5,1.365E-6,2.4000000000000003E-7,6.4E-7,M1,7.875E-6,1.96E-6,6.4E-7,2.4000000000000003E-7,M1,6.92E-6,2.0E-6,1.355E-6,1.6E-7,M2,2.0E-7,1.6405E-5,2.0E-7,6.0E-7,M2,2.0E-7,1.6805E-5,2.0E-7,3.76E-6,M2,2.0E-7,2.0365E-5,4.6E-7,2.0E-7,M2,4.6E-7,2.0365E-5,2.0E-7,6.0E-7,M2,1.214E-5,1.3000000000000001E-5,6.0E-7,2.0E-7,M2,1.234E-5,1.3000000000000001E-5,2.0E-7,6.425E-6,M2,1.234E-5,1.9225E-5,1.76E-6,2.0E-7,M2,1.35E-5,1.9225E-5,6.0E-7,2.0E-7,M2,2.809E-5,7.4E-7,2.0E-7,6.0E-7,M2,2.809E-5,7.4E-7,2.0E-7,1.9385E-5,M2,2.809E-5,1.9925E-5,6.0E-7,2.0E-7,M2,2.849E-5,1.9925E-5,2.0E-7,6.0E-7,M2,1.34E-5,1.294E-5,7.2E-7,3.2E-7,M2,1.583E-5,1.012E-5,3.2E-7,7.2E-7,M2,8.5E-6,1.7885E-5,7.2E-7,3.2E-7,M2,2.01E-5,1.166E-5,7.2E-7,3.2E-7,M2,2.521E-5,2.68E-6,6.0E-7,2.0E-7,M2,8.17E-6,2.68E-6,1.724E-5,2.0E-7,M2,7.77E-6,2.68E-6,6.0E-7,2.0E-7,M2,2.187E-5,1.385E-6,2.0E-7,6.0E-7,M2,2.187E-5,1.785E-6,2.0E-7,3.9500000000000003E-7,M2,2.187E-5,1.98E-6,3.615E-6,2.0E-7,M2,2.5085E-5,1.98E-6,6.0E-7,2.0E-7,M2,3.318E-5,1.6405E-5,2.0E-7,6.0E-7,M2,3.318E-5,1.6805E-5,2.0E-7,3.76E-6,M2,3.292E-5,2.0365E-5,4.6E-7,2.0E-7,M2,3.292E-5,2.0365E-5,2.0E-7,6.0E-7,M2,2.436E-5,1.7885E-5,7.2E-7,3.2E-7,M2,1.276E-5,1.166E-5,7.2E-7,3.2E-7,M2,5.29E-6,7.4E-7,2.0E-7,6.0E-7,M2,5.29E-6,7.4E-7,2.0E-7,1.9385E-5,M2,4.89E-6,1.9925E-5,6.0E-7,2.0E-7,M2,4.89E-6,1.9925E-5,2.0E-7,6.0E-7,M2,2.196E-5,1.443E-5,2.0E-7,6.0E-7,M2,2.196E-5,1.483E-5,2.0E-7,7.0300000000000005E-6,M2,2.196E-5,2.166E-5,5.8800000000000005E-6,2.0E-7,M2,2.764E-5,2.126E-5,2.0E-7,6.0E-7,M2,1.743E-5,1.012E-5,3.2E-7,7.2E-7,M2,1.946E-5,1.294E-5,7.2E-7,3.2E-7,M2,1.151E-5,1.385E-6,2.0E-7,6.0E-7,M2,1.151E-5,1.785E-6,2.0E-7,3.9500000000000003E-7,M2,8.095E-6,1.98E-6,3.615E-6,2.0E-7,M2,7.895E-6,1.98E-6,6.0E-7,2.0E-7,M3,1.346E-5,1.3000000000000001E-5,6.0E-7,2.0E-7,M3,1.3860000000000001E-5,1.3000000000000001E-5,2.2300000000000002E-6,2.0E-7,M3,1.5890000000000002E-5,1.058E-5,2.0E-7,2.62E-6,M3,1.5890000000000002E-5,1.018E-5,2.0E-7,6.0E-7,M3,8.56E-6,1.7945000000000002E-5,6.0E-7,2.0E-7,M3,8.96E-6,1.7945000000000002E-5,1.16E-5,2.0E-7,M3,2.036E-5,1.172E-5,2.0E-7,6.425E-6,M3,2.016E-5,1.172E-5,6.0E-7,2.0E-7,M3,2.436E-5,1.7885E-5,7.2E-7,3.2E-7,M3,1.276E-5,1.166E-5,7.2E-7,3.2E-7,M3,1.749E-5,1.018E-5,2.0E-7,6.0E-7,M3,1.749E-5,1.058E-5,2.0E-7,2.62E-6,M3,1.749E-5,1.3000000000000001E-5,2.2300000000000002E-6,2.0E-7,M3,1.952E-5,1.3000000000000001E-5,6.0E-7,2.0E-7,M4,2.442E-5,1.7945000000000002E-5,6.0E-7,2.0E-7,M4,1.302E-5,1.7945000000000002E-5,1.16E-5,2.0E-7,M4,1.302E-5,1.172E-5,2.0E-7,6.425E-6,M4,1.2820000000000001E-5,1.172E-5,6.0E-7,2.0E-7,
M1,1.674E-5,9.7E-6,2.4000000000000003E-7,6.4E-7,M1,1.861E-5,1.252E-5,6.4E-7,2.4000000000000003E-7,M1,1.827E-5,1.322E-5,2.4000000000000003E-7,6.4E-7,M1,1.861E-5,1.242E-5,2.4000000000000003E-7,1.04E-6,M1,1.781E-5,1.322E-5,1.04E-6,2.4000000000000003E-7,M1,1.865E-5,1.256E-5,1.6E-7,8.6E-7,M1,1.9955E-5,1.982E-5,6.4E-7,2.4000000000000003E-7,M1,1.936E-5,1.5145E-5,6.4E-7,2.4000000000000003E-7,M1,2.301E-5,3.58E-6,6.4E-7,2.4000000000000003E-7,M1,1.4400000000000001E-5,3.58E-6,6.4E-7,2.4000000000000003E-7,M1,1.244E-5,1.0E-6,2.4000000000000003E-7,6.4E-7,M1,1.115E-5,4.72E-6,2.4000000000000003E-7,6.4E-7,M1,2.073E-5,4.72E-6,2.4000000000000003E-7,6.4E-7,M1,2.249E-5,4.72E-6,2.4000000000000003E-7,6.4E-7,M1,1.8445E-5,3.58E-6,6.4E-7,2.4000000000000003E-7,M1,1.842E-5,2.1000000000000002E-6,6.4E-7,2.4000000000000003E-7,M1,6.78E-6,5.6E-7,2.4000000000000003E-7,6.4E-7,M1,6.425E-6,2.052E-5,6.4E-7,2.4000000000000003E-7,M1,6.61E-6,2.056E-5,2.15E-7,1.6E-7,M1,3.1440000000000004E-5,2.096E-5,2.4000000000000003E-7,6.4E-7,M1,3.17E-5,1.7E-5,2.4000000000000003E-7,6.4E-7,M1,1.4060000000000001E-5,1.44E-6,4.0E-6,1.6E-7,M1,4.4E-7,2.096E-5,2.4000000000000003E-7,6.4E-7,M1,1.8E-7,1.7E-5,2.4000000000000003E-7,6.4E-7,M1,9.39E-6,4.72E-6,2.4000000000000003E-7,6.4E-7,M1,1.115E-5,4.72E-6,2.4000000000000003E-7,6.4E-7,M1,1.306E-5,2.1000000000000002E-6,6.4E-7,2.4000000000000003E-7,M1,1.3035E-5,3.58E-6,6.4E-7,2.4000000000000003E-7,M1,1.044E-5,2.34E-6,1.124E-5,1.6E-7,M1,1.287E-5,1.252E-5,6.4E-7,2.4000000000000003E-7,M1,1.514E-5,9.7E-6,2.4000000000000003E-7,6.4E-7,M1,1.185E-5,1.252E-5,6.4E-7,2.4000000000000003E-7,M1,1.2810000000000001E-5,1.252E-5,1.04E-6,2.4000000000000003E-7,M1,1.361E-5,1.252E-5,2.4000000000000003E-7,1.04E-6,M1,1.365E-5,1.256E-5,1.6E-7,8.6E-7,M1,1.2120000000000001E-5,1.252E-5,6.4E-7,2.4000000000000003E-7,M1,5.065E-6,1.982E-5,6.4E-7,2.4000000000000003E-7,M1,2.302E-5,1.3600000000000001E-6,2.4000000000000003E-7,6.4E-7,M1,1.7860000000000002E-5,1.0E-6,2.4000000000000003E-7,6.4E-7,M1,1.4060000000000001E-5,1.44E-6,1.6E-7,5.2E-7,M1,8.9E-6,1.8000000000000001E-6,5.32E-6,1.6E-7,M1,8.91E-6,3.62E-6,8.37E-6,1.6E-7,M1,2.073E-5,4.72E-6,2.4000000000000003E-7,6.4E-7,M1,1.944E-5,1.0E-6,2.4000000000000003E-7,6.4E-7,M1,1.295E-5,1.4485000000000001E-5,6.22E-6,1.6E-7,M1,1.7480000000000002E-5,2.096E-5,2.4000000000000003E-7,6.4E-7,M1,1.897E-5,1.4045E-5,2.4000000000000003E-7,6.4E-7,M1,1.256E-5,2.273E-5,5.12E-6,1.6E-7,M1,2.514E-5,2.056E-5,3.7E-7,1.6E-7,M1,2.51E-5,2.052E-5,1.04E-6,2.4000000000000003E-7,M1,2.51E-5,1.972E-5,2.4000000000000003E-7,1.04E-6,M1,2.51E-5,5.6E-7,2.4000000000000003E-7,6.4E-7,M2,1.67E-5,9.66E-6,3.2E-7,7.2E-7,M2,1.857E-5,1.248E-5,7.2E-7,3.2E-7,M2,1.829E-5,1.324E-5,2.0E-7,6.0E-7,M2,1.829E-5,1.324E-5,5.4E-7,2.0E-7,M2,1.863E-5,1.244E-5,2.0E-7,1.0E-6,M2,1.783E-5,1.324E-5,1.0E-6,2.0E-7,M2,1.9975E-5,1.984E-5,6.0E-7,2.0E-7,M2,1.958E-5,1.984E-5,7.95E-7,2.0E-7,M2,1.958E-5,1.5165E-5,2.0E-7,4.875E-6,M2,1.938E-5,1.5165E-5,6.0E-7,2.0E-7,M2,2.303E-5,3.6000000000000003E-6,6.0E-7,2.0E-7,M2,1.482E-5,3.6000000000000003E-6,8.41E-6,2.0E-7,M2,1.4420000000000001E-5,3.6000000000000003E-6,6.0E-7,2.0E-7,M2,1.2460000000000001E-5,1.02E-6,2.0E-7,6.0E-7,M2,1.2460000000000001E-5,1.42E-6,2.0E-7,3.52E-6,M2,1.117E-5,4.74E-6,1.4900000000000001E-6,2.0E-7,M2,1.117E-5,4.74E-6,2.0E-7,6.0E-7,M2,2.075E-5,4.74E-6,2.0E-7,6.0E-7,M2,2.075E-5,4.74E-6,1.96E-6,2.0E-7,M2,2.251E-5,4.74E-6,2.0E-7,6.0E-7,M2,1.8465E-5,3.6000000000000003E-6,6.0E-7,2.0E-7,M2,1.8665000000000002E-5,2.12E-6,2.0E-7,1.68E-6,M2,1.864E-5,2.12E-6,2.2500000000000002E-7,2.0E-7,M2,1.844E-5,2.12E-6,6.0E-7,2.0E-7,M2,6.8E-6,5.800000000000001E-7,2.0E-7,6.0E-7,M2,6.8E-6,5.800000000000001E-7,2.0E-7,2.016E-5,M2,6.645E-6,2.054E-5,3.55E-7,2.0E-7,M2,6.445E-6,2.054E-5,6.0E-7,2.0E-7,M2,3.146E-5,2.098E-5,2.0E-7,6.0E-7,M2,3.146E-5,1.742E-5,2.0E-7,3.76E-6,M2,3.146E-5,1.742E-5,4.6E-7,2.0E-7,M2,3.172E-5,1.702E-5,2.0E-7,6.0E-7,M2,4.6E-7,2.098E-5,2.0E-7,6.0E-7,M2,4.6E-7,1.742E-5,2.0E-7,3.76E-6,M2,2.0E-7,1.742E-5,4.6E-7,2.0E-7,M2,2.0E-7,1.702E-5,2.0E-7,6.0E-7,M2,9.41E-6,4.74E-6,2.0E-7,6.0E-7,M2,9.41E-6,4.74E-6,1.96E-6,2.0E-7,M2,1.117E-5,4.74E-6,2.0E-7,6.0E-7,M2,1.302E-5,2.06E-6,7.2E-7,3.2E-7,M2,1.2995E-5,3.54E-6,7.2E-7,3.2E-7,M2,1.283E-5,1.248E-5,7.2E-7,3.2E-7,M2,1.5100000000000001E-5,9.66E-6,3.2E-7,7.2E-7,M2,1.187E-5,1.254E-5,6.0E-7,2.0E-7,M2,1.187E-5,1.254E-5,1.96E-6,2.0E-7,M2,1.283E-5,1.254E-5,1.0E-6,2.0E-7,M2,1.363E-5,1.254E-5,2.0E-7,1.0E-6,M2,1.208E-5,1.248E-5,7.2E-7,3.2E-7,M2,5.025E-6,1.978E-5,7.2E-7,3.2E-7,M2,2.298E-5,1.32E-6,3.2E-7,7.2E-7,M2,1.782E-5,9.600000000000001E-7,3.2E-7,7.2E-7,M2,2.075E-5,4.74E-6,2.0E-7,6.0E-7,M2,2.075E-5,1.42E-6,2.0E-7,3.52E-6,M2,1.946E-5,1.42E-6,1.4900000000000001E-6,2.0E-7,M2,1.946E-5,1.02E-6,2.0E-7,6.0E-7,M2,1.744E-5,2.092E-5,3.2E-7,7.2E-7,M2,1.893E-5,1.4005E-5,3.2E-7,7.2E-7,M2,2.512E-5,2.054E-5,1.0E-6,2.0E-7,M2,2.512E-5,1.974E-5,2.0E-7,1.0E-6,M2,2.512E-5,5.800000000000001E-7,2.0E-7,2.016E-5,M2,2.512E-5,5.800000000000001E-7,2.0E-7,6.0E-7,M3,1.676E-5,9.72E-6,2.0E-7,6.0E-7,M3,1.676E-5,1.012E-5,2.0E-7,2.62E-6,M3,1.676E-5,1.254E-5,2.07E-6,2.0E-7,M3,1.863E-5,1.254E-5,6.0E-7,2.0E-7,M3,1.302E-5,2.06E-6,7.2E-7,3.2E-7,M3,1.2995E-5,3.54E-6,7.2E-7,3.2E-7,M3,1.289E-5,1.254E-5,6.0E-7,2.0E-7,M3,1.329E-5,1.254E-5,2.07E-6,2.0E-7,M3,1.516E-5,1.012E-5,2.0E-7,2.62E-6,M3,1.516E-5,9.72E-6,2.0E-7,6.0E-7,M3,1.214E-5,1.254E-5,6.0E-7,2.0E-7,M3,1.234E-5,1.254E-5,2.0E-7,7.5E-6,M3,5.285E-6,1.984E-5,7.255E-6,2.0E-7,M3,5.0850000000000004E-6,1.984E-5,6.0E-7,2.0E-7,M3,2.304E-5,1.3800000000000001E-6,2.0E-7,6.0E-7,M3,2.304E-5,1.42E-6,2.0E-7,5.6E-7,M3,1.788E-5,1.42E-6,5.36E-6,2.0E-7,M3,1.788E-5,1.02E-6,2.0E-7,6.0E-7,M3,1.7500000000000002E-5,2.098E-5,2.0E-7,6.0E-7,M3,1.7500000000000002E-5,2.098E-5,1.6900000000000001E-6,2.0E-7,M3,1.899E-5,1.4465E-5,2.0E-7,6.715E-6,M3,1.899E-5,1.4065E-5,2.0E-7,6.0E-7,M4,1.308E-5,2.12E-6,6.0E-7,2.0E-7,M4,1.3255000000000001E-5,2.12E-6,2.2500000000000002E-7,2.0E-7,M4,1.3255000000000001E-5,2.12E-6,2.0E-7,1.68E-6,M4,1.3055E-5,3.6000000000000003E-6,6.0E-7,2.0E-7,
M1,2.744E-5,2.0605E-5,2.4000000000000003E-7,6.4E-7,M1,3.029E-5,6.3E-7,2.4000000000000003E-7,6.4E-7,M1,1.474E-5,3.725E-6,6.4E-7,2.4000000000000003E-7,M1,1.126E-5,3.725E-6,1.04E-6,2.4000000000000003E-7,M1,1.126E-5,2.925E-6,2.4000000000000003E-7,1.04E-6,M1,1.13E-5,2.35E-6,1.6E-7,1.575E-6,M1,2.134E-5,2.35E-6,1.6E-7,1.575E-6,M1,2.13E-5,2.925E-6,2.4000000000000003E-7,1.04E-6,M1,2.05E-5,3.725E-6,1.04E-6,2.4000000000000003E-7,M1,1.742E-5,3.725E-6,6.4E-7,2.4000000000000003E-7,M1,2.1380000000000002E-5,4.9050000000000005E-6,1.9200000000000003E-6,1.6E-7,M1,1.3520000000000001E-5,1.5115E-5,5.76E-6,1.6E-7,M1,1.8E-7,1.7085E-5,2.4000000000000003E-7,6.4E-7,M1,4.4E-7,2.1045E-5,2.4000000000000003E-7,6.4E-7,M1,1.206E-5,1.3335E-5,7.2E-7,1.6E-7,M1,1.262E-5,1.3335E-5,1.6E-7,7.4E-7,M1,3.212E-5,2.1045E-5,2.4000000000000003E-7,6.4E-7,M1,3.238E-5,1.7085E-5,2.4000000000000003E-7,6.4E-7,M1,1.1920000000000001E-5,1.805E-6,8.96E-6,1.6E-7,M1,1.2105E-5,1.2015000000000001E-5,6.4E-7,2.4000000000000003E-7,M1,2.763E-5,3.725E-6,6.4E-7,2.4000000000000003E-7,M1,1.326E-5,2.2355000000000002E-5,6.28E-6,1.6E-7,M1,1.011E-5,5.65E-7,2.4000000000000003E-7,6.4E-7,M1,9.460000000000001E-6,4.865E-6,2.4000000000000003E-7,6.4E-7,M1,1.202E-5,1.3295E-5,6.4E-7,2.4000000000000003E-7,M1,1.338E-5,1.9905E-5,6.4E-7,2.4000000000000003E-7,M1,2.27E-6,6.3E-7,2.4000000000000003E-7,6.4E-7,M1,5.12E-6,2.0605E-5,2.4000000000000003E-7,6.4E-7,M1,1.872E-5,1.3295E-5,6.4E-7,2.4000000000000003E-7,M1,1.708E-5,1.0475E-5,2.4000000000000003E-7,6.4E-7,M1,2.0055E-5,1.2015000000000001E-5,6.4E-7,2.4000000000000003E-7,M1,4.53E-6,3.725E-6,6.4E-7,2.4000000000000003E-7,M1,9.5E-6,4.9050000000000005E-6,1.9200000000000003E-6,1.6E-7,M1,2.31E-5,4.865E-6,2.4000000000000003E-7,6.4E-7,M1,2.245E-5,5.65E-7,2.4000000000000003E-7,6.4E-7,M1,8.62E-6,1.365E-6,2.4000000000000003E-7,6.4E-7,M1,4.0E-6,1.435E-6,2.4000000000000003E-7,6.4E-7,M1,2.398E-5,1.875E-6,4.78E-6,1.6E-7,M1,2.398E-5,1.805E-6,1.6E-7,2.3E-7,M1,2.789E-5,2.445E-6,6.4E-7,2.4000000000000003E-7,M1,8.8E-7,2.0E-8,6.4E-7,2.4000000000000003E-7,M1,1.548E-5,1.0475E-5,2.4000000000000003E-7,6.4E-7,M1,1.344E-5,1.3295E-5,6.4E-7,2.4000000000000003E-7,M1,1.832E-5,1.3915E-5,1.815E-6,1.6E-7,M1,1.9975E-5,1.3335E-5,1.6E-7,7.4E-7,M1,2.116E-5,1.4315000000000001E-5,2.4000000000000003E-7,6.4E-7,M1,2.294E-5,2.1915E-5,2.4000000000000003E-7,6.4E-7,M1,1.882E-5,1.6455E-5,1.6E-7,3.65E-6,M1,1.878E-5,1.6215E-5,2.4000000000000003E-7,6.4E-7,M1,1.872E-5,1.5655000000000002E-5,6.4E-7,2.4000000000000003E-7,M2,2.7400000000000002E-5,2.0565E-5,3.2E-7,7.2E-7,M2,3.025E-5,1.9765E-5,3.2E-7,1.12E-6,M2,2.945E-5,2.0565E-5,1.12E-6,3.2E-7,M2,3.031E-5,6.5E-7,2.0E-7,2.0175E-5,M2,3.031E-5,6.5E-7,2.0E-7,6.0E-7,M2,1.47E-5,3.685E-6,7.2E-7,3.2E-7,M2,1.1220000000000001E-5,3.685E-6,1.12E-6,3.2E-7,M2,1.1220000000000001E-5,2.885E-6,3.2E-7,1.12E-6,M2,2.126E-5,2.885E-6,3.2E-7,1.12E-6,M2,2.046E-5,3.685E-6,1.12E-6,3.2E-7,M2,1.738E-5,3.685E-6,7.2E-7,3.2E-7,M2,1.4E-7,1.7045E-5,3.2E-7,7.2E-7,M2,4.0E-7,2.1005E-5,3.2E-7,7.2E-7,M2,3.208E-5,2.1005E-5,3.2E-7,7.2E-7,M2,3.234E-5,1.7045E-5,3.2E-7,7.2E-7,M2,1.2065E-5,1.1975E-5,7.2E-7,3.2E-7,M2,2.7590000000000002E-5,3.685E-6,7.2E-7,3.2E-7,M2,1.013E-5,5.85E-7,2.0E-7,6.0E-7,M2,1.013E-5,5.85E-7,2.0E-7,4.5E-6,M2,9.48E-6,4.885E-6,8.5E-7,2.0E-7,M2,9.48E-6,4.885E-6,2.0E-7,6.0E-7,M2,1.204E-5,1.3315E-5,6.0E-7,2.0E-7,M2,1.204E-5,1.3315E-5,1.96E-6,2.0E-7,M2,1.38E-5,1.3315E-5,2.0E-7,6.81E-6,M2,1.34E-5,1.9925E-5,6.0E-7,2.0E-7,M2,2.2300000000000002E-6,5.9E-7,3.2E-7,7.2E-7,M2,5.0800000000000005E-6,2.0565E-5,3.2E-7,7.2E-7,M2,1.868E-5,1.3255000000000001E-5,7.2E-7,3.2E-7,M2,1.704E-5,1.0435000000000001E-5,3.2E-7,7.2E-7,M2,2.0015E-5,1.1975E-5,7.2E-7,3.2E-7,M2,4.49E-6,3.685E-6,7.2E-7,3.2E-7,M2,2.306E-5,4.825E-6,3.2E-7,7.2E-7,M2,2.241E-5,5.250000000000001E-7,3.2E-7,7.2E-7,M2,8.580000000000001E-6,1.325E-6,3.2E-7,7.2E-7,M2,3.96E-6,1.395E-6,3.2E-7,7.2E-7,M2,2.785E-5,2.405E-6,7.2E-7,3.2E-7,M2,8.4E-7,-2.0E-8,7.2E-7,3.2E-7,M2,1.544E-5,1.0435000000000001E-5,3.2E-7,7.2E-7,M2,1.34E-5,1.3255000000000001E-5,7.2E-7,3.2E-7,M2,2.118E-5,1.4335E-5,2.0E-7,6.0E-7,M2,2.118E-5,1.4335E-5,1.98E-6,2.0E-7,M2,2.296E-5,1.4335E-5,2.0E-7,8.2E-6,M2,2.296E-5,2.1935E-5,2.0E-7,6.0E-7,M2,1.88E-5,1.6235E-5,2.0E-7,6.0E-7,M2,1.88E-5,1.5675E-5,2.0E-7,9.600000000000001E-7,M2,1.874E-5,1.5675E-5,2.6E-7,2.0E-7,M2,1.874E-5,1.5675E-5,6.0E-7,2.0E-7,M3,2.746E-5,2.0625E-5,2.0E-7,6.0E-7,M3,2.746E-5,2.0625E-5,3.05E-6,2.0E-7,M3,3.031E-5,1.9825E-5,2.0E-7,1.0E-6,M3,2.951E-5,2.0625E-5,1.0E-6,2.0E-7,M3,1.4760000000000001E-5,3.745E-6,6.0E-7,2.0E-7,M3,1.128E-5,3.745E-6,4.08E-6,2.0E-7,M3,1.128E-5,3.745E-6,1.0E-6,2.0E-7,M3,1.128E-5,2.945E-6,2.0E-7,1.0E-6,M3,2.132E-5,2.945E-6,2.0E-7,1.0E-6,M3,2.052E-5,3.745E-6,1.0E-6,2.0E-7,M3,1.744E-5,3.745E-6,4.08E-6,2.0E-7,M3,1.744E-5,3.745E-6,6.0E-7,2.0E-7,M3,2.0E-7,1.7105E-5,2.0E-7,6.0E-7,M3,2.0E-7,1.7505E-5,2.0E-7,3.04E-6,M3,2.0E-7,2.0345E-5,2.0E-7,9.2E-7,M3,2.0E-7,2.1065E-5,4.6E-7,2.0E-7,M3,4.6E-7,2.1065E-5,2.0E-7,6.0E-7,M3,3.214E-5,2.1065E-5,2.0E-7,6.0E-7,M3,3.214E-5,2.0345E-5,2.0E-7,9.2E-7,M3,3.214E-5,1.7505E-5,2.0E-7,3.04E-6,M3,3.214E-5,1.7505E-5,4.6E-7,2.0E-7,M3,3.24E-5,1.7105E-5,2.0E-7,6.0E-7,M3,1.2065E-5,1.1975E-5,7.2E-7,3.2E-7,M3,2.779E-5,1.1175E-5,3.2E-7,1.12E-6,M3,2.699E-5,1.1975E-5,1.12E-6,3.2E-7,M3,2.785E-5,3.745E-6,2.0E-7,8.49E-6,M3,2.765E-5,3.745E-6,6.0E-7,2.0E-7,M3,2.2300000000000002E-6,5.9E-7,3.2E-7,7.2E-7,M3,2.2300000000000002E-6,2.0565E-5,1.12E-6,3.2E-7,M3,2.2300000000000002E-6,1.9765E-5,3.2E-7,1.12E-6,M3,2.29E-6,2.0625E-5,3.05E-6,2.0E-7,M3,5.14E-6,2.0625E-5,2.0E-7,6.0E-7,M3,1.874E-5,1.3315E-5,6.0E-7,2.0E-7,M3,1.71E-5,1.3315E-5,1.84E-6,2.0E-7,M3,1.71E-5,1.0895E-5,2.0E-7,2.62E-6,M3,1.71E-5,1.0495E-5,2.0E-7,6.0E-7,M3,2.0015E-5,1.1975E-5,7.2E-7,3.2E-7,M3,4.69E-6,4.42E-6,1.12E-6,3.2E-7,M3,4.69E-6,3.62E-6,3.2E-7,1.12E-6,M3,4.75E-6,3.745E-6,2.0E-7,9.35E-7,M3,4.5500000000000005E-6,3.745E-6,6.0E-7,2.0E-7,M3,2.306E-5,4.825E-6,3.2E-7,7.2E-7,M3,2.241E-5,5.250000000000001E-7,3.2E-7,7.2E-7,M3,8.64E-6,1.385E-6,2.0E-7,6.0E-7,M3,8.64E-6,1.785E-6,2.0E-7,2.7E-7,M3,4.0200000000000005E-6,1.855E-6,4.8200000000000004E-6,2.0E-7,M3,4.0200000000000005E-6,1.455E-6,2.0E-7,6.0E-7,M3,2.7910000000000002E-5,2.465E-6,6.0E-7,2.0E-7,M3,2.811E-5,4.0E-8,2.0E-7,2.625E-6,M3,9.000000000000001E-7,4.0E-8,2.741E-5,2.0E-7,M3,9.000000000000001E-7,4.0E-8,6.0E-7,2.0E-7,M3,1.55E-5,1.0495E-5,2.0E-7,6.0E-7,M3,1.55E-5,1.0895E-5,2.0E-7,2.62E-6,M3,1.3860000000000001E-5,1.3315E-5,1.84E-6,2.0E-7,M3,1.346E-5,1.3315E-5,6.0E-7,2.0E-7,M4,1.2065E-5,1.1975E-5,7.2E-7,3.2E-7,M4,2.779E-5,1.1175E-5,3.2E-7,1.12E-6,M4,2.699E-5,1.1975E-5,1.12E-6,3.2E-7,M4,2.29E-6,6.5E-7,2.0E-7,6.0E-7,M4,2.29E-6,6.5E-7,2.0E-7,2.0175E-5,M4,2.29E-6,2.0625E-5,1.0E-6,2.0E-7,M4,2.29E-6,1.9825E-5,2.0E-7,1.0E-6,M4,2.0015E-5,1.1975E-5,7.2E-7,3.2E-7,M4,4.69E-6,4.42E-6,1.12E-6,3.2E-7,M4,4.69E-6,3.62E-6,3.2E-7,1.12E-6,M4,2.306E-5,4.825E-6,3.2E-7,7.2E-7,M4,2.241E-5,5.250000000000001E-7,3.2E-7,7.2E-7,M5,1.2065E-5,1.1975E-5,7.2E-7,3.2E-7,M5,2.779E-5,1.1175E-5,3.2E-7,1.12E-6,M5,2.699E-5,1.1975E-5,1.12E-6,3.2E-7,M5,2.0015E-5,1.1975E-5,7.2E-7,3.2E-7,M5,4.69E-6,4.42E-6,1.12E-6,3.2E-7,M5,4.69E-6,3.62E-6,3.2E-7,1.12E-6,M5,2.312E-5,4.885E-6,2.0E-7,6.0E-7,M5,2.247E-5,4.885E-6,8.5E-7,2.0E-7,M5,2.247E-5,5.85E-7,2.0E-7,4.5E-6,M5,2.247E-5,5.85E-7,2.0E-7,6.0E-7,M6,1.1825E-5,1.1935E-5,1.2E-6,4.0E-7,M6,2.775E-5,1.0335E-5,4.0E-7,2.0E-6,M6,2.6150000000000002E-5,1.1935E-5,2.0E-6,4.0E-7,M6,2.0075E-5,1.2035E-5,6.0E-7,2.0E-7,M6,2.0275E-5,4.48E-6,2.0E-7,7.755E-6,M6,1.8575E-5,4.38E-6,2.0E-6,4.0E-7,M6,2.0175E-5,4.38E-6,4.0E-7,2.0E-6,M6,4.65E-6,4.38E-6,2.0E-6,4.0E-7,M6,4.65E-6,2.78E-6,4.0E-7,2.0E-6,M7,1.1825E-5,1.1935E-5,1.2E-6,4.0E-7,M7,2.775E-5,1.0335E-5,4.0E-7,2.0E-6,M7,2.6150000000000002E-5,1.1935E-5,2.0E-6,4.0E-7,M7,1.8575E-5,4.38E-6,2.0E-6,4.0E-7,M7,2.0175E-5,4.38E-6,4.0E-7,2.0E-6,M7,4.65E-6,4.38E-6,1.5925E-5,4.0E-7,M7,4.65E-6,4.38E-6,2.0E-6,4.0E-7,M7,4.65E-6,2.78E-6,4.0E-7,2.0E-6,M8,1.1825E-5,1.1935E-5,1.2E-6,4.0E-7,M8,1.2225E-5,1.1935E-5,1.5925E-5,4.0E-7,M8,2.775E-5,1.0335E-5,4.0E-7,2.0E-6,M8,2.6150000000000002E-5,1.1935E-5,2.0E-6,4.0E-7,
M1,3.51E-5,1.8195E-5,2.4000000000000003E-7,6.4E-7,M1,3.51E-5,7.2E-7,2.4000000000000003E-7,6.4E-7,M1,2.284E-5,5.405E-6,1.9200000000000003E-6,1.6E-7,M1,1.52E-6,7.2E-7,2.4000000000000003E-7,6.4E-7,M1,1.52E-6,1.8195E-5,2.4000000000000003E-7,6.4E-7,M1,1.8E-7,1.4675000000000001E-5,2.4000000000000003E-7,6.4E-7,M1,4.4E-7,1.8635E-5,2.4000000000000003E-7,6.4E-7,M1,2.1435E-5,1.1705E-5,2.05E-7,1.6E-7,M1,2.148E-5,1.1705E-5,1.6E-7,7.2E-7,M1,2.232E-5,2.35E-6,5.19E-6,1.6E-7,M1,2.232E-5,2.35E-6,1.6E-7,2.075E-6,M1,2.995E-5,1.365E-6,2.4000000000000003E-7,6.4E-7,M1,3.402E-5,1.8450000000000001E-6,2.4000000000000003E-7,6.4E-7,M1,3.618E-5,1.8635E-5,2.4000000000000003E-7,6.4E-7,M1,3.6440000000000003E-5,1.4675000000000001E-5,2.4000000000000003E-7,6.4E-7,M1,2.113E-5,1.403E-5,1.6E-7,3.665E-6,M1,2.113E-5,1.7535E-5,1.91E-6,1.6E-7,M1,2.018E-5,1.1665000000000001E-5,6.4E-7,2.4000000000000003E-7,M1,1.911E-5,8.845000000000001E-6,2.4000000000000003E-7,6.4E-7,M1,9.97E-6,1.805E-6,1.692E-5,1.6E-7,M1,2.855E-5,4.225E-6,6.4E-7,2.4000000000000003E-7,M1,1.6495E-5,1.0385E-5,6.4E-7,2.4000000000000003E-7,M1,2.34E-5,1.9585E-5,2.4000000000000003E-7,6.4E-7,M1,2.3E-5,1.343E-5,6.4E-7,2.4000000000000003E-7,M1,2.266E-5,1.347E-5,7.4E-7,1.6E-7,M1,2.6E-6,1.8450000000000001E-6,2.4000000000000003E-7,6.4E-7,M1,6.6700000000000005E-6,1.365E-6,2.4000000000000003E-7,6.4E-7,M1,1.612E-5,1.347E-5,4.62E-6,1.6E-7,M1,1.322E-5,1.9585E-5,2.4000000000000003E-7,6.4E-7,M1,1.322E-5,1.343E-5,6.4E-7,2.4000000000000003E-7,M1,1.346E-5,1.347E-5,7.4E-7,1.6E-7,M1,1.522E-5,1.2265E-5,2.05E-7,1.6E-7,M1,1.5265E-5,1.1705E-5,1.6E-7,7.2E-7,M1,1.2100000000000001E-5,5.405E-6,1.9200000000000003E-6,1.6E-7,M1,3.2540000000000004E-5,1.5115E-5,2.4000000000000003E-7,6.4E-7,M1,3.1895E-5,5.65E-7,6.4E-7,2.4000000000000003E-7,M1,2.85E-5,6.05E-7,3.795E-6,1.6E-7,M1,7.67E-6,4.225E-6,6.4E-7,2.4000000000000003E-7,M1,1.9725000000000002E-5,1.0385E-5,6.4E-7,2.4000000000000003E-7,M1,1.751E-5,8.845000000000001E-6,2.4000000000000003E-7,6.4E-7,M1,1.604E-5,1.1665000000000001E-5,6.4E-7,2.4000000000000003E-7,M1,4.08E-6,1.5115E-5,2.4000000000000003E-7,6.4E-7,M1,4.325E-6,5.65E-7,6.4E-7,2.4000000000000003E-7,M1,4.565E-6,6.05E-7,3.795E-6,1.6E-7,M1,2.9400000000000002E-6,2.945E-6,6.4E-7,2.4000000000000003E-7,M1,3.328E-5,2.945E-6,6.4E-7,2.4000000000000003E-7,M1,1.338E-5,1.7495E-5,6.4E-7,2.4000000000000003E-7,M1,1.553E-5,1.6695000000000002E-5,2.4000000000000003E-7,1.04E-6,M1,1.473E-5,1.7495E-5,1.04E-6,2.4000000000000003E-7,M1,1.5570000000000002E-5,1.403E-5,1.6E-7,3.665E-6,M1,9.35E-6,2.35E-6,5.19E-6,1.6E-7,M1,1.438E-5,2.35E-6,1.6E-7,2.075E-6,M2,3.512E-5,1.8215E-5,2.0E-7,6.0E-7,M2,3.512E-5,7.4E-7,2.0E-7,1.7675E-5,M2,3.512E-5,7.4E-7,2.0E-7,6.0E-7,M2,1.54E-6,7.4E-7,2.0E-7,6.0E-7,M2,1.54E-6,7.4E-7,2.0E-7,1.7675E-5,M2,1.54E-6,1.8215E-5,2.0E-7,6.0E-7,M2,1.4E-7,1.4635E-5,3.2E-7,7.2E-7,M2,4.0E-7,1.8595E-5,3.2E-7,7.2E-7,M2,2.991E-5,1.325E-6,3.2E-7,7.2E-7,M2,3.398E-5,1.805E-6,3.2E-7,7.2E-7,M2,3.614E-5,1.8595E-5,3.2E-7,7.2E-7,M2,3.6400000000000004E-5,1.4635E-5,3.2E-7,7.2E-7,M2,2.02E-5,1.1685E-5,6.0E-7,2.0E-7,M2,1.913E-5,1.1685E-5,1.2700000000000001E-6,2.0E-7,M2,1.913E-5,9.265E-6,2.0E-7,2.62E-6,M2,1.913E-5,8.865E-6,2.0E-7,6.0E-7,M2,2.851E-5,4.185E-6,7.2E-7,3.2E-7,M2,1.6455E-5,1.0345E-5,7.2E-7,3.2E-7,M2,2.336E-5,1.9545E-5,3.2E-7,7.2E-7,M2,2.256E-5,1.339E-5,1.12E-6,3.2E-7,M2,2.336E-5,1.339E-5,3.2E-7,1.12E-6,M2,2.322E-5,1.345E-5,4.0E-7,2.0E-7,M2,2.302E-5,1.345E-5,6.0E-7,2.0E-7,M2,2.56E-6,1.805E-6,3.2E-7,7.2E-7,M2,6.63E-6,1.325E-6,3.2E-7,7.2E-7,M2,1.3180000000000001E-5,1.9545E-5,3.2E-7,7.2E-7,M2,1.3180000000000001E-5,1.339E-5,3.2E-7,1.12E-6,M2,1.3180000000000001E-5,1.339E-5,1.12E-6,3.2E-7,M2,1.324E-5,1.345E-5,4.0E-7,2.0E-7,M2,1.324E-5,1.345E-5,6.0E-7,2.0E-7,M2,3.256E-5,1.5135E-5,2.0E-7,6.0E-7,M2,3.256E-5,5.85E-7,2.0E-7,1.515E-5,M2,3.17E-5,5.250000000000001E-7,1.12E-6,3.2E-7,M2,3.2500000000000004E-5,5.250000000000001E-7,3.2E-7,1.12E-6,M2,3.1855E-5,5.250000000000001E-7,7.2E-7,3.2E-7,M2,7.690000000000001E-6,4.245E-6,6.0E-7,2.0E-7,M2,7.89E-6,4.245E-6,1.2255E-5,2.0E-7,M2,1.9945E-5,4.245E-6,2.0E-7,6.36E-6,M2,1.9745E-5,1.0405E-5,6.0E-7,2.0E-7,M2,1.753E-5,8.865E-6,2.0E-7,6.0E-7,M2,1.753E-5,9.265E-6,2.0E-7,2.62E-6,M2,1.747E-5,1.0825E-5,3.2E-7,1.12E-6,M2,1.667E-5,1.1625E-5,1.12E-6,3.2E-7,M2,1.6E-5,1.1625E-5,7.2E-7,3.2E-7,M2,4.1E-6,1.5135E-5,2.0E-7,6.0E-7,M2,4.1E-6,5.85E-7,2.0E-7,1.515E-5,M2,4.04E-6,5.250000000000001E-7,3.2E-7,1.12E-6,M2,4.04E-6,5.250000000000001E-7,1.12E-6,3.2E-7,M2,4.2850000000000005E-6,5.250000000000001E-7,7.2E-7,3.2E-7,M2,2.9E-6,2.905E-6,7.2E-7,3.2E-7,M2,3.324E-5,2.905E-6,7.2E-7,3.2E-7,M2,1.34E-5,1.7515E-5,6.0E-7,2.0E-7,M2,1.38E-5,1.7515E-5,1.95E-6,2.0E-7,M2,1.5550000000000002E-5,1.6715000000000002E-5,2.0E-7,1.0E-6,M2,1.4750000000000001E-5,1.7515E-5,1.0E-6,2.0E-7,M3,2.0E-7,1.4695E-5,2.0E-7,6.0E-7,M3,2.0E-7,1.5095E-5,2.0E-7,3.76E-6,M3,2.0E-7,1.8655E-5,4.6E-7,2.0E-7,M3,4.6E-7,1.8655E-5,2.0E-7,6.0E-7,M3,2.997E-5,1.385E-6,2.0E-7,6.0E-7,M3,2.997E-5,1.785E-6,2.0E-7,6.800000000000001E-7,M3,2.997E-5,2.265E-6,4.27E-6,2.0E-7,M3,3.404E-5,1.8650000000000001E-6,2.0E-7,6.0E-7,M3,3.62E-5,1.8655E-5,2.0E-7,6.0E-7,M3,3.62E-5,1.8655E-5,4.6E-7,2.0E-7,M3,3.646E-5,1.5095E-5,2.0E-7,3.76E-6,M3,3.646E-5,1.4695E-5,2.0E-7,6.0E-7,M3,2.857E-5,4.245E-6,6.0E-7,2.0E-7,M3,1.6715000000000002E-5,4.245E-6,1.2255E-5,2.0E-7,M3,1.6715000000000002E-5,4.245E-6,2.0E-7,6.36E-6,M3,1.6515E-5,1.0405E-5,6.0E-7,2.0E-7,M3,2.336E-5,1.9545E-5,3.2E-7,7.2E-7,M3,2.256E-5,1.339E-5,1.12E-6,3.2E-7,M3,2.336E-5,1.339E-5,3.2E-7,1.12E-6,M3,2.62E-6,1.8650000000000001E-6,2.0E-7,6.0E-7,M3,2.62E-6,1.785E-6,2.0E-7,6.800000000000001E-7,M3,2.62E-6,1.785E-6,4.27E-6,2.0E-7,M3,6.69E-6,1.385E-6,2.0E-7,6.0E-7,M3,1.3180000000000001E-5,1.9545E-5,3.2E-7,7.2E-7,M3,1.3180000000000001E-5,1.339E-5,3.2E-7,1.12E-6,M3,1.3180000000000001E-5,1.339E-5,1.12E-6,3.2E-7,M3,3.176E-5,5.85E-7,1.0E-6,2.0E-7,M3,3.256E-5,5.85E-7,2.0E-7,1.0E-6,M3,3.2115E-5,5.85E-7,6.45E-7,2.0E-7,M3,3.1915E-5,5.85E-7,6.0E-7,2.0E-7,M3,1.753E-5,1.0885E-5,2.0E-7,1.0E-6,M3,1.673E-5,1.1685E-5,1.0E-6,2.0E-7,M3,1.646E-5,1.1685E-5,1.2700000000000001E-6,2.0E-7,M3,1.606E-5,1.1685E-5,6.0E-7,2.0E-7,M3,4.1E-6,5.85E-7,2.0E-7,1.0E-6,M3,4.1E-6,5.85E-7,1.0E-6,2.0E-7,M3,4.1E-6,5.85E-7,6.45E-7,2.0E-7,M3,4.345E-6,5.85E-7,6.0E-7,2.0E-7,M3,2.96E-6,2.965E-6,6.0E-7,2.0E-7,M3,3.36E-6,2.965E-6,3.014E-5,2.0E-7,M3,3.33E-5,2.965E-6,6.0E-7,2.0E-7,M4,2.342E-5,1.9605E-5,2.0E-7,6.0E-7,M4,2.342E-5,1.345E-5,2.0E-7,6.7550000000000005E-6,M4,2.262E-5,1.345E-5,1.0E-6,2.0E-7,M4,2.342E-5,1.345E-5,2.0E-7,1.0E-6,M4,1.324E-5,1.9605E-5,2.0E-7,6.0E-7,M4,1.324E-5,1.345E-5,2.0E-7,6.7550000000000005E-6,M4,1.324E-5,1.345E-5,2.0E-7,1.0E-6,M4,1.324E-5,1.345E-5,1.0E-6,2.0E-7,
M1,2.169E-5,1.5905E-5,1.6E-7,1.775E-6,M1,2.165E-5,1.728E-5,2.4000000000000003E-7,6.4E-7,M1,2.098E-5,2.189E-5,2.4000000000000003E-7,6.4E-7,M1,1.4390000000000001E-5,1.805E-6,4.58E-6,1.6E-7,M1,2.217E-5,1.365E-6,2.4000000000000003E-7,6.4E-7,M1,2.662E-5,1.37E-6,2.4000000000000003E-7,6.4E-7,M1,2.006E-5,2.35E-6,1.6E-7,1.45E-6,M1,2.006E-5,3.64E-6,2.5E-7,1.6E-7,M1,2.081E-5,1.398E-5,1.6E-7,8.6E-7,M1,2.0700000000000002E-5,1.398E-5,2.7E-7,1.6E-7,M1,1.309E-5,1.5905E-5,7.18E-6,1.6E-7,M1,2.04E-5,1.6605E-5,2.2E-7,1.6E-7,M1,2.04E-5,1.6605E-5,1.6E-7,2.445E-6,M1,1.8E-7,1.603E-5,2.4000000000000003E-7,6.4E-7,M1,4.4E-7,1.999E-5,2.4000000000000003E-7,6.4E-7,M1,3.268E-5,1.999E-5,2.4000000000000003E-7,6.4E-7,M1,3.294E-5,1.603E-5,2.4000000000000003E-7,6.4E-7,M1,1.2735000000000001E-5,1.394E-5,6.4E-7,2.4000000000000003E-7,M1,1.576E-5,1.112E-5,2.4000000000000003E-7,6.4E-7,M1,1.314E-5,2.35E-6,1.6E-7,1.45E-6,M1,1.305E-5,3.64E-6,2.5E-7,1.6E-7,M1,1.8105E-5,1.266E-5,6.4E-7,2.4000000000000003E-7,M1,8.61E-6,3.6000000000000003E-6,6.4E-7,2.4000000000000003E-7,M1,1.151E-5,1.5905E-5,1.6E-7,1.775E-6,M1,1.147E-5,1.728E-5,2.4000000000000003E-7,6.4E-7,M1,1.214E-5,2.189E-5,2.4000000000000003E-7,6.4E-7,M1,1.095E-5,1.365E-6,2.4000000000000003E-7,6.4E-7,M1,6.5000000000000004E-6,1.37E-6,2.4000000000000003E-7,6.4E-7,M1,2.811E-5,5.7E-7,2.4000000000000003E-7,6.4E-7,M1,2.77E-5,1.955E-5,2.4000000000000003E-7,6.4E-7,M1,2.411E-5,3.6000000000000003E-6,6.4E-7,2.4000000000000003E-7,M1,1.4615E-5,1.266E-5,6.4E-7,2.4000000000000003E-7,M1,9.57E-6,4.78E-6,1.9200000000000003E-6,1.6E-7,M1,2.567E-5,2.0E-8,6.4E-7,2.4000000000000003E-7,M1,7.05E-6,2.0E-8,6.4E-7,2.4000000000000003E-7,M1,1.736E-5,1.112E-5,2.4000000000000003E-7,6.4E-7,M1,1.9985E-5,1.394E-5,6.4E-7,2.4000000000000003E-7,M1,1.239E-5,1.398E-5,1.6E-7,8.6E-7,M1,1.239E-5,1.398E-5,2.7E-7,1.6E-7,M1,1.236E-5,1.885E-5,6.4E-7,2.4000000000000003E-7,M1,1.25E-5,1.6565E-5,6.4E-7,2.4000000000000003E-7,M1,9.57E-6,1.365E-6,1.6E-7,3.575E-6,M1,9.53E-6,1.365E-6,2.0E-7,1.6E-7,M1,2.187E-5,4.78E-6,1.9200000000000003E-6,1.6E-7,M1,5.01E-6,5.7E-7,2.4000000000000003E-7,6.4E-7,M1,5.42E-6,1.955E-5,2.4000000000000003E-7,6.4E-7,M1,2.363E-5,1.365E-6,1.6E-7,3.575E-6,M1,2.363E-5,1.365E-6,2.0E-7,1.6E-7,M2,2.167E-5,1.73E-5,2.0E-7,6.0E-7,M2,2.167E-5,1.7500000000000002E-5,2.0E-7,5.01E-6,M2,2.1E-5,2.231E-5,8.7E-7,2.0E-7,M2,2.1E-5,2.1910000000000002E-5,2.0E-7,6.0E-7,M2,2.219E-5,1.385E-6,2.0E-7,6.0E-7,M2,2.219E-5,1.785E-6,4.65E-6,2.0E-7,M2,2.664E-5,1.785E-6,2.0E-7,2.05E-7,M2,2.664E-5,1.39E-6,2.0E-7,6.0E-7,M2,1.4E-7,1.599E-5,3.2E-7,7.2E-7,M2,4.0E-7,1.995E-5,3.2E-7,7.2E-7,M2,3.27E-5,2.001E-5,2.0E-7,6.0E-7,M2,3.27E-5,2.001E-5,4.6E-7,2.0E-7,M2,3.296E-5,1.645E-5,2.0E-7,3.76E-6,M2,3.296E-5,1.605E-5,2.0E-7,6.0E-7,M2,1.2695E-5,1.39E-5,7.2E-7,3.2E-7,M2,1.5720000000000002E-5,1.31E-5,3.2E-7,1.12E-6,M2,1.4920000000000001E-5,1.39E-5,1.12E-6,3.2E-7,M2,1.578E-5,1.154E-5,2.0E-7,2.62E-6,M2,1.578E-5,1.114E-5,2.0E-7,6.0E-7,M2,1.8125E-5,1.268E-5,6.0E-7,2.0E-7,M2,1.8325E-5,3.62E-6,2.0E-7,9.26E-6,M2,9.03E-6,3.62E-6,9.495E-6,2.0E-7,M2,8.63E-6,3.62E-6,6.0E-7,2.0E-7,M2,1.149E-5,1.73E-5,2.0E-7,6.0E-7,M2,1.149E-5,1.7500000000000002E-5,2.0E-7,5.01E-6,M2,1.149E-5,2.231E-5,8.7E-7,2.0E-7,M2,1.216E-5,2.1910000000000002E-5,2.0E-7,6.0E-7,M2,1.097E-5,1.385E-6,2.0E-7,6.0E-7,M2,6.52E-6,1.785E-6,4.65E-6,2.0E-7,M2,6.52E-6,1.785E-6,2.0E-7,2.05E-7,M2,6.52E-6,1.39E-6,2.0E-7,6.0E-7,M2,2.813E-5,5.9E-7,2.0E-7,6.0E-7,M2,2.813E-5,5.9E-7,2.0E-7,1.918E-5,M2,2.7720000000000002E-5,1.957E-5,6.1E-7,2.0E-7,M2,2.7720000000000002E-5,1.957E-5,2.0E-7,6.0E-7,M2,2.407E-5,3.5600000000000002E-6,7.2E-7,3.2E-7,M2,1.4575E-5,1.262E-5,7.2E-7,3.2E-7,M2,2.569E-5,4.0E-8,6.0E-7,2.0E-7,M2,7.4700000000000005E-6,4.0E-8,1.842E-5,2.0E-7,M2,7.07E-6,4.0E-8,6.0E-7,2.0E-7,M2,1.732E-5,1.108E-5,3.2E-7,7.2E-7,M2,1.9945E-5,1.39E-5,7.2E-7,3.2E-7,M2,1.232E-5,1.881E-5,7.2E-7,3.2E-7,M2,1.2460000000000001E-5,1.6525000000000002E-5,7.2E-7,3.2E-7,M2,5.03E-6,5.9E-7,2.0E-7,6.0E-7,M2,5.03E-6,5.9E-7,2.0E-7,1.918E-5,M2,5.03E-6,1.957E-5,6.1E-7,2.0E-7,M2,5.4400000000000004E-6,1.957E-5,2.0E-7,6.0E-7,M3,2.0E-7,1.605E-5,2.0E-7,6.0E-7,M3,2.0E-7,1.645E-5,2.0E-7,3.76E-6,M3,2.0E-7,2.001E-5,4.6E-7,2.0E-7,M3,4.6E-7,2.001E-5,2.0E-7,6.0E-7,M3,1.2695E-5,1.39E-5,7.2E-7,3.2E-7,M3,1.5720000000000002E-5,1.31E-5,3.2E-7,1.12E-6,M3,1.4920000000000001E-5,1.39E-5,1.12E-6,3.2E-7,M3,2.413E-5,3.62E-6,6.0E-7,2.0E-7,M3,2.413E-5,3.62E-6,2.0E-7,9.26E-6,M3,1.4835000000000001E-5,1.268E-5,9.495E-6,2.0E-7,M3,1.4635E-5,1.268E-5,6.0E-7,2.0E-7,M3,1.732E-5,1.108E-5,3.2E-7,7.2E-7,M3,1.9945E-5,1.39E-5,7.2E-7,3.2E-7,M3,1.238E-5,1.887E-5,6.0E-7,2.0E-7,M3,1.278E-5,1.6585E-5,2.0E-7,2.485E-6,M3,1.1920000000000001E-5,1.6525000000000002E-5,1.12E-6,3.2E-7,M3,1.272E-5,1.6525000000000002E-5,3.2E-7,1.12E-6,M3,1.2460000000000001E-5,1.6525000000000002E-5,7.2E-7,3.2E-7,M4,1.2755E-5,1.396E-5,6.0E-7,2.0E-7,M4,1.2955E-5,1.396E-5,3.0250000000000003E-6,2.0E-7,M4,1.578E-5,1.3160000000000001E-5,2.0E-7,1.0E-6,M4,1.498E-5,1.396E-5,1.0E-6,2.0E-7,M4,1.738E-5,1.114E-5,2.0E-7,6.0E-7,M4,1.738E-5,1.154E-5,2.0E-7,2.62E-6,M4,1.738E-5,1.396E-5,3.0250000000000003E-6,2.0E-7,M4,2.0005E-5,1.396E-5,6.0E-7,2.0E-7,M4,1.198E-5,1.6585E-5,1.0E-6,2.0E-7,M4,1.278E-5,1.6585E-5,2.0E-7,1.0E-6,M4,1.272E-5,1.6585E-5,2.6E-7,2.0E-7,M4,1.252E-5,1.6585E-5,6.0E-7,2.0E-7,
M1,1.187E-5,2.35E-6,1.6E-7,1.44E-6,M1,1.185E-5,3.63E-6,1.8E-7,1.6E-7,M1,1.4390000000000001E-5,1.045E-6,4.58E-6,1.6E-7,M1,2.081E-5,1.33E-5,1.6E-7,8.6E-7,M1,2.0700000000000002E-5,1.33E-5,2.7E-7,1.6E-7,M1,1.502E-5,1.198E-5,6.4E-7,2.4000000000000003E-7,M1,2.411E-5,1.765E-5,6.4E-7,2.4000000000000003E-7,M1,1.309E-5,1.5225E-5,7.18E-6,1.6E-7,M1,1.214E-5,2.197E-5,2.4000000000000003E-7,6.4E-7,M1,1.147E-5,1.4785E-5,2.4000000000000003E-7,6.4E-7,M1,3.268E-5,2.007E-5,2.4000000000000003E-7,6.4E-7,M1,3.294E-5,1.611E-5,2.4000000000000003E-7,6.4E-7,M1,1.2735000000000001E-5,1.326E-5,6.4E-7,2.4000000000000003E-7,M1,1.29E-5,4.2900000000000004E-6,2.4000000000000003E-7,6.4E-7,M1,4.4E-7,2.007E-5,2.4000000000000003E-7,6.4E-7,M1,1.8E-7,1.611E-5,2.4000000000000003E-7,6.4E-7,M1,1.095E-5,1.365E-6,2.4000000000000003E-7,6.4E-7,M1,6.5000000000000004E-6,1.41E-6,2.4000000000000003E-7,6.4E-7,M1,2.04E-5,1.5925E-5,2.2E-7,1.6E-7,M1,2.04E-5,1.5925E-5,1.6E-7,3.2050000000000002E-6,M1,2.098E-5,2.197E-5,2.4000000000000003E-7,6.4E-7,M1,2.165E-5,1.4785E-5,2.4000000000000003E-7,6.4E-7,M1,9.57E-6,1.365E-6,1.6E-7,3.655E-6,M1,9.53E-6,1.365E-6,2.0E-7,1.6E-7,M1,2.363E-5,4.77E-6,1.6E-7,2.5E-7,M1,2.187E-5,4.77E-6,1.9200000000000003E-6,1.6E-7,M1,1.25E-5,1.33E-5,1.6E-7,8.6E-7,M1,1.239E-5,1.4E-5,2.7E-7,1.6E-7,M1,2.363E-5,1.365E-6,1.6E-7,3.655E-6,M1,2.363E-5,1.365E-6,2.0E-7,1.6E-7,M1,2.811E-5,6.1E-7,2.4000000000000003E-7,6.4E-7,M1,3.154E-5,1.963E-5,2.4000000000000003E-7,6.4E-7,M1,2.567E-5,2.4E-6,6.4E-7,2.4000000000000003E-7,M1,7.05E-6,2.4E-6,6.4E-7,2.4000000000000003E-7,M1,2.022E-5,4.2900000000000004E-6,2.4000000000000003E-7,6.4E-7,M1,1.9985E-5,1.326E-5,6.4E-7,2.4000000000000003E-7,M1,1.274E-5,1.5925E-5,2.2E-7,1.6E-7,M1,1.28E-5,1.5925E-5,1.6E-7,3.2050000000000002E-6,M1,5.01E-6,6.1E-7,2.4000000000000003E-7,6.4E-7,M1,1.5800000000000001E-6,1.963E-5,2.4000000000000003E-7,6.4E-7,M1,1.77E-5,1.198E-5,6.4E-7,2.4000000000000003E-7,M1,9.84E-6,1.765E-5,6.4E-7,2.4000000000000003E-7,M1,9.05E-6,1.7690000000000002E-5,1.19E-6,1.6E-7,M1,2.217E-5,1.365E-6,2.4000000000000003E-7,6.4E-7,M1,2.662E-5,1.41E-6,2.4000000000000003E-7,6.4E-7,M1,2.133E-5,2.35E-6,1.6E-7,1.44E-6,M1,2.133E-5,3.63E-6,1.8E-7,1.6E-7,M1,9.57E-6,4.77E-6,1.6E-7,2.5E-7,M1,9.57E-6,4.77E-6,1.9200000000000003E-6,1.6E-7,M2,1.498E-5,1.1940000000000001E-5,7.2E-7,3.2E-7,M2,2.284E-5,1.761E-5,7.2E-7,3.2E-7,M2,2.31E-5,1.7670000000000002E-5,1.23E-6,2.0E-7,M2,2.413E-5,1.7670000000000002E-5,6.0E-7,2.0E-7,M2,1.216E-5,2.199E-5,2.0E-7,6.0E-7,M2,1.216E-5,1.5205000000000001E-5,2.0E-7,7.3850000000000004E-6,M2,1.149E-5,1.5205000000000001E-5,8.7E-7,2.0E-7,M2,1.149E-5,1.4805E-5,2.0E-7,6.0E-7,M2,3.27E-5,2.009E-5,2.0E-7,6.0E-7,M2,3.27E-5,1.653E-5,2.0E-7,3.76E-6,M2,3.27E-5,1.653E-5,4.6E-7,2.0E-7,M2,3.296E-5,1.613E-5,2.0E-7,6.0E-7,M2,1.2695E-5,1.322E-5,7.2E-7,3.2E-7,M2,1.286E-5,1.322E-5,1.12E-6,3.2E-7,M2,1.286E-5,1.242E-5,3.2E-7,1.12E-6,M2,1.292E-5,4.31E-6,2.0E-7,9.17E-6,M2,1.292E-5,4.31E-6,2.0E-7,6.0E-7,M2,4.6E-7,2.009E-5,2.0E-7,6.0E-7,M2,4.6E-7,1.653E-5,2.0E-7,3.76E-6,M2,2.0E-7,1.653E-5,4.6E-7,2.0E-7,M2,2.0E-7,1.613E-5,2.0E-7,6.0E-7,M2,1.097E-5,1.385E-6,2.0E-7,6.0E-7,M2,6.52E-6,1.785E-6,4.65E-6,2.0E-7,M2,6.52E-6,1.785E-6,2.0E-7,2.45E-7,M2,6.52E-6,1.43E-6,2.0E-7,6.0E-7,M2,2.1E-5,2.199E-5,2.0E-7,6.0E-7,M2,2.1E-5,1.5205000000000001E-5,2.0E-7,7.3850000000000004E-6,M2,2.1E-5,1.5205000000000001E-5,8.7E-7,2.0E-7,M2,2.167E-5,1.4805E-5,2.0E-7,6.0E-7,M2,2.813E-5,6.3E-7,2.0E-7,6.0E-7,M2,2.813E-5,6.3E-7,3.63E-6,2.0E-7,M2,3.156E-5,6.3E-7,2.0E-7,1.922E-5,M2,3.156E-5,1.965E-5,2.0E-7,6.0E-7,M2,2.569E-5,2.42E-6,6.0E-7,2.0E-7,M2,7.4700000000000005E-6,2.42E-6,1.842E-5,2.0E-7,M2,7.07E-6,2.42E-6,6.0E-7,2.0E-7,M2,2.024E-5,4.31E-6,2.0E-7,6.0E-7,M2,2.024E-5,4.31E-6,2.0E-7,9.17E-6,M2,2.018E-5,1.242E-5,3.2E-7,1.12E-6,M2,1.938E-5,1.322E-5,1.12E-6,3.2E-7,M2,1.9945E-5,1.322E-5,7.2E-7,3.2E-7,M2,5.03E-6,6.3E-7,2.0E-7,6.0E-7,M2,1.6E-6,6.3E-7,3.63E-6,2.0E-7,M2,1.6E-6,6.3E-7,2.0E-7,1.922E-5,M2,1.6E-6,1.965E-5,2.0E-7,6.0E-7,M2,1.766E-5,1.1940000000000001E-5,7.2E-7,3.2E-7,M2,9.800000000000001E-6,1.761E-5,7.2E-7,3.2E-7,M2,2.219E-5,1.385E-6,2.0E-7,6.0E-7,M2,2.219E-5,1.785E-6,4.65E-6,2.0E-7,M2,2.664E-5,1.785E-6,2.0E-7,2.45E-7,M2,2.664E-5,1.43E-6,2.0E-7,6.0E-7,M3,1.498E-5,1.1940000000000001E-5,7.2E-7,3.2E-7,M3,2.284E-5,1.761E-5,7.2E-7,3.2E-7,M3,1.2755E-5,1.328E-5,6.0E-7,2.0E-7,M3,1.292E-5,1.328E-5,2.35E-7,2.0E-7,M3,1.292E-5,1.328E-5,1.0E-6,2.0E-7,M3,1.292E-5,1.248E-5,2.0E-7,1.0E-6,M3,2.024E-5,1.248E-5,2.0E-7,1.0E-6,M3,1.944E-5,1.328E-5,1.0E-6,2.0E-7,M3,2.0205E-5,1.328E-5,2.35E-7,2.0E-7,M3,2.0005E-5,1.328E-5,6.0E-7,2.0E-7,M3,1.772E-5,1.2E-5,6.0E-7,2.0E-7,M3,1.772E-5,1.2E-5,2.0E-7,5.87E-6,M3,1.006E-5,1.7670000000000002E-5,7.860000000000001E-6,2.0E-7,M3,9.86E-6,1.7670000000000002E-5,6.0E-7,2.0E-7,M4,1.504E-5,1.2E-5,6.0E-7,2.0E-7,M4,1.544E-5,1.2E-5,2.0E-7,5.87E-6,M4,1.544E-5,1.7670000000000002E-5,7.860000000000001E-6,2.0E-7,M4,2.29E-5,1.7670000000000002E-5,6.0E-7,2.0E-7,
M1,5.315E-6,2.0E-8,6.4E-7,2.4000000000000003E-7,M1,2.553E-5,2.0E-8,6.4E-7,2.4000000000000003E-7,M1,1.7E-5,1.805E-6,1.9200000000000003E-6,1.6E-7,M1,1.525E-5,1.4995E-5,5.42E-6,1.6E-7,M1,1.99E-6,5.5E-7,2.4000000000000003E-7,6.4E-7,M1,7.5500000000000006E-6,1.85E-5,2.4000000000000003E-7,6.4E-7,M1,1.391E-5,2.35E-6,1.6E-7,1.44E-6,M1,1.3875E-5,3.63E-6,1.95E-7,1.6E-7,M1,1.255E-5,1.3235E-5,1.6E-7,7.2E-7,M1,1.255E-5,1.3235E-5,2.0E-7,1.6E-7,M1,4.4E-7,1.894E-5,2.4000000000000003E-7,6.4E-7,M1,1.8E-7,1.498E-5,2.4000000000000003E-7,6.4E-7,M1,1.9995E-5,2.35E-6,1.6E-7,1.41E-6,M1,1.9955E-5,2.7600000000000003E-6,2.4000000000000003E-7,1.04E-6,M1,1.9155E-5,3.5600000000000002E-6,1.04E-6,2.4000000000000003E-7,M1,8.47E-6,3.5600000000000002E-6,6.4E-7,2.4000000000000003E-7,M1,2.694E-5,1.78E-5,6.4E-7,2.4000000000000003E-7,M1,2.1720000000000002E-5,1.3195E-5,6.4E-7,2.4000000000000003E-7,M1,2.321E-5,1.3235E-5,1.6E-7,7.2E-7,M1,2.317E-5,1.3235E-5,2.0E-7,1.6E-7,M1,1.664E-5,2.0435E-5,2.4000000000000003E-7,6.4E-7,M1,1.521E-5,1.4555E-5,2.4000000000000003E-7,6.4E-7,M1,3.55E-5,1.498E-5,2.4000000000000003E-7,6.4E-7,M1,3.524E-5,1.894E-5,2.4000000000000003E-7,6.4E-7,M1,2.042E-5,1.0375E-5,2.4000000000000003E-7,6.4E-7,M1,2.0515E-5,1.3195E-5,6.4E-7,2.4000000000000003E-7,M1,2.206E-5,1.365E-6,2.4000000000000003E-7,6.4E-7,M1,2.644E-5,1.35E-6,2.4000000000000003E-7,6.4E-7,M1,1.363E-5,1.5555E-5,1.6E-7,2.445E-6,M1,1.363E-5,1.5555E-5,3.3E-7,1.6E-7,M1,2.701E-5,3.5600000000000002E-6,6.4E-7,2.4000000000000003E-7,M1,1.5525E-5,2.31E-6,6.4E-7,2.4000000000000003E-7,M1,1.119E-5,6.05E-7,1.6E-7,4.325E-6,M1,1.119E-5,6.05E-7,1.2E-6,1.6E-7,M1,1.119E-5,4.74E-6,1.6E-7,1.9E-7,M1,9.43E-6,4.74E-6,1.9200000000000003E-6,1.6E-7,M1,2.629E-5,4.7E-6,2.4000000000000003E-7,6.4E-7,M1,2.629E-5,3.9300000000000005E-6,2.4000000000000003E-7,1.04E-6,M1,2.549E-5,4.7300000000000005E-6,1.04E-6,2.4000000000000003E-7,M1,2.457E-5,4.77E-6,1.9200000000000003E-6,1.6E-7,M1,1.668E-5,2.0875E-5,2.56E-6,1.6E-7,M1,2.185E-5,2.35E-6,1.6E-7,1.44E-6,M1,2.185E-5,3.63E-6,1.95E-7,1.6E-7,M1,2.813E-5,1.85E-5,2.4000000000000003E-7,6.4E-7,M1,3.369E-5,5.5E-7,2.4000000000000003E-7,6.4E-7,M1,2.457E-5,6.05E-7,1.6E-7,4.325E-6,M1,2.353E-5,6.05E-7,1.2E-6,1.6E-7,M1,1.526E-5,1.0375E-5,2.4000000000000003E-7,6.4E-7,M1,1.4765E-5,1.3195E-5,6.4E-7,2.4000000000000003E-7,M1,9.24E-6,1.35E-6,2.4000000000000003E-7,6.4E-7,M1,1.362E-5,1.365E-6,2.4000000000000003E-7,6.4E-7,M2,5.275E-6,-2.0E-8,7.2E-7,3.2E-7,M2,2.549E-5,-2.0E-8,7.2E-7,3.2E-7,M2,1.95E-6,5.1E-7,3.2E-7,7.2E-7,M2,7.51E-6,1.846E-5,3.2E-7,7.2E-7,M2,4.0E-7,1.8900000000000002E-5,3.2E-7,7.2E-7,M2,1.4E-7,1.4940000000000001E-5,3.2E-7,7.2E-7,M2,1.9915E-5,2.7200000000000002E-6,3.2E-7,1.12E-6,M2,1.9115E-5,3.52E-6,1.12E-6,3.2E-7,M2,8.43E-6,3.52E-6,7.2E-7,3.2E-7,M2,2.69E-5,1.776E-5,7.2E-7,3.2E-7,M2,2.63E-5,1.3155E-5,1.12E-6,3.2E-7,M2,2.71E-5,1.3155E-5,3.2E-7,1.12E-6,M2,2.194E-5,1.3215E-5,5.42E-6,2.0E-7,M2,2.1740000000000002E-5,1.3215E-5,6.0E-7,2.0E-7,M2,1.66E-5,2.0395E-5,3.2E-7,7.2E-7,M2,1.58E-5,1.4915E-5,1.12E-6,3.2E-7,M2,1.66E-5,1.4915E-5,3.2E-7,1.12E-6,M2,1.523E-5,1.4975E-5,1.63E-6,2.0E-7,M2,1.523E-5,1.4575E-5,2.0E-7,6.0E-7,M2,3.546E-5,1.4940000000000001E-5,3.2E-7,7.2E-7,M2,3.52E-5,1.8900000000000002E-5,3.2E-7,7.2E-7,M2,2.044E-5,1.0395E-5,2.0E-7,6.0E-7,M2,2.044E-5,1.0795E-5,2.0E-7,2.62E-6,M2,2.044E-5,1.3215E-5,4.95E-7,2.0E-7,M2,2.0535E-5,1.3215E-5,6.0E-7,2.0E-7,M2,2.202E-5,1.325E-6,3.2E-7,7.2E-7,M2,2.64E-5,1.31E-6,3.2E-7,7.2E-7,M2,2.697E-5,3.52E-6,7.2E-7,3.2E-7,M2,1.5485E-5,2.27E-6,7.2E-7,3.2E-7,M2,2.631E-5,4.72E-6,2.0E-7,6.0E-7,M2,2.631E-5,4.72E-6,2.0E-7,2.3E-7,M2,2.631E-5,3.95E-6,2.0E-7,1.0E-6,M2,2.551E-5,4.75E-6,1.0E-6,2.0E-7,M2,2.815E-5,1.852E-5,2.0E-7,6.0E-7,M2,2.815E-5,5.7E-7,2.0E-7,1.815E-5,M2,2.809E-5,5.1E-7,3.2E-7,1.12E-6,M2,2.809E-5,5.1E-7,1.12E-6,3.2E-7,M2,3.365E-5,5.1E-7,3.2E-7,7.2E-7,M2,1.528E-5,1.0395E-5,2.0E-7,6.0E-7,M2,1.528E-5,1.0795E-5,2.0E-7,2.62E-6,M2,1.4985E-5,1.3215E-5,4.95E-7,2.0E-7,M2,1.4785E-5,1.3215E-5,6.0E-7,2.0E-7,M2,9.2E-6,1.31E-6,3.2E-7,7.2E-7,M2,1.358E-5,1.325E-6,3.2E-7,7.2E-7,M3,5.335E-6,4.0E-8,6.0E-7,2.0E-7,M3,5.535E-6,4.0E-8,2.0215E-5,2.0E-7,M3,2.555E-5,4.0E-8,6.0E-7,2.0E-7,M3,1.95E-6,5.1E-7,3.2E-7,7.2E-7,M3,7.51E-6,1.846E-5,3.2E-7,7.2E-7,M3,4.6E-7,1.896E-5,2.0E-7,6.0E-7,M3,2.0E-7,1.896E-5,4.6E-7,2.0E-7,M3,2.0E-7,1.54E-5,2.0E-7,3.76E-6,M3,2.0E-7,1.5E-5,2.0E-7,6.0E-7,M3,1.9915E-5,2.7200000000000002E-6,3.2E-7,1.12E-6,M3,1.9115E-5,3.52E-6,1.12E-6,3.2E-7,M3,8.43E-6,3.52E-6,7.2E-7,3.2E-7,M3,2.696E-5,1.782E-5,6.0E-7,2.0E-7,M3,2.716E-5,1.3215E-5,2.0E-7,4.805E-6,M3,2.6360000000000002E-5,1.3215E-5,1.0E-6,2.0E-7,M3,2.716E-5,1.3215E-5,2.0E-7,1.0E-6,M3,1.666E-5,2.0455E-5,2.0E-7,6.0E-7,M3,1.666E-5,1.4975E-5,2.0E-7,6.08E-6,M3,1.586E-5,1.4975E-5,1.0E-6,2.0E-7,M3,1.666E-5,1.4975E-5,2.0E-7,1.0E-6,M3,3.552E-5,1.5E-5,2.0E-7,6.0E-7,M3,3.552E-5,1.54E-5,2.0E-7,3.76E-6,M3,3.526E-5,1.896E-5,4.6E-7,2.0E-7,M3,3.526E-5,1.896E-5,2.0E-7,6.0E-7,M3,2.2080000000000002E-5,1.385E-6,2.0E-7,6.0E-7,M3,2.2080000000000002E-5,1.785E-6,4.58E-6,2.0E-7,M3,2.646E-5,1.77E-6,2.0E-7,2.15E-7,M3,2.646E-5,1.37E-6,2.0E-7,6.0E-7,M3,2.697E-5,3.52E-6,7.2E-7,3.2E-7,M3,1.5485E-5,2.27E-6,7.2E-7,3.2E-7,M3,2.815E-5,5.7E-7,2.0E-7,1.0E-6,M3,2.815E-5,5.7E-7,1.0E-6,2.0E-7,M3,2.815E-5,5.7E-7,5.76E-6,2.0E-7,M3,3.371E-5,5.7E-7,2.0E-7,6.0E-7,M3,9.26E-6,1.37E-6,2.0E-7,6.0E-7,M3,9.26E-6,1.77E-6,2.0E-7,2.15E-7,M3,9.26E-6,1.785E-6,4.58E-6,2.0E-7,M3,1.364E-5,1.385E-6,2.0E-7,6.0E-7,M4,2.0100000000000002E-6,5.7E-7,2.0E-7,6.0E-7,M4,2.0100000000000002E-6,5.7E-7,2.0E-7,1.815E-5,M4,2.0100000000000002E-6,1.852E-5,5.76E-6,2.0E-7,M4,7.57E-6,1.852E-5,2.0E-7,6.0E-7,M4,1.9975E-5,2.78E-6,2.0E-7,1.0E-6,M4,1.9175000000000002E-5,3.58E-6,1.0E-6,2.0E-7,M4,8.89E-6,3.58E-6,1.1285E-5,2.0E-7,M4,8.49E-6,3.58E-6,6.0E-7,2.0E-7,M4,2.697E-5,3.52E-6,7.2E-7,3.2E-7,M4,1.5485E-5,2.27E-6,7.2E-7,3.2E-7,M5,2.697E-5,3.52E-6,7.2E-7,3.2E-7,M5,1.5485E-5,2.27E-6,7.2E-7,3.2E-7,M6,2.673E-5,3.48E-6,1.2E-6,4.0E-7,M6,2.513E-5,2.2300000000000002E-6,2.0E-6,4.0E-7,M6,2.673E-5,2.2300000000000002E-6,4.0E-7,2.0E-6,M6,1.5745E-5,2.33E-6,1.1285E-5,2.0E-7,M6,1.5545E-5,2.33E-6,6.0E-7,2.0E-7,M7,2.673E-5,3.48E-6,1.2E-6,4.0E-7,M7,2.513E-5,2.2300000000000002E-6,2.0E-6,4.0E-7,M7,2.673E-5,2.2300000000000002E-6,4.0E-7,2.0E-6,M8,2.673E-5,3.48E-6,1.2E-6,4.0E-7,M8,2.673E-5,2.2300000000000002E-6,4.0E-7,1.65E-6,M8,2.513E-5,2.2300000000000002E-6,2.0E-6,4.0E-7,M8,2.673E-5,2.2300000000000002E-6,4.0E-7,2.0E-6,
M1,1.551E-5,1.805E-6,4.62E-6,1.6E-7,M1,2.1190000000000002E-5,2.35E-6,1.6E-7,2.235E-6,M1,2.1065E-5,4.425E-6,2.85E-7,1.6E-7,M1,1.876E-5,2.0775E-5,2.4000000000000003E-7,6.4E-7,M1,2.019E-5,1.4050000000000001E-5,2.4000000000000003E-7,6.4E-7,M1,3.4960000000000004E-5,2.0775E-5,2.4000000000000003E-7,6.4E-7,M1,3.485E-5,1.7215E-5,6.4E-7,2.4000000000000003E-7,M1,3.509E-5,1.7255E-5,3.3E-7,1.6E-7,M1,3.1895E-5,4.385E-6,6.4E-7,2.4000000000000003E-7,M1,1.3095E-5,1.1410000000000001E-5,6.4E-7,2.4000000000000003E-7,M1,4.4E-7,2.0775E-5,2.4000000000000003E-7,6.4E-7,M1,1.5E-7,1.7215E-5,6.4E-7,2.4000000000000003E-7,M1,2.2E-7,1.7255E-5,3.3E-7,1.6E-7,M1,1.4765E-5,1.269E-5,6.4E-7,2.4000000000000003E-7,M1,1.526E-5,9.87E-6,2.4000000000000003E-7,6.4E-7,M1,5.81E-6,1.9635E-5,6.4E-7,2.4000000000000003E-7,M1,1.356E-5,1.269E-5,6.4E-7,2.4000000000000003E-7,M1,5.57E-6,2.0335E-5,2.4000000000000003E-7,6.4E-7,M1,4.84E-6,7.2E-7,6.4E-7,2.4000000000000003E-7,M1,4.23E-6,7.6E-7,1.01E-6,1.6E-7,M1,2.321E-5,1.365E-6,2.4000000000000003E-7,6.4E-7,M1,2.746E-5,2.005E-6,2.4000000000000003E-7,6.4E-7,M1,9.43E-6,5.565E-6,1.9200000000000003E-6,1.6E-7,M1,8.89E-6,3.145E-6,1.235E-6,1.6E-7,M1,9.725000000000001E-6,3.105E-6,6.4E-7,2.4000000000000003E-7,M1,2.655E-5,3.105E-6,6.4E-7,2.4000000000000003E-7,M1,2.289E-5,1.273E-5,1.6E-7,7.2E-7,M1,2.289E-5,1.329E-5,2.0E-7,1.6E-7,M1,1.668E-5,2.271E-5,2.28E-6,1.6E-7,M1,1.259E-5,1.273E-5,1.6E-7,7.2E-7,M1,1.255E-5,1.329E-5,2.0E-7,1.6E-7,M1,1.525E-5,1.449E-5,5.14E-6,1.6E-7,M1,2.014E-5,9.87E-6,2.4000000000000003E-7,6.4E-7,M1,2.0235000000000002E-5,1.269E-5,6.4E-7,2.4000000000000003E-7,M1,2.2285E-5,1.505E-5,2.25E-6,1.6E-7,M1,2.4375E-5,1.505E-5,1.6E-7,4.785E-6,M1,3.121E-5,7.2E-7,2.4000000000000003E-7,6.4E-7,M1,2.983E-5,2.0335E-5,2.4000000000000003E-7,6.4E-7,M1,1.219E-5,1.365E-6,2.4000000000000003E-7,6.4E-7,M1,7.94E-6,2.005E-6,2.4000000000000003E-7,6.4E-7,M1,1.429E-5,2.35E-6,1.6E-7,2.235E-6,M1,1.429E-5,4.425E-6,2.85E-7,1.6E-7,M1,2.429E-5,5.565E-6,1.9200000000000003E-6,1.6E-7,M1,3.105E-6,4.385E-6,6.4E-7,2.4000000000000003E-7,M1,2.1905E-5,1.1410000000000001E-5,6.4E-7,2.4000000000000003E-7,M1,2.465E-5,1.365E-6,1.6E-7,4.36E-6,M1,2.429E-5,5.565E-6,5.2E-7,1.6E-7,M1,1.083E-5,1.365E-6,1.6E-7,4.36E-6,M1,1.083E-5,5.565E-6,5.2E-7,1.6E-7,M2,1.878E-5,2.0795E-5,2.0E-7,6.0E-7,M2,1.878E-5,2.0795E-5,1.63E-6,2.0E-7,M2,2.021E-5,1.447E-5,2.0E-7,6.525E-6,M2,2.021E-5,1.407E-5,2.0E-7,6.0E-7,M2,3.498E-5,2.0795E-5,2.0E-7,6.0E-7,M2,3.498E-5,1.7235E-5,2.0E-7,3.76E-6,M2,3.498E-5,1.7235E-5,2.9000000000000003E-7,2.0E-7,M2,3.487E-5,1.7235E-5,6.0E-7,2.0E-7,M2,3.1855E-5,4.345E-6,7.2E-7,3.2E-7,M2,1.3055E-5,1.137E-5,7.2E-7,3.2E-7,M2,4.6E-7,2.0795E-5,2.0E-7,6.0E-7,M2,4.6E-7,1.7235E-5,2.0E-7,3.76E-6,M2,3.7E-7,1.7235E-5,2.9000000000000003E-7,2.0E-7,M2,1.7000000000000001E-7,1.7235E-5,6.0E-7,2.0E-7,M2,1.4725E-5,1.2650000000000001E-5,7.2E-7,3.2E-7,M2,1.522E-5,9.83E-6,3.2E-7,7.2E-7,M2,5.83E-6,1.9655E-5,6.0E-7,2.0E-7,M2,6.03E-6,1.9655E-5,7.95E-6,2.0E-7,M2,1.378E-5,1.271E-5,2.0E-7,7.145E-6,M2,1.358E-5,1.271E-5,6.0E-7,2.0E-7,M2,5.53E-6,2.0295E-5,3.2E-7,7.2E-7,M2,4.7300000000000005E-6,6.800000000000001E-7,1.12E-6,3.2E-7,M2,5.53E-6,6.800000000000001E-7,3.2E-7,1.12E-6,M2,5.06E-6,7.4E-7,7.3E-7,2.0E-7,M2,4.86E-6,7.4E-7,6.0E-7,2.0E-7,M2,2.323E-5,1.385E-6,2.0E-7,6.0E-7,M2,2.323E-5,1.785E-6,2.0E-7,8.4E-7,M2,2.323E-5,2.425E-6,4.45E-6,2.0E-7,M2,2.748E-5,2.025E-6,2.0E-7,6.0E-7,M2,9.745E-6,3.125E-6,6.0E-7,2.0E-7,M2,9.945E-6,3.125E-6,1.6825E-5,2.0E-7,M2,2.657E-5,3.125E-6,6.0E-7,2.0E-7,M2,2.01E-5,9.83E-6,3.2E-7,7.2E-7,M2,2.0195E-5,1.2650000000000001E-5,7.2E-7,3.2E-7,M2,3.123E-5,7.4E-7,2.0E-7,6.0E-7,M2,2.985E-5,7.4E-7,1.5800000000000001E-6,2.0E-7,M2,2.985E-5,7.4E-7,2.0E-7,1.9815E-5,M2,2.985E-5,2.0355E-5,2.0E-7,6.0E-7,M2,1.221E-5,1.385E-6,2.0E-7,6.0E-7,M2,1.221E-5,1.785E-6,2.0E-7,8.4E-7,M2,7.96E-6,2.425E-6,4.45E-6,2.0E-7,M2,7.96E-6,2.025E-6,2.0E-7,6.0E-7,M2,3.125E-6,4.405E-6,6.0E-7,2.0E-7,M2,3.325E-6,4.405E-6,1.9E-5,2.0E-7,M2,2.2125E-5,4.405E-6,2.0E-7,7.225E-6,M2,2.1925E-5,1.143E-5,6.0E-7,2.0E-7,M3,3.1915E-5,4.405E-6,6.0E-7,2.0E-7,M3,1.3315E-5,4.405E-6,1.9E-5,2.0E-7,M3,1.3315E-5,4.405E-6,2.0E-7,7.225E-6,M3,1.3115E-5,1.143E-5,6.0E-7,2.0E-7,M3,1.4785E-5,1.271E-5,6.0E-7,2.0E-7,M3,1.4985E-5,1.029E-5,2.0E-7,2.62E-6,M3,1.4985E-5,1.029E-5,4.95E-7,2.0E-7,M3,1.528E-5,9.89E-6,2.0E-7,6.0E-7,M3,5.59E-6,2.0355E-5,2.0E-7,6.0E-7,M3,5.59E-6,7.4E-7,2.0E-7,1.9815E-5,M3,4.79E-6,7.4E-7,1.0E-6,2.0E-7,M3,5.59E-6,7.4E-7,2.0E-7,1.0E-6,M3,2.016E-5,9.89E-6,2.0E-7,6.0E-7,M3,2.016E-5,1.029E-5,2.0E-7,2.62E-6,M3,2.016E-5,1.271E-5,4.95E-7,2.0E-7,M3,2.0255000000000002E-5,1.271E-5,6.0E-7,2.0E-7,
M1,3.066E-5,9.43E-6,6.4E-7,2.4000000000000003E-7,M1,3.091E-5,4.2900000000000004E-6,2.4000000000000003E-7,6.4E-7,M1,1.972E-5,9.43E-6,6.4E-7,2.4000000000000003E-7,M1,1.987E-5,4.2900000000000004E-6,2.4000000000000003E-7,6.4E-7,M1,3.125E-5,9.47E-6,1.6E-7,8.6E-7,M1,3.1140000000000003E-5,9.47E-6,2.7E-7,1.6E-7,M1,3.117E-5,1.2055E-5,6.4E-7,2.4000000000000003E-7,M1,3.329E-5,1.509E-5,6.4E-7,2.4000000000000003E-7,M1,3.353E-5,1.513E-5,1.81E-6,1.6E-7,M1,3.978E-5,1.82E-6,2.4000000000000003E-7,6.4E-7,M1,3.419E-5,1.365E-6,2.4000000000000003E-7,6.4E-7,M1,3.274E-5,5.65E-7,2.4000000000000003E-7,6.4E-7,M1,3.227E-5,4.7300000000000005E-6,2.4000000000000003E-7,6.4E-7,M1,5.034E-5,1.623E-5,2.4000000000000003E-7,6.4E-7,M1,5.0600000000000003E-5,1.227E-5,2.4000000000000003E-7,6.4E-7,M1,3.748E-5,2.0E-8,6.4E-7,2.4000000000000003E-7,M1,1.29E-5,2.0E-8,6.4E-7,2.4000000000000003E-7,M1,3.167E-5,3.63E-6,2.8E-7,1.6E-7,M1,3.167E-5,2.35E-6,1.6E-7,1.44E-6,M1,3.231E-5,5.38E-6,1.9200000000000003E-6,1.6E-7,M1,3.231E-5,4.77E-6,1.6E-7,7.7E-7,M1,4.4E-7,1.623E-5,2.4000000000000003E-7,6.4E-7,M1,1.8E-7,1.227E-5,2.4000000000000003E-7,6.4E-7,M1,3.455E-5,1.381E-5,6.4E-7,2.4000000000000003E-7,M1,2.385E-5,8.15E-6,6.4E-7,2.4000000000000003E-7,M1,3.714E-5,1.3800000000000001E-6,2.4000000000000003E-7,6.4E-7,M1,3.768E-5,1.579E-5,2.4000000000000003E-7,6.4E-7,M1,3.209E-5,1.0955000000000001E-5,2.4000000000000003E-7,6.4E-7,M1,3.209E-5,1.623E-5,1.04E-6,2.4000000000000003E-7,M1,3.209E-5,1.543E-5,2.4000000000000003E-7,1.04E-6,M1,3.213E-5,1.6270000000000002E-5,2.69E-6,1.6E-7,M1,1.972E-5,9.47E-6,1.6E-7,8.6E-7,M1,1.961E-5,1.0170000000000001E-5,2.7E-7,1.6E-7,M1,2.6530000000000002E-5,8.15E-6,6.4E-7,2.4000000000000003E-7,M1,1.583E-5,1.381E-5,6.4E-7,2.4000000000000003E-7,M1,1.62E-5,1.6270000000000002E-5,2.69E-6,1.6E-7,M1,1.8730000000000002E-5,1.1395E-5,1.6E-7,5.035E-6,M1,1.659E-5,1.365E-6,2.4000000000000003E-7,6.4E-7,M1,1.1E-5,1.82E-6,2.4000000000000003E-7,6.4E-7,M1,1.364E-5,1.3800000000000001E-6,2.4000000000000003E-7,6.4E-7,M1,1.31E-5,1.579E-5,2.4000000000000003E-7,6.4E-7,M1,1.679E-5,5.38E-6,1.9200000000000003E-6,1.6E-7,M1,1.855E-5,4.77E-6,1.6E-7,7.7E-7,M1,1.804E-5,5.65E-7,2.4000000000000003E-7,6.4E-7,M1,1.851E-5,4.7300000000000005E-6,2.4000000000000003E-7,6.4E-7,M1,1.9810000000000002E-5,1.805E-6,1.1400000000000001E-5,1.6E-7,M1,1.9070000000000002E-5,3.63E-6,2.8E-7,1.6E-7,M1,1.919E-5,2.35E-6,1.6E-7,1.44E-6,M1,2.031E-5,1.1395E-5,1.04E-5,1.6E-7,M1,1.921E-5,1.2055E-5,6.4E-7,2.4000000000000003E-7,M1,1.709E-5,1.509E-5,6.4E-7,2.4000000000000003E-7,M1,1.568E-5,1.513E-5,1.81E-6,1.6E-7,M2,3.068E-5,9.450000000000001E-6,6.0E-7,2.0E-7,M2,3.088E-5,4.31E-6,2.0E-7,5.34E-6,M2,3.088E-5,4.31E-6,2.5E-7,2.0E-7,M2,3.0930000000000004E-5,4.31E-6,2.0E-7,6.0E-7,M2,1.974E-5,9.450000000000001E-6,6.0E-7,2.0E-7,M2,1.994E-5,4.31E-6,2.0E-7,5.34E-6,M2,1.989E-5,4.31E-6,2.5E-7,2.0E-7,M2,1.989E-5,4.31E-6,2.0E-7,6.0E-7,M2,3.113E-5,1.2015000000000001E-5,7.2E-7,3.2E-7,M2,3.325E-5,1.505E-5,7.2E-7,3.2E-7,M2,3.974E-5,1.7800000000000001E-6,3.2E-7,7.2E-7,M2,3.415E-5,1.325E-6,3.2E-7,7.2E-7,M2,3.276E-5,5.85E-7,2.0E-7,6.0E-7,M2,3.276E-5,5.85E-7,2.0E-7,4.365E-6,M2,3.229E-5,4.75E-6,6.7E-7,2.0E-7,M2,3.229E-5,4.75E-6,2.0E-7,6.0E-7,M2,5.036E-5,1.6250000000000002E-5,2.0E-7,6.0E-7,M2,5.036E-5,1.269E-5,2.0E-7,3.76E-6,M2,5.036E-5,1.269E-5,4.6E-7,2.0E-7,M2,5.062E-5,1.2290000000000001E-5,2.0E-7,6.0E-7,M2,3.7500000000000003E-5,4.0E-8,6.0E-7,2.0E-7,M2,1.332E-5,4.0E-8,2.438E-5,2.0E-7,M2,1.292E-5,4.0E-8,6.0E-7,2.0E-7,M2,4.6E-7,1.6250000000000002E-5,2.0E-7,6.0E-7,M2,4.6E-7,1.269E-5,2.0E-7,3.76E-6,M2,2.0E-7,1.269E-5,4.6E-7,2.0E-7,M2,2.0E-7,1.2290000000000001E-5,2.0E-7,6.0E-7,M2,3.457E-5,1.383E-5,6.0E-7,2.0E-7,M2,3.457E-5,8.72E-6,2.0E-7,5.31E-6,M2,3.451E-5,8.46E-6,3.2E-7,7.2E-7,M2,2.381E-5,8.11E-6,7.2E-7,3.2E-7,M2,3.716E-5,1.4E-6,2.0E-7,6.0E-7,M2,3.716E-5,1.8000000000000001E-6,7.4E-7,2.0E-7,M2,3.77E-5,1.8000000000000001E-6,2.0E-7,1.421E-5,M2,3.77E-5,1.581E-5,2.0E-7,6.0E-7,M2,3.211E-5,1.0975E-5,2.0E-7,6.0E-7,M2,3.211E-5,1.1375E-5,2.0E-7,5.075E-6,M2,3.211E-5,1.6250000000000002E-5,1.0E-6,2.0E-7,M2,3.211E-5,1.545E-5,2.0E-7,1.0E-6,M2,2.6490000000000002E-5,8.11E-6,7.2E-7,3.2E-7,M2,1.579E-5,1.377E-5,7.2E-7,3.2E-7,M2,1.655E-5,1.325E-6,3.2E-7,7.2E-7,M2,1.096E-5,1.7800000000000001E-6,3.2E-7,7.2E-7,M2,1.366E-5,1.4E-6,2.0E-7,6.0E-7,M2,1.312E-5,1.8000000000000001E-6,7.4E-7,2.0E-7,M2,1.312E-5,1.8000000000000001E-6,2.0E-7,1.421E-5,M2,1.312E-5,1.581E-5,2.0E-7,6.0E-7,M2,1.806E-5,5.85E-7,2.0E-7,6.0E-7,M2,1.806E-5,5.85E-7,2.0E-7,4.365E-6,M2,1.806E-5,4.75E-6,6.7E-7,2.0E-7,M2,1.853E-5,4.75E-6,2.0E-7,6.0E-7,M2,1.917E-5,1.2015000000000001E-5,7.2E-7,3.2E-7,M2,1.705E-5,1.505E-5,7.2E-7,3.2E-7,M3,3.119E-5,1.2075E-5,6.0E-7,2.0E-7,M3,3.159E-5,1.2075E-5,2.0E-7,3.235E-6,M3,3.159E-5,1.5110000000000001E-5,2.12E-6,2.0E-7,M3,3.331E-5,1.5110000000000001E-5,6.0E-7,2.0E-7,M3,3.98E-5,1.84E-6,2.0E-7,6.0E-7,M3,3.98E-5,1.785E-6,2.0E-7,6.55E-7,M3,3.421E-5,1.785E-6,5.7900000000000005E-6,2.0E-7,M3,3.421E-5,1.385E-6,2.0E-7,6.0E-7,M3,3.451E-5,8.46E-6,3.2E-7,7.2E-7,M3,2.381E-5,8.11E-6,7.2E-7,3.2E-7,M3,2.655E-5,8.17E-6,6.0E-7,2.0E-7,M3,2.655E-5,8.17E-6,2.0E-7,7.55E-7,M3,2.655E-5,8.725E-6,2.0E-7,5.305E-6,M3,2.6490000000000002E-5,1.297E-5,3.2E-7,1.12E-6,M3,2.569E-5,1.377E-5,1.12E-6,3.2E-7,M3,1.579E-5,1.377E-5,7.2E-7,3.2E-7,M3,1.6610000000000002E-5,1.385E-6,2.0E-7,6.0E-7,M3,1.102E-5,1.785E-6,5.7900000000000005E-6,2.0E-7,M3,1.102E-5,1.785E-6,2.0E-7,6.55E-7,M3,1.102E-5,1.84E-6,2.0E-7,6.0E-7,M3,1.923E-5,1.2075E-5,6.0E-7,2.0E-7,M3,1.923E-5,1.2075E-5,2.0E-7,3.235E-6,M3,1.7310000000000002E-5,1.5110000000000001E-5,2.12E-6,2.0E-7,M3,1.711E-5,1.5110000000000001E-5,6.0E-7,2.0E-7,M4,3.457E-5,8.52E-6,2.0E-7,6.0E-7,M4,3.457E-5,8.17E-6,2.0E-7,7.5E-7,M4,3.371E-5,8.11E-6,1.12E-6,3.2E-7,M4,3.451E-5,8.11E-6,3.2E-7,1.12E-6,M4,2.381E-5,8.11E-6,7.2E-7,3.2E-7,M4,2.655E-5,1.303E-5,2.0E-7,1.0E-6,M4,2.575E-5,1.383E-5,1.0E-6,2.0E-7,M4,1.6250000000000002E-5,1.383E-5,1.05E-5,2.0E-7,M4,1.585E-5,1.383E-5,6.0E-7,2.0E-7,M5,3.3770000000000004E-5,8.17E-6,1.0E-6,2.0E-7,M5,3.457E-5,8.17E-6,2.0E-7,1.0E-6,M5,2.427E-5,8.17E-6,1.05E-5,2.0E-7,M5,2.387E-5,8.17E-6,6.0E-7,2.0E-7,
M1,4.015E-5,4.38E-6,2.4000000000000003E-7,6.4E-7,M1,3.985E-5,1.4410000000000001E-5,6.4E-7,2.4000000000000003E-7,M1,3.68E-5,2.0E-8,6.4E-7,2.4000000000000003E-7,M1,2.084E-5,2.0E-8,6.4E-7,2.4000000000000003E-7,M1,2.275E-5,3.72E-6,1.17E-6,1.6E-7,M1,2.376E-5,2.35E-6,1.6E-7,1.53E-6,M1,4.179E-5,1.6440000000000002E-5,1.6E-7,1.45E-6,M1,4.179E-5,1.773E-5,3.09E-6,1.6E-7,M1,4.08E-5,1.515E-5,2.7E-7,1.6E-7,M1,4.08E-5,1.445E-5,1.6E-7,8.6E-7,M1,3.1825E-5,2.35E-6,1.6E-7,1.098E-5,M1,1.191E-5,1.3170000000000001E-5,2.0075E-5,1.6E-7,M1,1.8E-7,1.159E-5,2.4000000000000003E-7,6.4E-7,M1,4.4E-7,1.5550000000000002E-5,2.4000000000000003E-7,6.4E-7,M1,3.476E-5,9.25E-7,2.4000000000000003E-7,6.4E-7,M1,3.628E-5,8.14E-6,2.4000000000000003E-7,6.4E-7,M1,3.334E-5,1.85E-6,5.48E-6,1.6E-7,M1,3.334E-5,1.805E-6,1.6E-7,2.05E-7,M1,1.397E-5,1.445E-5,3.04E-6,1.6E-7,M1,1.633E-5,1.6440000000000002E-5,1.6E-7,1.45E-6,M1,1.34E-5,1.773E-5,3.09E-6,1.6E-7,M1,2.474E-5,1.365E-6,2.4000000000000003E-7,6.4E-7,M1,2.2275E-5,1.81E-6,6.4E-7,2.4000000000000003E-7,M1,1.946E-5,1.85E-6,3.215E-6,1.6E-7,M1,1.47E-5,4.86E-6,1.9200000000000003E-6,1.6E-7,M1,1.791E-5,1.6440000000000002E-5,2.2460000000000002E-5,1.6E-7,M1,5.786E-5,1.159E-5,2.4000000000000003E-7,6.4E-7,M1,5.7600000000000004E-5,1.5550000000000002E-5,2.4000000000000003E-7,6.4E-7,M1,2.6055E-5,2.31E-6,6.4E-7,2.4000000000000003E-7,M1,4.597E-5,1.313E-5,6.4E-7,2.4000000000000003E-7,M1,4.127E-5,1.445E-5,3.04E-6,1.6E-7,M1,2.328E-5,9.25E-7,2.4000000000000003E-7,6.4E-7,M1,2.1760000000000002E-5,8.14E-6,2.4000000000000003E-7,6.4E-7,M1,1.063E-5,1.5110000000000001E-5,2.4000000000000003E-7,6.4E-7,M1,1.234E-5,6.1E-7,2.4000000000000003E-7,6.4E-7,M1,1.789E-5,4.38E-6,2.4000000000000003E-7,6.4E-7,M1,1.779E-5,1.4410000000000001E-5,6.4E-7,2.4000000000000003E-7,M1,1.721E-5,1.515E-5,2.7E-7,1.6E-7,M1,1.732E-5,1.445E-5,1.6E-7,8.6E-7,M1,4.741E-5,1.5110000000000001E-5,2.4000000000000003E-7,6.4E-7,M1,4.57E-5,6.1E-7,2.4000000000000003E-7,6.4E-7,M1,4.166E-5,4.86E-6,1.9200000000000003E-6,1.6E-7,M1,2.818E-5,1.805E-6,1.9200000000000003E-6,1.6E-7,M1,3.436E-5,3.72E-6,1.17E-6,1.6E-7,M1,3.436E-5,2.35E-6,1.6E-7,1.53E-6,M2,4.011E-5,4.34E-6,3.2E-7,7.2E-7,M2,3.981E-5,1.437E-5,7.2E-7,3.2E-7,M2,3.682E-5,4.0E-8,6.0E-7,2.0E-7,M2,2.126E-5,4.0E-8,1.576E-5,2.0E-7,M2,2.086E-5,4.0E-8,6.0E-7,2.0E-7,M2,1.4E-7,1.155E-5,3.2E-7,7.2E-7,M2,4.0E-7,1.551E-5,3.2E-7,7.2E-7,M2,3.472E-5,8.85E-7,3.2E-7,7.2E-7,M2,3.624E-5,8.1E-6,3.2E-7,7.2E-7,M2,2.476E-5,1.385E-6,2.0E-7,6.0E-7,M2,2.476E-5,1.785E-6,2.0E-7,2.45E-7,M2,2.2495E-5,1.83E-6,2.465E-6,2.0E-7,M2,2.2295E-5,1.83E-6,6.0E-7,2.0E-7,M2,5.782E-5,1.155E-5,3.2E-7,7.2E-7,M2,5.7560000000000005E-5,1.551E-5,3.2E-7,7.2E-7,M2,2.6075E-5,2.33E-6,6.0E-7,2.0E-7,M2,2.6275000000000002E-5,2.33E-6,2.0E-7,1.102E-5,M2,2.6275000000000002E-5,1.315E-5,2.0115E-5,2.0E-7,M2,4.599E-5,1.315E-5,6.0E-7,2.0E-7,M2,2.324E-5,8.85E-7,3.2E-7,7.2E-7,M2,2.1720000000000002E-5,8.1E-6,3.2E-7,7.2E-7,M2,1.065E-5,1.513E-5,2.0E-7,6.0E-7,M2,1.065E-5,1.513E-5,7.2E-7,2.0E-7,M2,1.117E-5,6.3E-7,2.0E-7,1.47E-5,M2,1.117E-5,6.3E-7,1.39E-6,2.0E-7,M2,1.236E-5,6.3E-7,2.0E-7,6.0E-7,M2,1.785E-5,4.34E-6,3.2E-7,7.2E-7,M2,1.775E-5,1.437E-5,7.2E-7,3.2E-7,M2,4.743E-5,1.513E-5,2.0E-7,6.0E-7,M2,4.691E-5,1.513E-5,7.2E-7,2.0E-7,M2,4.691E-5,6.3E-7,2.0E-7,1.47E-5,M2,4.572E-5,6.3E-7,1.39E-6,2.0E-7,M2,4.572E-5,6.3E-7,2.0E-7,6.0E-7,M3,4.017E-5,4.4E-6,2.0E-7,6.0E-7,M3,4.007E-5,4.4E-6,3.0E-7,2.0E-7,M3,4.007E-5,4.4E-6,2.0E-7,1.023E-5,M3,3.987E-5,1.443E-5,6.0E-7,2.0E-7,M3,2.0E-7,1.161E-5,2.0E-7,6.0E-7,M3,2.0E-7,1.201E-5,4.6E-7,2.0E-7,M3,4.6E-7,1.201E-5,2.0E-7,3.76E-6,M3,4.6E-7,1.5570000000000002E-5,2.0E-7,6.0E-7,M3,3.478E-5,9.450000000000001E-7,2.0E-7,6.0E-7,M3,3.478E-5,1.345E-6,1.72E-6,2.0E-7,M3,3.63E-5,1.345E-6,2.0E-7,7.415E-6,M3,3.63E-5,8.16E-6,2.0E-7,6.0E-7,M3,5.788E-5,1.161E-5,2.0E-7,6.0E-7,M3,5.762E-5,1.201E-5,4.6E-7,2.0E-7,M3,5.762E-5,1.201E-5,2.0E-7,3.76E-6,M3,5.762E-5,1.5570000000000002E-5,2.0E-7,6.0E-7,M3,2.33E-5,9.450000000000001E-7,2.0E-7,6.0E-7,M3,2.178E-5,1.345E-6,1.72E-6,2.0E-7,M3,2.178E-5,1.345E-6,2.0E-7,7.415E-6,M3,2.178E-5,8.16E-6,2.0E-7,6.0E-7,M3,1.791E-5,4.4E-6,2.0E-7,6.0E-7,M3,1.791E-5,4.4E-6,3.0E-7,2.0E-7,M3,1.8010000000000002E-5,4.4E-6,2.0E-7,1.023E-5,M3,1.781E-5,1.443E-5,6.0E-7,2.0E-7,
M1,1.997E-5,1.164E-5,2.4000000000000003E-7,6.4E-7,M1,1.917E-5,5.0E-7,1.04E-6,2.4000000000000003E-7,M1,1.997E-5,5.0E-7,2.4000000000000003E-7,1.04E-6,M1,1.976E-5,5.4E-7,4.1E-7,1.6E-7,M1,3.117E-5,2.0700000000000002E-5,1.6E-7,8.6E-7,M1,3.106E-5,2.0700000000000002E-5,2.7E-7,1.6E-7,M1,3.734E-5,1.9200000000000003E-6,2.4000000000000003E-7,6.4E-7,M1,3.189E-5,1.3E-6,2.4000000000000003E-7,6.4E-7,M1,2.4750000000000002E-5,2.22E-6,1.6E-7,2.28E-6,M1,2.4390000000000002E-5,2.22E-6,5.2E-7,1.6E-7,M1,1.8E-7,1.6845E-5,2.4000000000000003E-7,6.4E-7,M1,1.8E-7,2.0805E-5,1.04E-6,2.4000000000000003E-7,M1,1.8E-7,2.0005E-5,2.4000000000000003E-7,1.04E-6,M1,2.2E-7,2.0845E-5,4.2E-7,1.6E-7,M1,3.437E-5,2.3945000000000002E-5,6.4E-7,2.4000000000000003E-7,M1,3.109E-5,2.3285E-5,6.4E-7,2.4000000000000003E-7,M1,1.082E-5,2.2845E-5,2.4000000000000003E-7,6.4E-7,M1,1.3690000000000001E-5,2.2185000000000002E-5,2.4000000000000003E-7,6.4E-7,M1,4.5260000000000004E-5,2.0805E-5,2.4000000000000003E-7,6.4E-7,M1,4.552E-5,1.6845E-5,2.4000000000000003E-7,6.4E-7,M1,1.381E-5,1.3E-6,2.4000000000000003E-7,6.4E-7,M1,8.36E-6,1.9200000000000003E-6,2.4000000000000003E-7,6.4E-7,M1,3.201E-5,2.2185000000000002E-5,2.4000000000000003E-7,6.4E-7,M1,3.488E-5,2.2845E-5,2.4000000000000003E-7,6.4E-7,M1,2.4370000000000002E-5,1.828E-5,2.4000000000000003E-7,6.4E-7,M1,3.0070000000000002E-5,2.0660000000000002E-5,6.4E-7,2.4000000000000003E-7,M1,3.57E-5,2.0E-8,6.4E-7,2.4000000000000003E-7,M1,8.26E-6,2.0E-8,6.4E-7,2.4000000000000003E-7,M1,2.103E-5,2.22E-6,1.6E-7,2.28E-6,M1,2.103E-5,2.22E-6,5.2E-7,1.6E-7,M1,1.548E-5,5.0E-6,2.4000000000000003E-7,6.4E-7,M1,3.0220000000000002E-5,5.0E-6,2.4000000000000003E-7,6.4E-7,M1,2.471E-5,4.3E-6,6.4E-7,2.4000000000000003E-7,M1,1.729E-5,1.8385E-5,6.4E-7,2.4000000000000003E-7,M1,1.472E-5,2.0700000000000002E-5,1.6E-7,8.6E-7,M1,1.461E-5,2.1400000000000002E-5,2.7E-7,1.6E-7,M1,1.825E-5,5.48E-6,1.9200000000000003E-6,1.6E-7,M1,2.001E-5,5.04E-6,1.6E-7,6.0E-7,M1,6.38E-6,7.2E-7,2.4000000000000003E-7,6.4E-7,M1,6.57E-6,2.0365E-5,2.4000000000000003E-7,6.4E-7,M1,3.913E-5,2.0365E-5,2.4000000000000003E-7,6.4E-7,M1,3.932E-5,7.2E-7,2.4000000000000003E-7,6.4E-7,M1,1.421E-5,2.3285E-5,6.4E-7,2.4000000000000003E-7,M1,1.133E-5,2.3285E-5,2.4000000000000003E-7,1.04E-6,M1,1.133E-5,2.3285E-5,1.04E-6,2.4000000000000003E-7,M1,1.137E-5,2.3325E-5,1.6E-7,8.2E-7,M1,2.059E-5,4.3E-6,6.4E-7,2.4000000000000003E-7,M1,2.801E-5,1.8385E-5,6.4E-7,2.4000000000000003E-7,M1,2.577E-5,5.4E-7,4.1E-7,1.6E-7,M1,2.573E-5,5.0E-7,2.4000000000000003E-7,1.04E-6,M1,2.573E-5,5.0E-7,1.04E-6,2.4000000000000003E-7,M1,2.573E-5,1.164E-5,2.4000000000000003E-7,6.4E-7,M1,2.573E-5,5.0E-6,2.4000000000000003E-7,6.4E-7,M1,2.749E-5,5.4400000000000004E-6,2.4000000000000003E-7,6.4E-7,M1,1.523E-5,2.0660000000000002E-5,6.4E-7,2.4000000000000003E-7,M1,2.133E-5,1.828E-5,2.4000000000000003E-7,6.4E-7,M1,2.201E-5,9.8E-7,1.9200000000000003E-6,1.6E-7,M2,1.999E-5,1.166E-5,2.0E-7,6.0E-7,M2,1.999E-5,5.2E-7,2.0E-7,1.154E-5,M2,1.919E-5,5.2E-7,1.0E-6,2.0E-7,M2,1.999E-5,5.2E-7,2.0E-7,1.0E-6,M2,3.73E-5,1.88E-6,3.2E-7,7.2E-7,M2,3.185E-5,1.26E-6,3.2E-7,7.2E-7,M2,2.0E-7,1.6865000000000002E-5,2.0E-7,6.0E-7,M2,2.0E-7,1.7265E-5,2.0E-7,3.76E-6,M2,2.0E-7,2.0825E-5,1.0E-6,2.0E-7,M2,2.0E-7,2.0025E-5,2.0E-7,1.0E-6,M2,3.439E-5,2.3965000000000002E-5,6.0E-7,2.0E-7,M2,3.439E-5,2.3305E-5,2.0E-7,8.6E-7,M2,3.151E-5,2.3305E-5,3.08E-6,2.0E-7,M2,3.111E-5,2.3305E-5,6.0E-7,2.0E-7,M2,1.078E-5,2.2805E-5,3.2E-7,7.2E-7,M2,1.365E-5,2.2145E-5,3.2E-7,7.2E-7,M2,4.5220000000000004E-5,2.0765000000000002E-5,3.2E-7,7.2E-7,M2,4.548E-5,1.6805E-5,3.2E-7,7.2E-7,M2,1.377E-5,1.26E-6,3.2E-7,7.2E-7,M2,8.32E-6,1.88E-6,3.2E-7,7.2E-7,M2,3.197E-5,2.2145E-5,3.2E-7,7.2E-7,M2,3.484E-5,2.2805E-5,3.2E-7,7.2E-7,M2,2.433E-5,1.824E-5,3.2E-7,7.2E-7,M2,2.433E-5,2.062E-5,1.12E-6,3.2E-7,M2,2.433E-5,1.982E-5,3.2E-7,1.12E-6,M2,2.4390000000000002E-5,2.0680000000000002E-5,5.9E-6,2.0E-7,M2,3.009E-5,2.0680000000000002E-5,6.0E-7,2.0E-7,M2,3.5720000000000004E-5,4.0E-8,6.0E-7,2.0E-7,M2,8.48E-6,4.0E-8,2.744E-5,2.0E-7,M2,8.28E-6,4.0E-8,6.0E-7,2.0E-7,M2,1.544E-5,4.96E-6,3.2E-7,7.2E-7,M2,3.018E-5,4.96E-6,3.2E-7,7.2E-7,M2,2.467E-5,4.26E-6,7.2E-7,3.2E-7,M2,1.765E-5,5.515E-6,3.2E-7,1.12E-6,M2,1.765E-5,5.515E-6,1.12E-6,3.2E-7,M2,1.771E-5,5.575E-6,2.0E-7,1.303E-5,M2,1.7310000000000002E-5,1.8405E-5,6.0E-7,2.0E-7,M2,6.4E-6,7.4E-7,2.0E-7,6.0E-7,M2,6.4E-6,7.4E-7,3.9E-7,2.0E-7,M2,6.5900000000000004E-6,7.4E-7,2.0E-7,1.9845E-5,M2,6.5900000000000004E-6,2.0385E-5,2.0E-7,6.0E-7,M2,3.915E-5,2.0385E-5,2.0E-7,6.0E-7,M2,3.915E-5,7.4E-7,2.0E-7,1.9845E-5,M2,3.915E-5,7.4E-7,3.9E-7,2.0E-7,M2,3.934E-5,7.4E-7,2.0E-7,6.0E-7,M2,1.4230000000000001E-5,2.3305E-5,6.0E-7,2.0E-7,M2,1.135E-5,2.3305E-5,3.08E-6,2.0E-7,M2,1.135E-5,2.3305E-5,2.0E-7,1.0E-6,M2,1.135E-5,2.3305E-5,1.0E-6,2.0E-7,M2,2.055E-5,4.26E-6,7.2E-7,3.2E-7,M2,2.797E-5,1.8345E-5,7.2E-7,3.2E-7,M2,2.569E-5,4.6E-7,3.2E-7,1.12E-6,M2,2.569E-5,4.6E-7,1.12E-6,3.2E-7,M2,2.569E-5,1.16E-5,3.2E-7,7.2E-7,M2,2.575E-5,5.02E-6,2.0E-7,6.0E-7,M2,2.575E-5,5.02E-6,2.0E-7,6.4E-7,M2,2.575E-5,5.46E-6,1.96E-6,2.0E-7,M2,2.751E-5,5.46E-6,2.0E-7,6.0E-7,M2,1.519E-5,2.062E-5,7.2E-7,3.2E-7,M2,2.129E-5,1.824E-5,3.2E-7,7.2E-7,M3,3.736E-5,1.94E-6,2.0E-7,6.0E-7,M3,3.191E-5,2.34E-6,5.65E-6,2.0E-7,M3,3.191E-5,1.72E-6,2.0E-7,8.2E-7,M3,3.191E-5,1.32E-6,2.0E-7,6.0E-7,M3,1.084E-5,2.2865000000000002E-5,2.0E-7,6.0E-7,M3,1.084E-5,2.3265000000000002E-5,3.0700000000000003E-6,2.0E-7,M3,1.3710000000000001E-5,2.2605E-5,2.0E-7,8.6E-7,M3,1.3710000000000001E-5,2.2205000000000002E-5,2.0E-7,6.0E-7,M3,4.528E-5,2.0825E-5,2.0E-7,6.0E-7,M3,4.528E-5,2.0825E-5,4.6E-7,2.0E-7,M3,4.554E-5,1.7265E-5,2.0E-7,3.76E-6,M3,4.554E-5,1.6865000000000002E-5,2.0E-7,6.0E-7,M3,1.383E-5,1.32E-6,2.0E-7,6.0E-7,M3,1.383E-5,1.72E-6,2.0E-7,8.2E-7,M3,8.38E-6,2.34E-6,5.65E-6,2.0E-7,M3,8.38E-6,1.94E-6,2.0E-7,6.0E-7,M3,3.203E-5,2.2205000000000002E-5,2.0E-7,6.0E-7,M3,3.203E-5,2.2605E-5,2.0E-7,8.6E-7,M3,3.203E-5,2.3265000000000002E-5,2.995E-6,2.0E-7,M3,3.4825E-5,2.3265000000000002E-5,2.75E-7,2.0E-7,M3,3.49E-5,2.2865000000000002E-5,2.0E-7,6.0E-7,M3,2.4390000000000002E-5,1.83E-5,2.0E-7,6.0E-7,M3,2.4390000000000002E-5,1.87E-5,2.0E-7,2.18E-6,M3,2.4390000000000002E-5,2.0680000000000002E-5,1.0E-6,2.0E-7,M3,2.4390000000000002E-5,1.988E-5,2.0E-7,1.0E-6,M3,1.55E-5,5.02E-6,2.0E-7,6.0E-7,M3,1.55E-5,5.02E-6,1.4940000000000001E-5,2.0E-7,M3,3.0240000000000002E-5,5.02E-6,2.0E-7,6.0E-7,M3,2.467E-5,4.26E-6,7.2E-7,3.2E-7,M3,1.765E-5,5.515E-6,3.2E-7,1.12E-6,M3,1.765E-5,5.515E-6,1.12E-6,3.2E-7,M3,2.055E-5,4.26E-6,7.2E-7,3.2E-7,M3,2.717E-5,5.47E-6,1.12E-6,3.2E-7,M3,2.797E-5,5.47E-6,3.2E-7,1.12E-6,M3,2.803E-5,5.53E-6,2.0E-7,1.3075000000000001E-5,M3,2.803E-5,1.8405E-5,6.0E-7,2.0E-7,M3,2.569E-5,4.6E-7,3.2E-7,1.12E-6,M3,2.569E-5,4.6E-7,1.12E-6,3.2E-7,M3,2.569E-5,1.16E-5,3.2E-7,7.2E-7,M3,1.519E-5,2.062E-5,7.2E-7,3.2E-7,M3,2.129E-5,1.982E-5,3.2E-7,1.12E-6,M3,2.0490000000000002E-5,2.062E-5,1.12E-6,3.2E-7,M3,2.135E-5,1.87E-5,2.0E-7,2.18E-6,M3,2.135E-5,1.83E-5,2.0E-7,6.0E-7,M4,2.4730000000000002E-5,4.32E-6,6.0E-7,2.0E-7,M4,2.4730000000000002E-5,4.32E-6,2.0E-7,1.455E-6,M4,1.771E-5,5.575E-6,7.22E-6,2.0E-7,M4,1.771E-5,5.575E-6,2.0E-7,1.0E-6,M4,1.771E-5,5.575E-6,1.0E-6,2.0E-7,M4,2.055E-5,4.26E-6,7.2E-7,3.2E-7,M4,2.717E-5,5.47E-6,1.12E-6,3.2E-7,M4,2.797E-5,5.47E-6,3.2E-7,1.12E-6,M4,2.575E-5,5.2E-7,2.0E-7,1.0E-6,M4,2.575E-5,5.2E-7,1.0E-6,2.0E-7,M4,2.575E-5,5.2E-7,2.0E-7,1.154E-5,M4,2.575E-5,1.166E-5,2.0E-7,6.0E-7,M4,1.525E-5,2.0680000000000002E-5,6.0E-7,2.0E-7,M4,1.565E-5,2.0680000000000002E-5,5.9E-6,2.0E-7,M4,2.135E-5,1.988E-5,2.0E-7,1.0E-6,M4,2.055E-5,2.0680000000000002E-5,1.0E-6,2.0E-7,M5,2.061E-5,4.32E-6,6.0E-7,2.0E-7,M5,2.101E-5,4.32E-6,2.0E-7,1.41E-6,M5,2.101E-5,5.53E-6,7.22E-6,2.0E-7,M5,2.7230000000000002E-5,5.53E-6,1.0E-6,2.0E-7,M5,2.803E-5,5.53E-6,2.0E-7,1.0E-6,
M1,4.0980000000000004E-5,1.32E-6,2.4000000000000003E-7,6.4E-7,M1,3.544E-5,1.365E-6,2.4000000000000003E-7,6.4E-7,M1,1.8E-7,1.1410000000000001E-5,2.4000000000000003E-7,6.4E-7,M1,4.4E-7,1.537E-5,2.4000000000000003E-7,6.4E-7,M1,4.619E-5,1.641E-5,2.4000000000000003E-7,6.4E-7,M1,1.629E-5,1.641E-5,2.4000000000000003E-7,6.4E-7,M1,1.397E-5,1.427E-5,3.04E-6,1.6E-7,M1,3.646E-5,2.35E-6,1.6E-7,1.44E-6,M1,3.646E-5,3.63E-6,7.27E-6,1.6E-7,M1,1.565E-5,4.7300000000000005E-6,2.4000000000000003E-7,6.4E-7,M1,2.5620000000000002E-5,3.9300000000000005E-6,2.4000000000000003E-7,1.04E-6,M1,2.482E-5,4.7300000000000005E-6,1.04E-6,2.4000000000000003E-7,M1,2.566E-5,1.365E-6,1.6E-7,3.565E-6,M1,3.3765E-5,2.31E-6,6.4E-7,2.4000000000000003E-7,M1,1.297E-5,1.295E-5,6.4E-7,2.4000000000000003E-7,M1,1.336E-5,1.711E-5,2.4000000000000003E-7,6.4E-7,M1,1.629E-5,1.641E-5,2.4000000000000003E-7,6.4E-7,M1,3.686E-5,9.25E-7,2.4000000000000003E-7,6.4E-7,M1,4.6830000000000004E-5,4.7300000000000005E-6,2.4000000000000003E-7,6.4E-7,M1,1.681E-5,1.4230000000000001E-5,6.4E-7,2.4000000000000003E-7,M1,1.717E-5,1.4930000000000001E-5,2.4000000000000003E-7,6.4E-7,M1,4.619E-5,1.641E-5,2.4000000000000003E-7,6.4E-7,M1,4.9120000000000004E-5,1.711E-5,2.4000000000000003E-7,6.4E-7,M1,6.23E-5,1.1410000000000001E-5,2.4000000000000003E-7,6.4E-7,M1,6.204E-5,1.537E-5,2.4000000000000003E-7,6.4E-7,M1,1.985E-5,1.044E-5,2.4000000000000003E-7,6.4E-7,M1,1.662E-5,1.4230000000000001E-5,6.4E-7,2.4000000000000003E-7,M1,4.571E-5,1.427E-5,3.04E-6,1.6E-7,M1,3.1600000000000002E-6,5.2E-7,2.4000000000000003E-7,6.4E-7,M1,3.35E-6,1.4930000000000001E-5,2.4000000000000003E-7,6.4E-7,M1,2.7040000000000002E-5,1.365E-6,2.4000000000000003E-7,6.4E-7,M1,2.15E-5,1.32E-6,2.4000000000000003E-7,6.4E-7,M1,2.318E-5,2.0E-8,6.4E-7,2.4000000000000003E-7,M1,4.829E-5,2.0E-8,6.4E-7,2.4000000000000003E-7,M1,4.853E-5,6.000000000000001E-8,1.9200000000000003E-6,1.6E-7,M1,1.8750000000000002E-5,3.59E-6,6.4E-7,2.4000000000000003E-7,M1,2.606E-5,2.31E-6,6.4E-7,2.4000000000000003E-7,M1,2.8315E-5,2.31E-6,6.4E-7,2.4000000000000003E-7,M1,4.911E-5,1.295E-5,6.4E-7,2.4000000000000003E-7,M1,4.531E-5,1.4930000000000001E-5,2.4000000000000003E-7,6.4E-7,M1,4.565E-5,1.4230000000000001E-5,6.4E-7,2.4000000000000003E-7,M1,4.546E-5,1.4230000000000001E-5,6.4E-7,2.4000000000000003E-7,M1,4.2630000000000004E-5,1.044E-5,2.4000000000000003E-7,6.4E-7,M1,3.04E-5,1.805E-6,1.9200000000000003E-6,1.6E-7,M1,5.932E-5,5.2E-7,2.4000000000000003E-7,6.4E-7,M1,5.913E-5,1.4930000000000001E-5,2.4000000000000003E-7,6.4E-7,M1,1.389E-5,4.6400000000000005E-6,2.4000000000000003E-7,6.4E-7,M1,1.565E-5,4.7300000000000005E-6,2.4000000000000003E-7,6.4E-7,M1,4.6830000000000004E-5,4.7300000000000005E-6,2.4000000000000003E-7,6.4E-7,M1,4.859E-5,4.6400000000000005E-6,2.4000000000000003E-7,6.4E-7,M2,4.094E-5,1.28E-6,3.2E-7,7.2E-7,M2,3.54E-5,1.325E-6,3.2E-7,7.2E-7,M2,1.4E-7,1.137E-5,3.2E-7,7.2E-7,M2,4.0E-7,1.533E-5,3.2E-7,7.2E-7,M2,4.621E-5,1.643E-5,2.0E-7,6.0E-7,M2,1.631E-5,1.683E-5,3.01E-5,2.0E-7,M2,1.631E-5,1.643E-5,2.0E-7,6.0E-7,M2,1.567E-5,4.75E-6,2.0E-7,6.0E-7,M2,1.567E-5,4.75E-6,1.0170000000000001E-5,2.0E-7,M2,2.5640000000000002E-5,3.95E-6,2.0E-7,1.0E-6,M2,2.484E-5,4.75E-6,1.0E-6,2.0E-7,M2,3.3785E-5,2.33E-6,6.0E-7,2.0E-7,M2,3.3985E-5,2.33E-6,2.0E-7,1.084E-5,M2,1.339E-5,1.297E-5,2.0795E-5,2.0E-7,M2,1.2990000000000001E-5,1.297E-5,6.0E-7,2.0E-7,M2,1.332E-5,1.707E-5,3.2E-7,7.2E-7,M2,1.6250000000000002E-5,1.637E-5,3.2E-7,7.2E-7,M2,3.688E-5,9.450000000000001E-7,2.0E-7,6.0E-7,M2,3.688E-5,1.345E-6,2.0E-7,3.6050000000000002E-6,M2,3.682E-5,4.69E-6,1.12E-6,3.2E-7,M2,3.682E-5,3.89E-6,3.2E-7,1.12E-6,M2,4.6790000000000004E-5,4.69E-6,3.2E-7,7.2E-7,M2,1.683E-5,1.425E-5,6.0E-7,2.0E-7,M2,1.683E-5,1.425E-5,2.0E-7,9.000000000000001E-7,M2,1.683E-5,1.4950000000000001E-5,5.6E-7,2.0E-7,M2,1.719E-5,1.4950000000000001E-5,2.0E-7,6.0E-7,M2,4.6150000000000004E-5,1.637E-5,3.2E-7,7.2E-7,M2,4.908E-5,1.707E-5,3.2E-7,7.2E-7,M2,6.226E-5,1.137E-5,3.2E-7,7.2E-7,M2,6.2E-5,1.533E-5,3.2E-7,7.2E-7,M2,1.9810000000000002E-5,1.04E-5,3.2E-7,7.2E-7,M2,1.9810000000000002E-5,1.339E-5,3.2E-7,1.12E-6,M2,1.901E-5,1.419E-5,1.12E-6,3.2E-7,M2,1.684E-5,1.425E-5,3.23E-6,2.0E-7,M2,1.664E-5,1.425E-5,6.0E-7,2.0E-7,M2,3.18E-6,5.4E-7,2.0E-7,6.0E-7,M2,3.18E-6,5.4E-7,2.0E-7,1.461E-5,M2,3.18E-6,1.4950000000000001E-5,3.9E-7,2.0E-7,M2,3.37E-6,1.4950000000000001E-5,2.0E-7,6.0E-7,M2,2.7E-5,1.325E-6,3.2E-7,7.2E-7,M2,2.146E-5,1.28E-6,3.2E-7,7.2E-7,M2,2.32E-5,4.0E-8,6.0E-7,2.0E-7,M2,2.36E-5,4.0E-8,2.5110000000000002E-5,2.0E-7,M2,4.831E-5,4.0E-8,6.0E-7,2.0E-7,M2,1.871E-5,3.55E-6,7.2E-7,3.2E-7,M2,2.602E-5,2.27E-6,7.2E-7,3.2E-7,M2,2.8275E-5,2.27E-6,7.2E-7,3.2E-7,M2,4.907E-5,1.291E-5,7.2E-7,3.2E-7,M2,4.533E-5,1.4950000000000001E-5,2.0E-7,6.0E-7,M2,4.533E-5,1.425E-5,2.0E-7,9.000000000000001E-7,M2,4.533E-5,1.425E-5,5.4E-7,2.0E-7,M2,4.567E-5,1.425E-5,6.0E-7,2.0E-7,M2,4.548E-5,1.425E-5,6.0E-7,2.0E-7,M2,4.568E-5,1.0860000000000001E-5,2.0E-7,3.59E-6,M2,4.265E-5,1.0860000000000001E-5,3.23E-6,2.0E-7,M2,4.265E-5,1.046E-5,2.0E-7,6.0E-7,M2,5.9340000000000004E-5,5.4E-7,2.0E-7,6.0E-7,M2,5.9340000000000004E-5,5.4E-7,2.0E-7,1.461E-5,M2,5.915E-5,1.4950000000000001E-5,3.9E-7,2.0E-7,M2,5.915E-5,1.4950000000000001E-5,2.0E-7,6.0E-7,M2,1.385E-5,4.6E-6,3.2E-7,7.2E-7,M2,1.561E-5,4.69E-6,3.2E-7,7.2E-7,M2,4.685E-5,4.75E-6,2.0E-7,6.0E-7,M2,4.685E-5,4.66E-6,2.0E-7,2.9000000000000003E-7,M2,4.685E-5,4.66E-6,1.96E-6,2.0E-7,M2,4.8610000000000004E-5,4.66E-6,2.0E-7,6.0E-7,M3,4.1E-5,1.34E-6,2.0E-7,6.0E-7,M3,4.1E-5,1.74E-6,2.0E-7,2.45E-7,M3,3.546E-5,1.785E-6,5.74E-6,2.0E-7,M3,3.546E-5,1.385E-6,2.0E-7,6.0E-7,M3,2.0E-7,1.143E-5,2.0E-7,6.0E-7,M3,2.0E-7,1.183E-5,4.6E-7,2.0E-7,M3,4.6E-7,1.183E-5,2.0E-7,3.76E-6,M3,4.6E-7,1.539E-5,2.0E-7,6.0E-7,M3,1.338E-5,1.713E-5,2.0E-7,6.0E-7,M3,1.338E-5,1.753E-5,3.045E-6,2.0E-7,M3,1.6225E-5,1.683E-5,2.0E-7,9.000000000000001E-7,M3,1.6225E-5,1.683E-5,2.85E-7,2.0E-7,M3,1.631E-5,1.643E-5,2.0E-7,6.0E-7,M3,3.688E-5,4.75E-6,1.0E-6,2.0E-7,M3,3.688E-5,3.95E-6,2.0E-7,1.0E-6,M3,3.688E-5,4.75E-6,1.0170000000000001E-5,2.0E-7,M3,4.685E-5,4.75E-6,2.0E-7,6.0E-7,M3,4.621E-5,1.643E-5,2.0E-7,6.0E-7,M3,4.621E-5,1.683E-5,2.0E-7,9.000000000000001E-7,M3,4.621E-5,1.753E-5,3.13E-6,2.0E-7,M3,4.914E-5,1.713E-5,2.0E-7,6.0E-7,M3,6.232E-5,1.143E-5,2.0E-7,6.0E-7,M3,6.206E-5,1.183E-5,4.6E-7,2.0E-7,M3,6.206E-5,1.183E-5,2.0E-7,3.76E-6,M3,6.206E-5,1.539E-5,2.0E-7,6.0E-7,M3,1.987E-5,1.046E-5,2.0E-7,6.0E-7,M3,1.987E-5,1.0860000000000001E-5,2.0E-7,3.59E-6,M3,1.987E-5,1.345E-5,2.0E-7,1.0E-6,M3,1.9070000000000002E-5,1.425E-5,1.0E-6,2.0E-7,M3,2.7060000000000002E-5,1.385E-6,2.0E-7,6.0E-7,M3,2.7060000000000002E-5,1.74E-6,2.0E-7,2.45E-7,M3,2.152E-5,1.74E-6,5.74E-6,2.0E-7,M3,2.152E-5,1.34E-6,2.0E-7,6.0E-7,M3,1.871E-5,3.55E-6,7.2E-7,3.2E-7,M3,2.602E-5,2.27E-6,7.2E-7,3.2E-7,M3,2.8335E-5,2.33E-6,6.0E-7,2.0E-7,M3,2.8535E-5,2.33E-6,2.0E-7,1.084E-5,M3,2.8535E-5,1.297E-5,2.0795E-5,2.0E-7,M3,4.913E-5,1.297E-5,6.0E-7,2.0E-7,M3,1.385E-5,4.6E-6,3.2E-7,7.2E-7,M3,1.561E-5,4.69E-6,3.2E-7,7.2E-7,M4,1.877E-5,3.61E-6,6.0E-7,2.0E-7,M4,1.897E-5,2.33E-6,2.0E-7,1.48E-6,M4,1.897E-5,2.33E-6,7.31E-6,2.0E-7,M4,2.608E-5,2.33E-6,6.0E-7,2.0E-7,M4,1.391E-5,4.66E-6,2.0E-7,6.0E-7,M4,1.391E-5,4.66E-6,1.96E-6,2.0E-7,M4,1.567E-5,4.66E-6,2.0E-7,2.9000000000000003E-7,M4,1.567E-5,4.75E-6,2.0E-7,6.0E-7,
M1,9.95E-6,4.7E-6,2.4000000000000003E-7,6.4E-7,M1,1.093E-5,8.6E-7,2.4000000000000003E-7,6.4E-7,M1,3.434E-5,1.2755E-5,2.4000000000000003E-7,6.4E-7,M1,3.3430000000000003E-5,5.5E-7,2.4000000000000003E-7,6.4E-7,M1,1.648E-5,1.4220000000000001E-5,5.06E-6,1.6E-7,M1,2.787E-5,4.74E-6,1.9200000000000003E-6,1.6E-7,M1,1.8E-7,9.235E-6,2.4000000000000003E-7,6.4E-7,M1,4.4E-7,1.3195E-5,2.4000000000000003E-7,6.4E-7,M1,1.221E-5,1.3E-6,2.4000000000000003E-7,6.4E-7,M1,8.16E-6,1.35E-6,2.4000000000000003E-7,6.4E-7,M1,3.734E-5,1.3195E-5,2.4000000000000003E-7,6.4E-7,M1,3.76E-5,9.235E-6,2.4000000000000003E-7,6.4E-7,M1,1.49E-5,1.4220000000000001E-5,1.6E-7,2.155E-6,M1,1.1940000000000001E-5,1.6215E-5,3.12E-6,1.6E-7,M1,1.254E-5,1.2095E-5,3.04E-6,1.6E-7,M1,1.2100000000000001E-5,1.2055E-5,6.4E-7,2.4000000000000003E-7,M1,1.346E-5,7.51E-6,2.4000000000000003E-7,6.4E-7,M1,1.699E-5,2.18E-6,6.4E-7,2.4000000000000003E-7,M1,3.011E-5,1.0775000000000001E-5,6.4E-7,2.4000000000000003E-7,M1,2.962E-5,1.35E-6,2.4000000000000003E-7,6.4E-7,M1,2.557E-5,1.3E-6,2.4000000000000003E-7,6.4E-7,M1,2.197E-5,1.2095E-5,2.7E-7,1.6E-7,M1,2.2080000000000002E-5,1.2095E-5,1.6E-7,8.6E-7,M1,1.578E-5,1.2095E-5,2.7E-7,1.6E-7,M1,1.578E-5,1.2095E-5,1.6E-7,8.6E-7,M1,3.44E-6,1.2755E-5,2.4000000000000003E-7,6.4E-7,M1,4.35E-6,5.5E-7,2.4000000000000003E-7,6.4E-7,M1,8.23E-6,4.74E-6,1.9200000000000003E-6,1.6E-7,M1,2.432E-5,7.51E-6,2.4000000000000003E-7,6.4E-7,M1,2.5280000000000002E-5,1.2055E-5,6.4E-7,2.4000000000000003E-7,M1,2.645E-5,2.22E-6,1.8E-7,1.6E-7,M1,2.647E-5,2.22E-6,1.6E-7,1.54E-6,M1,2.588E-5,1.5775E-5,2.4000000000000003E-7,6.4E-7,M1,2.292E-5,1.6175E-5,1.04E-6,2.4000000000000003E-7,M1,2.292E-5,1.5375E-5,2.4000000000000003E-7,1.04E-6,M1,2.296E-5,1.4220000000000001E-5,1.6E-7,2.155E-6,M1,2.043E-5,2.22E-6,1.6E-7,8.755E-6,M1,7.71E-6,1.0815E-5,1.288E-5,1.6E-7,M1,2.889E-5,2.28E-6,6.4E-7,2.4000000000000003E-7,M1,1.0015E-5,2.28E-6,6.4E-7,2.4000000000000003E-7,M1,8.930000000000001E-6,2.3200000000000002E-6,1.485E-6,1.6E-7,M1,2.6850000000000002E-5,8.6E-7,2.4000000000000003E-7,6.4E-7,M1,2.783E-5,4.7E-6,2.4000000000000003E-7,6.4E-7,M1,1.805E-5,1.74E-6,1.9200000000000003E-6,1.6E-7,M1,2.2440000000000002E-5,1.2095E-5,3.04E-6,1.6E-7,M1,1.1390000000000001E-5,2.22E-6,1.8E-7,1.6E-7,M1,1.1390000000000001E-5,2.22E-6,1.6E-7,1.54E-6,M2,9.91E-6,4.66E-6,3.2E-7,7.2E-7,M2,1.089E-5,8.2E-7,3.2E-7,7.2E-7,M2,3.436E-5,1.2775E-5,2.0E-7,6.0E-7,M2,3.345E-5,1.2775E-5,1.11E-6,2.0E-7,M2,3.345E-5,5.7E-7,2.0E-7,1.2405E-5,M2,3.345E-5,5.7E-7,2.0E-7,6.0E-7,M2,1.4E-7,9.195000000000001E-6,3.2E-7,7.2E-7,M2,4.0E-7,1.3155E-5,3.2E-7,7.2E-7,M2,1.217E-5,1.26E-6,3.2E-7,7.2E-7,M2,8.12E-6,1.31E-6,3.2E-7,7.2E-7,M2,3.73E-5,1.3155E-5,3.2E-7,7.2E-7,M2,3.756E-5,9.195000000000001E-6,3.2E-7,7.2E-7,M2,1.206E-5,1.2015000000000001E-5,7.2E-7,3.2E-7,M2,1.342E-5,7.4700000000000005E-6,3.2E-7,7.2E-7,M2,1.701E-5,2.2E-6,6.0E-7,2.0E-7,M2,1.741E-5,2.2E-6,2.0E-7,8.795E-6,M2,1.741E-5,1.0795E-5,1.292E-5,2.0E-7,M2,3.013E-5,1.0795E-5,6.0E-7,2.0E-7,M2,2.958E-5,1.31E-6,3.2E-7,7.2E-7,M2,2.553E-5,1.26E-6,3.2E-7,7.2E-7,M2,3.46E-6,1.2775E-5,2.0E-7,6.0E-7,M2,3.46E-6,1.2775E-5,1.11E-6,2.0E-7,M2,4.3700000000000005E-6,5.7E-7,2.0E-7,1.2405E-5,M2,4.3700000000000005E-6,5.7E-7,2.0E-7,6.0E-7,M2,2.428E-5,7.4700000000000005E-6,3.2E-7,7.2E-7,M2,2.524E-5,1.2015000000000001E-5,7.2E-7,3.2E-7,M2,2.59E-5,1.5795E-5,2.0E-7,6.0E-7,M2,2.294E-5,1.6195E-5,3.1600000000000002E-6,2.0E-7,M2,2.294E-5,1.6195E-5,1.0E-6,2.0E-7,M2,2.294E-5,1.5395E-5,2.0E-7,1.0E-6,M2,2.885E-5,2.24E-6,7.2E-7,3.2E-7,M2,9.975E-6,2.24E-6,7.2E-7,3.2E-7,M2,2.681E-5,8.2E-7,3.2E-7,7.2E-7,M2,2.779E-5,4.66E-6,3.2E-7,7.2E-7,M3,9.91E-6,4.66E-6,3.2E-7,7.2E-7,M3,1.089E-5,8.2E-7,3.2E-7,7.2E-7,M3,2.0E-7,9.255E-6,2.0E-7,6.0E-7,M3,2.0E-7,9.655E-6,2.0E-7,3.76E-6,M3,2.0E-7,1.3215E-5,4.6E-7,2.0E-7,M3,4.6E-7,1.3215E-5,2.0E-7,6.0E-7,M3,1.223E-5,1.32E-6,2.0E-7,6.0E-7,M3,1.223E-5,1.72E-6,2.0E-7,2.5E-7,M3,8.18E-6,1.77E-6,4.25E-6,2.0E-7,M3,8.18E-6,1.37E-6,2.0E-7,6.0E-7,M3,3.736E-5,1.3215E-5,2.0E-7,6.0E-7,M3,3.736E-5,9.655E-6,2.0E-7,3.76E-6,M3,3.736E-5,9.655E-6,4.6E-7,2.0E-7,M3,3.762E-5,9.255E-6,2.0E-7,6.0E-7,M3,1.2120000000000001E-5,1.2075E-5,6.0E-7,2.0E-7,M3,1.252E-5,1.2075E-5,1.1600000000000001E-6,2.0E-7,M3,1.348E-5,7.93E-6,2.0E-7,4.345E-6,M3,1.348E-5,7.53E-6,2.0E-7,6.0E-7,M3,2.964E-5,1.37E-6,2.0E-7,6.0E-7,M3,2.559E-5,1.77E-6,4.25E-6,2.0E-7,M3,2.559E-5,1.72E-6,2.0E-7,2.5E-7,M3,2.559E-5,1.32E-6,2.0E-7,6.0E-7,M3,2.434E-5,7.53E-6,2.0E-7,6.0E-7,M3,2.434E-5,7.93E-6,2.0E-7,4.345E-6,M3,2.434E-5,1.2075E-5,1.1600000000000001E-6,2.0E-7,M3,2.5300000000000002E-5,1.2075E-5,6.0E-7,2.0E-7,M3,2.891E-5,2.3E-6,6.0E-7,2.0E-7,M3,1.0235E-5,2.3E-6,1.8875E-5,2.0E-7,M3,1.0035E-5,2.3E-6,6.0E-7,2.0E-7,M3,2.681E-5,8.2E-7,3.2E-7,7.2E-7,M3,2.779E-5,4.66E-6,3.2E-7,7.2E-7,M4,9.97E-6,4.72E-6,2.0E-7,6.0E-7,M4,9.97E-6,1.28E-6,2.0E-7,3.64E-6,M4,9.97E-6,1.28E-6,1.18E-6,2.0E-7,M4,1.095E-5,8.8E-7,2.0E-7,6.0E-7,M4,2.6870000000000002E-5,8.8E-7,2.0E-7,6.0E-7,M4,2.6870000000000002E-5,1.28E-6,2.0E-7,3.64E-6,M4,2.6870000000000002E-5,4.72E-6,1.18E-6,2.0E-7,M4,2.785E-5,4.72E-6,2.0E-7,6.0E-7,
M1,1.667E-5,8.845000000000001E-6,2.4000000000000003E-7,6.4E-7,M1,1.382E-5,1.1665000000000001E-5,6.4E-7,2.4000000000000003E-7,M1,1.39E-6,7.2E-7,2.4000000000000003E-7,6.4E-7,M1,1.52E-6,1.8195E-5,2.4000000000000003E-7,6.4E-7,M1,1.827E-5,8.845000000000001E-6,2.4000000000000003E-7,6.4E-7,M1,2.072E-5,1.1665000000000001E-5,6.4E-7,2.4000000000000003E-7,M1,2.206E-5,5.405E-6,1.9200000000000003E-6,1.6E-7,M1,1.116E-5,5.365E-6,2.4000000000000003E-7,6.4E-7,M1,1.036E-5,5.65E-7,1.04E-6,2.4000000000000003E-7,M1,1.116E-5,5.65E-7,2.4000000000000003E-7,1.04E-6,M1,7.75E-6,6.05E-7,3.61E-6,1.6E-7,M1,2.12E-5,1.403E-5,1.6E-7,3.665E-6,M1,2.12E-5,1.403E-5,2.2E-7,1.6E-7,M1,2.378E-5,5.365E-6,2.4000000000000003E-7,6.4E-7,M1,2.378E-5,5.65E-7,2.4000000000000003E-7,1.04E-6,M1,2.378E-5,5.65E-7,1.04E-6,2.4000000000000003E-7,M1,2.382E-5,6.05E-7,3.61E-6,1.6E-7,M1,4.4E-7,1.8635E-5,2.4000000000000003E-7,6.4E-7,M1,1.8E-7,1.4675000000000001E-5,2.4000000000000003E-7,6.4E-7,M1,2.869E-5,1.365E-6,2.4000000000000003E-7,6.4E-7,M1,3.26E-5,1.8450000000000001E-6,2.4000000000000003E-7,6.4E-7,M1,3.2155E-5,2.945E-6,6.4E-7,2.4000000000000003E-7,M1,4.45E-6,2.945E-6,6.4E-7,2.4000000000000003E-7,M1,2.99E-6,2.9850000000000002E-6,1.86E-6,1.6E-7,M1,1.4365E-5,1.1705E-5,1.6E-7,7.2E-7,M1,1.432E-5,1.2265E-5,2.05E-7,1.6E-7,M1,3.476E-5,1.4675000000000001E-5,2.4000000000000003E-7,6.4E-7,M1,3.45E-5,1.8635E-5,2.4000000000000003E-7,6.4E-7,M1,2.34E-6,1.8450000000000001E-6,2.4000000000000003E-7,6.4E-7,M1,6.25E-6,1.365E-6,2.4000000000000003E-7,6.4E-7,M1,2.43E-5,1.6215E-5,6.4E-7,2.4000000000000003E-7,M1,1.593E-5,1.0385E-5,6.4E-7,2.4000000000000003E-7,M1,2.0700000000000002E-5,1.1705E-5,1.6E-7,7.2E-7,M1,2.0655E-5,1.1705E-5,2.05E-7,1.6E-7,M1,1.12E-5,5.405E-6,1.9200000000000003E-6,1.6E-7,M1,1.372E-5,1.399E-5,6.4E-7,2.4000000000000003E-7,M1,1.338E-5,1.7495E-5,6.4E-7,2.4000000000000003E-7,M1,2.1720000000000002E-5,1.9585E-5,2.4000000000000003E-7,6.4E-7,M1,1.976E-5,1.303E-5,2.4000000000000003E-7,6.4E-7,M1,2.154E-5,2.35E-6,1.6E-7,2.075E-6,M1,2.154E-5,2.35E-6,4.77E-6,1.6E-7,M1,9.49E-6,1.805E-6,1.62E-5,1.6E-7,M1,1.861E-5,1.0385E-5,6.4E-7,2.4000000000000003E-7,M1,1.024E-5,1.6215E-5,6.4E-7,2.4000000000000003E-7,M1,1.522E-5,1.347E-5,4.74E-6,1.6E-7,M1,3.355E-5,7.2E-7,2.4000000000000003E-7,6.4E-7,M1,3.342E-5,1.8195E-5,2.4000000000000003E-7,6.4E-7,M1,8.43E-6,2.31E-6,6.4E-7,2.4000000000000003E-7,M1,1.344E-5,4.225E-6,6.4E-7,2.4000000000000003E-7,M1,1.322E-5,1.9585E-5,2.4000000000000003E-7,6.4E-7,M1,1.518E-5,1.303E-5,2.4000000000000003E-7,6.4E-7,M2,1.6630000000000002E-5,8.805E-6,3.2E-7,7.2E-7,M2,1.378E-5,1.1625E-5,7.2E-7,3.2E-7,M2,1.35E-6,6.800000000000001E-7,3.2E-7,7.2E-7,M2,1.48E-6,1.8155E-5,3.2E-7,7.2E-7,M2,1.823E-5,8.805E-6,3.2E-7,7.2E-7,M2,2.0680000000000002E-5,1.1625E-5,7.2E-7,3.2E-7,M2,1.112E-5,5.325E-6,3.2E-7,7.2E-7,M2,1.032E-5,5.250000000000001E-7,1.12E-6,3.2E-7,M2,1.112E-5,5.250000000000001E-7,3.2E-7,1.12E-6,M2,2.374E-5,5.325E-6,3.2E-7,7.2E-7,M2,2.374E-5,5.250000000000001E-7,3.2E-7,1.12E-6,M2,2.374E-5,5.250000000000001E-7,1.12E-6,3.2E-7,M2,4.0E-7,1.8595E-5,3.2E-7,7.2E-7,M2,1.4E-7,1.4635E-5,3.2E-7,7.2E-7,M2,2.8650000000000002E-5,1.325E-6,3.2E-7,7.2E-7,M2,3.256E-5,1.805E-6,3.2E-7,7.2E-7,M2,3.2175E-5,2.965E-6,6.0E-7,2.0E-7,M2,4.67E-6,2.965E-6,2.7905E-5,2.0E-7,M2,4.47E-6,2.965E-6,6.0E-7,2.0E-7,M2,3.472E-5,1.4635E-5,3.2E-7,7.2E-7,M2,3.446E-5,1.8595E-5,3.2E-7,7.2E-7,M2,2.36E-6,1.8650000000000001E-6,2.0E-7,6.0E-7,M2,2.36E-6,2.265E-6,4.1100000000000005E-6,2.0E-7,M2,6.27E-6,1.785E-6,2.0E-7,6.800000000000001E-7,M2,6.27E-6,1.385E-6,2.0E-7,6.0E-7,M2,2.426E-5,1.6175E-5,7.2E-7,3.2E-7,M2,1.5890000000000002E-5,1.0345E-5,7.2E-7,3.2E-7,M2,1.368E-5,1.395E-5,7.2E-7,3.2E-7,M2,1.3340000000000001E-5,1.7455E-5,7.2E-7,3.2E-7,M2,2.168E-5,1.9545E-5,3.2E-7,7.2E-7,M2,1.972E-5,1.2990000000000001E-5,3.2E-7,7.2E-7,M2,1.863E-5,1.0405E-5,6.0E-7,2.0E-7,M2,1.863E-5,1.0405E-5,2.0E-7,6.03E-6,M2,1.066E-5,1.6235E-5,8.17E-6,2.0E-7,M2,1.026E-5,1.6235E-5,6.0E-7,2.0E-7,M2,3.351E-5,6.800000000000001E-7,3.2E-7,7.2E-7,M2,3.338E-5,1.8155E-5,3.2E-7,7.2E-7,M2,8.390000000000001E-6,2.27E-6,7.2E-7,3.2E-7,M2,1.34E-5,4.185E-6,7.2E-7,3.2E-7,M2,1.3180000000000001E-5,1.9545E-5,3.2E-7,7.2E-7,M2,1.514E-5,1.2990000000000001E-5,3.2E-7,7.2E-7,M3,1.6630000000000002E-5,8.805E-6,3.2E-7,7.2E-7,M3,1.378E-5,1.1625E-5,7.2E-7,3.2E-7,M3,1.41E-6,7.4E-7,2.0E-7,6.0E-7,M3,1.41E-6,7.4E-7,2.0E-7,1.7675E-5,M3,1.41E-6,1.8215E-5,3.3E-7,2.0E-7,M3,1.54E-6,1.8215E-5,2.0E-7,6.0E-7,M3,1.823E-5,8.805E-6,3.2E-7,7.2E-7,M3,2.0680000000000002E-5,1.1625E-5,7.2E-7,3.2E-7,M3,1.118E-5,5.385E-6,2.0E-7,6.0E-7,M3,1.118E-5,5.85E-7,2.0E-7,5.0E-6,M3,1.038E-5,5.85E-7,1.0E-6,2.0E-7,M3,1.118E-5,5.85E-7,2.0E-7,1.0E-6,M3,2.38E-5,5.385E-6,2.0E-7,6.0E-7,M3,2.38E-5,5.85E-7,2.0E-7,5.0E-6,M3,2.38E-5,5.85E-7,2.0E-7,1.0E-6,M3,2.38E-5,5.85E-7,1.0E-6,2.0E-7,M3,4.6E-7,1.8655E-5,2.0E-7,6.0E-7,M3,4.6E-7,1.5095E-5,2.0E-7,3.76E-6,M3,2.0E-7,1.5095E-5,4.6E-7,2.0E-7,M3,2.0E-7,1.4695E-5,2.0E-7,6.0E-7,M3,2.871E-5,1.385E-6,2.0E-7,6.0E-7,M3,2.871E-5,1.785E-6,2.0E-7,6.800000000000001E-7,M3,2.8650000000000002E-5,2.205E-6,1.12E-6,3.2E-7,M3,2.8650000000000002E-5,1.405E-6,3.2E-7,1.12E-6,M3,3.256E-5,1.805E-6,3.2E-7,7.2E-7,M3,3.478E-5,1.4695E-5,2.0E-7,6.0E-7,M3,3.452E-5,1.5095E-5,4.6E-7,2.0E-7,M3,3.452E-5,1.5095E-5,2.0E-7,3.76E-6,M3,3.452E-5,1.8655E-5,2.0E-7,6.0E-7,M3,2.432E-5,1.6235E-5,6.0E-7,2.0E-7,M3,2.432E-5,1.0405E-5,2.0E-7,6.03E-6,M3,1.635E-5,1.0405E-5,8.17E-6,2.0E-7,M3,1.595E-5,1.0405E-5,6.0E-7,2.0E-7,M3,1.374E-5,1.401E-5,6.0E-7,2.0E-7,M3,1.374E-5,1.401E-5,2.6E-7,2.0E-7,M3,1.294E-5,1.395E-5,1.12E-6,3.2E-7,M3,1.374E-5,1.395E-5,3.2E-7,1.12E-6,M3,1.3340000000000001E-5,1.7455E-5,7.2E-7,3.2E-7,M3,2.1740000000000002E-5,1.9605E-5,2.0E-7,6.0E-7,M3,1.978E-5,2.0005E-5,2.16E-6,2.0E-7,M3,1.972E-5,1.9945E-5,1.12E-6,3.2E-7,M3,1.972E-5,1.9145E-5,3.2E-7,1.12E-6,M3,1.972E-5,1.2990000000000001E-5,3.2E-7,7.2E-7,M3,3.357E-5,7.4E-7,2.0E-7,6.0E-7,M3,3.357E-5,7.4E-7,2.0E-7,1.7675E-5,M3,3.344E-5,1.8215E-5,3.3E-7,2.0E-7,M3,3.344E-5,1.8215E-5,2.0E-7,6.0E-7,M3,8.390000000000001E-6,2.27E-6,7.2E-7,3.2E-7,M3,1.34E-5,4.185E-6,7.2E-7,3.2E-7,M3,1.324E-5,1.9605E-5,2.0E-7,6.0E-7,M3,1.324E-5,2.0005E-5,2.16E-6,2.0E-7,M3,1.514E-5,1.9145E-5,3.2E-7,1.12E-6,M3,1.434E-5,1.9945E-5,1.12E-6,3.2E-7,M3,1.514E-5,1.2990000000000001E-5,3.2E-7,7.2E-7,M4,1.669E-5,8.865E-6,2.0E-7,6.0E-7,M4,1.4040000000000001E-5,9.265E-6,2.8500000000000002E-6,2.0E-7,M4,1.4040000000000001E-5,9.265E-6,2.0E-7,2.62E-6,M4,1.384E-5,1.1685E-5,6.0E-7,2.0E-7,M4,1.829E-5,8.865E-6,2.0E-7,6.0E-7,M4,1.829E-5,9.265E-6,2.8500000000000002E-6,2.0E-7,M4,2.094E-5,9.265E-6,2.0E-7,2.62E-6,M4,2.074E-5,1.1685E-5,6.0E-7,2.0E-7,M4,2.871E-5,2.265E-6,1.0E-6,2.0E-7,M4,2.871E-5,1.465E-6,2.0E-7,1.0E-6,M4,2.871E-5,2.265E-6,4.85E-7,2.0E-7,M4,2.8995E-5,2.265E-6,3.825E-6,2.0E-7,M4,3.262E-5,1.8650000000000001E-6,2.0E-7,6.0E-7,M4,1.3000000000000001E-5,1.401E-5,1.0E-6,2.0E-7,M4,1.38E-5,1.401E-5,2.0E-7,1.0E-6,M4,1.38E-5,1.401E-5,2.0E-7,3.705E-6,M4,1.34E-5,1.7515E-5,6.0E-7,2.0E-7,M4,1.978E-5,2.0005E-5,1.0E-6,2.0E-7,M4,1.978E-5,1.9205E-5,2.0E-7,1.0E-6,M4,1.978E-5,1.345E-5,2.0E-7,6.7550000000000005E-6,M4,1.978E-5,1.305E-5,2.0E-7,6.0E-7,M4,8.390000000000001E-6,2.27E-6,7.2E-7,3.2E-7,M4,1.26E-5,2.27E-6,1.12E-6,3.2E-7,M4,1.34E-5,2.27E-6,3.2E-7,1.12E-6,M4,1.346E-5,2.33E-6,2.0E-7,2.115E-6,M4,1.346E-5,4.245E-6,6.0E-7,2.0E-7,M4,1.52E-5,1.9205E-5,2.0E-7,1.0E-6,M4,1.4400000000000001E-5,2.0005E-5,1.0E-6,2.0E-7,M4,1.52E-5,1.345E-5,2.0E-7,6.7550000000000005E-6,M4,1.52E-5,1.305E-5,2.0E-7,6.0E-7,M5,8.45E-6,2.33E-6,6.0E-7,2.0E-7,M5,8.85E-6,2.33E-6,4.81E-6,2.0E-7,M5,1.266E-5,2.33E-6,1.0E-6,2.0E-7,M5,1.346E-5,2.33E-6,2.0E-7,1.0E-6,
M1,1.8E-7,1.6385E-5,2.4000000000000003E-7,6.4E-7,M1,4.4E-7,2.0345E-5,2.4000000000000003E-7,6.4E-7,M1,2.216E-5,4.77E-6,1.6E-7,5.1E-7,M1,2.216E-5,5.12E-6,1.9200000000000003E-6,1.6E-7,M1,9.5E-6,3.17E-6,1.6E-7,2.11E-6,M1,9.5E-6,3.17E-6,7.900000000000001E-7,1.6E-7,M1,1.009E-5,2.33E-6,2.4000000000000003E-7,1.04E-6,M1,9.29E-6,3.13E-6,1.04E-6,2.4000000000000003E-7,M1,1.009E-5,9.25E-7,2.4000000000000003E-7,6.4E-7,M1,3.129E-5,7.2E-7,2.4000000000000003E-7,6.4E-7,M1,3.134E-5,1.9905E-5,6.4E-7,2.4000000000000003E-7,M1,3.158E-5,1.9945E-5,4.9E-7,1.6E-7,M1,1.344E-5,1.2630000000000001E-5,6.4E-7,2.4000000000000003E-7,M1,1.587E-5,9.810000000000001E-6,2.4000000000000003E-7,6.4E-7,M1,1.2665E-5,1.267E-5,1.6E-7,7.900000000000001E-7,M1,1.262E-5,1.33E-5,2.05E-7,1.6E-7,M1,2.519E-5,2.0E-8,6.4E-7,2.4000000000000003E-7,M1,9.355E-6,2.0E-8,6.4E-7,2.4000000000000003E-7,M1,6.96E-6,6.000000000000001E-8,2.795E-6,1.6E-7,M1,1.3880000000000001E-5,1.513E-5,1.6E-7,4.275E-6,M1,1.3880000000000001E-5,1.9245E-5,2.0E-7,1.6E-7,M1,2.189E-5,1.805E-6,1.81E-6,1.6E-7,M1,2.354E-5,1.805E-6,1.6E-7,3.55E-7,M1,2.354E-5,2.0E-6,6.34E-6,1.6E-7,M1,2.392E-5,3.17E-6,1.6E-7,2.11E-6,M1,2.329E-5,3.17E-6,7.900000000000001E-7,1.6E-7,M1,2.325E-5,3.13E-6,1.04E-6,2.4000000000000003E-7,M1,2.325E-5,2.33E-6,2.4000000000000003E-7,1.04E-6,M1,2.325E-5,9.25E-7,2.4000000000000003E-7,6.4E-7,M1,2.44E-5,3.94E-6,6.4E-7,2.4000000000000003E-7,M1,1.4695E-5,1.135E-5,6.4E-7,2.4000000000000003E-7,M1,3.316E-5,1.6385E-5,2.4000000000000003E-7,6.4E-7,M1,3.29E-5,2.0345E-5,2.4000000000000003E-7,6.4E-7,M1,1.178E-5,2.35E-6,1.6E-7,1.44E-6,M1,1.481E-5,1.045E-6,3.96E-6,1.6E-7,M1,1.4400000000000001E-5,2.124E-5,2.4000000000000003E-7,6.4E-7,M1,1.348E-5,1.4060000000000001E-5,2.4000000000000003E-7,6.4E-7,M1,1.444E-5,2.168E-5,4.7E-6,1.6E-7,M1,1.3520000000000001E-5,1.45E-5,6.54E-6,1.6E-7,M1,2.08E-5,1.267E-5,1.6E-7,7.900000000000001E-7,M1,2.0755E-5,1.267E-5,2.05E-7,1.6E-7,M1,1.126E-5,4.77E-6,1.6E-7,5.1E-7,M1,9.5E-6,5.12E-6,1.9200000000000003E-6,1.6E-7,M1,2.05E-6,7.2E-7,2.4000000000000003E-7,6.4E-7,M1,1.6E-6,1.9905E-5,6.4E-7,2.4000000000000003E-7,M1,1.51E-6,1.9945E-5,4.9E-7,1.6E-7,M1,2.164E-5,2.35E-6,1.6E-7,1.44E-6,M1,2.0515E-5,1.2630000000000001E-5,6.4E-7,2.4000000000000003E-7,M1,2.572E-5,1.9205E-5,6.4E-7,2.4000000000000003E-7,M1,1.8245E-5,1.135E-5,6.4E-7,2.4000000000000003E-7,M1,8.54E-6,3.94E-6,6.4E-7,2.4000000000000003E-7,M1,1.747E-5,9.810000000000001E-6,2.4000000000000003E-7,6.4E-7,M1,1.95E-5,1.2630000000000001E-5,6.4E-7,2.4000000000000003E-7,M1,9.88E-6,1.805E-6,1.81E-6,1.6E-7,M1,9.88E-6,1.805E-6,1.6E-7,3.55E-7,M1,3.7E-6,2.0E-6,6.34E-6,1.6E-7,M2,2.0E-7,1.6405E-5,2.0E-7,6.0E-7,M2,2.0E-7,1.6805E-5,2.0E-7,3.76E-6,M2,2.0E-7,2.0365E-5,4.6E-7,2.0E-7,M2,4.6E-7,2.0365E-5,2.0E-7,6.0E-7,M2,1.011E-5,2.35E-6,2.0E-7,1.0E-6,M2,9.31E-6,3.15E-6,1.0E-6,2.0E-7,M2,1.011E-5,1.345E-6,2.0E-7,2.005E-6,M2,1.011E-5,9.450000000000001E-7,2.0E-7,6.0E-7,M2,3.1310000000000003E-5,7.4E-7,2.0E-7,6.0E-7,M2,3.1310000000000003E-5,7.4E-7,2.0E-7,1.9385E-5,M2,3.1310000000000003E-5,1.9925E-5,4.5000000000000003E-7,2.0E-7,M2,3.136E-5,1.9925E-5,6.0E-7,2.0E-7,M2,1.346E-5,1.2650000000000001E-5,6.0E-7,2.0E-7,M2,1.3860000000000001E-5,1.2650000000000001E-5,2.2300000000000002E-6,2.0E-7,M2,1.5890000000000002E-5,1.023E-5,2.0E-7,2.62E-6,M2,1.5890000000000002E-5,9.83E-6,2.0E-7,6.0E-7,M2,2.521E-5,4.0E-8,6.0E-7,2.0E-7,M2,9.575E-6,4.0E-8,1.5835E-5,2.0E-7,M2,9.375000000000001E-6,4.0E-8,6.0E-7,2.0E-7,M2,2.327E-5,3.15E-6,1.0E-6,2.0E-7,M2,2.327E-5,2.35E-6,2.0E-7,1.0E-6,M2,2.327E-5,1.345E-6,2.0E-7,2.005E-6,M2,2.327E-5,9.450000000000001E-7,2.0E-7,6.0E-7,M2,2.442E-5,3.96E-6,6.0E-7,2.0E-7,M2,1.4915E-5,3.96E-6,9.705E-6,2.0E-7,M2,1.4855000000000001E-5,3.9E-6,3.2E-7,1.12E-6,M2,1.4855000000000001E-5,3.9E-6,1.12E-6,3.2E-7,M2,1.4655000000000001E-5,1.131E-5,7.2E-7,3.2E-7,M2,3.318E-5,1.6405E-5,2.0E-7,6.0E-7,M2,3.318E-5,1.6805E-5,2.0E-7,3.76E-6,M2,3.292E-5,2.0365E-5,4.6E-7,2.0E-7,M2,3.292E-5,2.0365E-5,2.0E-7,6.0E-7,M2,1.436E-5,2.12E-5,3.2E-7,7.2E-7,M2,1.344E-5,1.402E-5,3.2E-7,7.2E-7,M2,2.07E-6,7.4E-7,2.0E-7,6.0E-7,M2,2.07E-6,7.4E-7,2.0E-7,1.9385E-5,M2,1.82E-6,1.9925E-5,4.5000000000000003E-7,2.0E-7,M2,1.62E-6,1.9925E-5,6.0E-7,2.0E-7,M2,2.0475E-5,1.259E-5,7.2E-7,3.2E-7,M2,2.568E-5,1.9165E-5,7.2E-7,3.2E-7,M2,1.8205E-5,1.131E-5,7.2E-7,3.2E-7,M2,8.5E-6,3.9E-6,7.2E-7,3.2E-7,M2,1.749E-5,9.83E-6,2.0E-7,6.0E-7,M2,1.749E-5,1.023E-5,2.0E-7,2.62E-6,M2,1.743E-5,1.259E-5,1.12E-6,3.2E-7,M2,1.743E-5,1.179E-5,3.2E-7,1.12E-6,M2,1.946E-5,1.259E-5,7.2E-7,3.2E-7,M3,1.4915E-5,3.96E-6,2.0E-7,1.0E-6,M3,1.4915E-5,3.96E-6,1.0E-6,2.0E-7,M3,1.4915E-5,3.96E-6,2.0E-7,7.61E-6,M3,1.4715E-5,1.137E-5,6.0E-7,2.0E-7,M3,1.4420000000000001E-5,2.126E-5,2.0E-7,6.0E-7,M3,1.4420000000000001E-5,1.448E-5,2.0E-7,7.3800000000000005E-6,M3,1.35E-5,1.448E-5,1.12E-6,2.0E-7,M3,1.35E-5,1.408E-5,2.0E-7,6.0E-7,M3,2.0535E-5,1.2650000000000001E-5,6.0E-7,2.0E-7,M3,2.0735E-5,1.2650000000000001E-5,2.0E-7,6.775E-6,M3,2.0735E-5,1.9225E-5,5.405E-6,2.0E-7,M3,2.574E-5,1.9225E-5,6.0E-7,2.0E-7,M3,1.8205E-5,1.131E-5,7.2E-7,3.2E-7,M3,8.5E-6,3.9E-6,7.2E-7,3.2E-7,M3,1.749E-5,1.2650000000000001E-5,1.0E-6,2.0E-7,M3,1.749E-5,1.185E-5,2.0E-7,1.0E-6,M3,1.749E-5,1.2650000000000001E-5,2.2300000000000002E-6,2.0E-7,M3,1.952E-5,1.2650000000000001E-5,6.0E-7,2.0E-7,M4,1.8265E-5,1.137E-5,6.0E-7,2.0E-7,M4,1.8465E-5,3.96E-6,2.0E-7,7.61E-6,M4,8.96E-6,3.96E-6,9.705E-6,2.0E-7,M4,8.56E-6,3.96E-6,6.0E-7,2.0E-7,
M1,1.674E-5,9.7E-6,2.4000000000000003E-7,6.4E-7,M1,1.861E-5,1.252E-5,6.4E-7,2.4000000000000003E-7,M1,1.971E-5,1.256E-5,1.6E-7,8.6E-7,M1,1.9600000000000002E-5,1.256E-5,2.7E-7,1.6E-7,M1,2.0195E-5,1.5185000000000001E-5,1.6E-7,4.835E-6,M1,2.007E-5,1.5185000000000001E-5,2.85E-7,1.6E-7,M1,2.301E-5,3.58E-6,6.4E-7,2.4000000000000003E-7,M1,1.3555E-5,3.58E-6,6.4E-7,2.4000000000000003E-7,M1,1.244E-5,1.0E-6,2.4000000000000003E-7,6.4E-7,M1,1.115E-5,4.72E-6,2.4000000000000003E-7,6.4E-7,M1,2.073E-5,4.72E-6,2.4000000000000003E-7,6.4E-7,M1,2.249E-5,4.72E-6,2.4000000000000003E-7,6.4E-7,M1,1.8685E-5,2.14E-6,1.6E-7,1.64E-6,M1,1.866E-5,2.14E-6,1.85E-7,1.6E-7,M1,2.66E-6,6.0E-7,1.6E-7,2.012E-5,M1,2.62E-6,1.972E-5,2.4000000000000003E-7,1.04E-6,M1,1.82E-6,2.052E-5,1.04E-6,2.4000000000000003E-7,M1,1.4700000000000001E-6,2.052E-5,2.4000000000000003E-7,6.4E-7,M1,3.1480000000000004E-5,2.1E-5,4.2E-7,1.6E-7,M1,3.17E-5,2.016E-5,2.4000000000000003E-7,1.04E-6,M1,3.09E-5,2.096E-5,1.04E-6,2.4000000000000003E-7,M1,3.17E-5,1.7E-5,2.4000000000000003E-7,6.4E-7,M1,1.4060000000000001E-5,1.44E-6,3.15E-6,1.6E-7,M1,1.705E-5,1.44E-6,3.6E-7,1.6E-7,M1,1.725E-5,1.44E-6,8.1E-7,1.6E-7,M1,2.2E-7,2.1E-5,4.2E-7,1.6E-7,M1,1.8E-7,2.096E-5,1.04E-6,2.4000000000000003E-7,M1,1.8E-7,2.016E-5,2.4000000000000003E-7,1.04E-6,M1,1.8E-7,1.7E-5,2.4000000000000003E-7,6.4E-7,M1,9.39E-6,4.72E-6,2.4000000000000003E-7,6.4E-7,M1,1.115E-5,4.72E-6,2.4000000000000003E-7,6.4E-7,M1,1.306E-5,2.1000000000000002E-6,6.4E-7,2.4000000000000003E-7,M1,1.3035E-5,3.58E-6,6.4E-7,2.4000000000000003E-7,M1,1.044E-5,6.000000000000001E-8,1.283E-5,1.6E-7,M1,1.287E-5,1.252E-5,6.4E-7,2.4000000000000003E-7,M1,1.514E-5,9.7E-6,2.4000000000000003E-7,6.4E-7,M1,1.236E-5,1.256E-5,1.6E-7,8.6E-7,M1,1.225E-5,1.326E-5,2.7E-7,1.6E-7,M1,1.2120000000000001E-5,1.252E-5,6.4E-7,2.4000000000000003E-7,M1,1.232E-5,1.902E-5,2.4000000000000003E-7,1.04E-6,M1,1.152E-5,1.982E-5,1.04E-6,2.4000000000000003E-7,M1,5.305E-6,1.986E-5,7.215E-6,1.6E-7,M1,1.79E-5,1.8000000000000001E-6,5.32E-6,1.6E-7,M1,1.79E-5,1.44E-6,1.6E-7,5.2E-7,M1,1.402E-5,1.0E-6,2.4000000000000003E-7,6.4E-7,M1,8.86E-6,1.3600000000000001E-6,2.4000000000000003E-7,6.4E-7,M1,8.47E-6,3.58E-6,6.4E-7,2.4000000000000003E-7,M1,1.7925000000000002E-5,3.58E-6,6.4E-7,2.4000000000000003E-7,M1,1.948E-5,4.76E-6,1.45E-6,1.6E-7,M1,1.948E-5,1.44E-6,1.6E-7,3.48E-6,M1,1.295E-5,1.4485000000000001E-5,6.22E-6,1.6E-7,M1,1.444E-5,2.273E-5,3.24E-6,1.6E-7,M1,1.752E-5,1.4485000000000001E-5,1.6E-7,6.6750000000000005E-6,M1,1.752E-5,1.4485000000000001E-5,1.65E-6,1.6E-7,M1,2.93E-5,2.056E-5,1.31E-6,1.6E-7,M1,2.93E-5,6.0E-7,1.6E-7,2.012E-5,M2,1.676E-5,9.72E-6,2.0E-7,6.0E-7,M2,1.676E-5,1.012E-5,2.0E-7,2.62E-6,M2,1.676E-5,1.254E-5,2.07E-6,2.0E-7,M2,1.863E-5,1.254E-5,6.0E-7,2.0E-7,M2,2.2970000000000002E-5,3.54E-6,7.2E-7,3.2E-7,M2,1.3515E-5,3.54E-6,7.2E-7,3.2E-7,M2,1.2460000000000001E-5,1.02E-6,2.0E-7,6.0E-7,M2,1.2460000000000001E-5,1.42E-6,2.0E-7,3.52E-6,M2,1.117E-5,4.74E-6,1.4900000000000001E-6,2.0E-7,M2,1.117E-5,4.74E-6,2.0E-7,6.0E-7,M2,2.075E-5,4.74E-6,2.0E-7,6.0E-7,M2,2.075E-5,4.74E-6,1.96E-6,2.0E-7,M2,2.251E-5,4.74E-6,2.0E-7,6.0E-7,M2,2.58E-6,1.968E-5,3.2E-7,1.12E-6,M2,1.7800000000000001E-6,2.048E-5,1.12E-6,3.2E-7,M2,1.43E-6,2.048E-5,3.2E-7,7.2E-7,M2,3.172E-5,2.018E-5,2.0E-7,1.0E-6,M2,3.092E-5,2.098E-5,1.0E-6,2.0E-7,M2,3.172E-5,1.742E-5,2.0E-7,3.76E-6,M2,3.172E-5,1.702E-5,2.0E-7,6.0E-7,M2,2.0E-7,2.098E-5,1.0E-6,2.0E-7,M2,2.0E-7,2.018E-5,2.0E-7,1.0E-6,M2,2.0E-7,1.742E-5,2.0E-7,3.76E-6,M2,2.0E-7,1.702E-5,2.0E-7,6.0E-7,M2,9.41E-6,4.74E-6,2.0E-7,6.0E-7,M2,9.41E-6,4.74E-6,1.96E-6,2.0E-7,M2,1.117E-5,4.74E-6,2.0E-7,6.0E-7,M2,1.308E-5,2.12E-6,6.0E-7,2.0E-7,M2,1.3255000000000001E-5,2.12E-6,2.2500000000000002E-7,2.0E-7,M2,1.3195E-5,2.06E-6,3.2E-7,1.12E-6,M2,1.3195E-5,2.06E-6,1.12E-6,3.2E-7,M2,1.2995E-5,3.54E-6,7.2E-7,3.2E-7,M2,1.283E-5,1.248E-5,7.2E-7,3.2E-7,M2,1.5100000000000001E-5,9.66E-6,3.2E-7,7.2E-7,M2,1.214E-5,1.254E-5,6.0E-7,2.0E-7,M2,1.234E-5,1.254E-5,2.0E-7,7.5E-6,M2,1.234E-5,1.904E-5,2.0E-7,1.0E-6,M2,1.154E-5,1.984E-5,1.0E-6,2.0E-7,M2,1.398E-5,9.600000000000001E-7,3.2E-7,7.2E-7,M2,8.82E-6,1.32E-6,3.2E-7,7.2E-7,M2,8.49E-6,3.6000000000000003E-6,6.0E-7,2.0E-7,M2,8.89E-6,3.6000000000000003E-6,9.455E-6,2.0E-7,M2,1.7945000000000002E-5,3.6000000000000003E-6,6.0E-7,2.0E-7,M3,2.303E-5,3.6000000000000003E-6,6.0E-7,2.0E-7,M3,1.3775000000000001E-5,3.6000000000000003E-6,9.455E-6,2.0E-7,M3,1.3575E-5,3.6000000000000003E-6,6.0E-7,2.0E-7,M3,2.58E-6,1.968E-5,3.2E-7,1.12E-6,M3,1.7800000000000001E-6,2.048E-5,1.12E-6,3.2E-7,M3,1.43E-6,2.048E-5,3.2E-7,7.2E-7,M3,1.3195E-5,2.06E-6,3.2E-7,1.12E-6,M3,1.3195E-5,2.06E-6,1.12E-6,3.2E-7,M3,1.2995E-5,3.54E-6,7.2E-7,3.2E-7,M3,1.289E-5,1.254E-5,6.0E-7,2.0E-7,M3,1.329E-5,1.012E-5,2.0E-7,2.62E-6,M3,1.329E-5,1.012E-5,2.07E-6,2.0E-7,M3,1.516E-5,9.72E-6,2.0E-7,6.0E-7,M3,1.4040000000000001E-5,1.02E-6,2.0E-7,6.0E-7,M3,1.4040000000000001E-5,1.42E-6,2.0E-7,5.6E-7,M3,1.398E-5,9.2E-7,3.2E-7,1.12E-6,M3,1.3180000000000001E-5,1.72E-6,1.12E-6,3.2E-7,M3,8.82E-6,1.32E-6,3.2E-7,7.2E-7,M4,2.64E-6,1.974E-5,2.0E-7,1.0E-6,M4,1.84E-6,2.054E-5,1.0E-6,2.0E-7,M4,1.4900000000000001E-6,2.054E-5,1.35E-6,2.0E-7,M4,1.4900000000000001E-6,2.054E-5,2.0E-7,6.0E-7,M4,1.3255000000000001E-5,2.12E-6,2.0E-7,1.0E-6,M4,1.3255000000000001E-5,2.12E-6,1.0E-6,2.0E-7,M4,1.3255000000000001E-5,2.12E-6,2.0E-7,1.68E-6,M4,1.3055E-5,3.6000000000000003E-6,6.0E-7,2.0E-7,M4,1.4040000000000001E-5,9.8E-7,2.0E-7,1.0E-6,M4,1.324E-5,1.7800000000000001E-6,1.0E-6,2.0E-7,M4,8.88E-6,1.7800000000000001E-6,5.36E-6,2.0E-7,M4,8.88E-6,1.3800000000000001E-6,2.0E-7,6.0E-7,
M1,2.924E-5,2.0605E-5,2.4000000000000003E-7,6.4E-7,M1,3.029E-5,6.3E-7,2.4000000000000003E-7,6.4E-7,M1,1.0105E-5,3.765E-6,2.4E-6,1.6E-7,M1,1.0105E-5,2.35E-6,1.6E-7,1.575E-6,M1,2.2535E-5,2.35E-6,1.6E-7,1.575E-6,M1,2.0295E-5,3.765E-6,2.4E-6,1.6E-7,M1,2.1380000000000002E-5,4.9050000000000005E-6,1.9200000000000003E-6,1.6E-7,M1,1.3520000000000001E-5,1.5115E-5,5.76E-6,1.6E-7,M1,1.8E-7,1.7085E-5,2.4000000000000003E-7,6.4E-7,M1,4.4E-7,2.1045E-5,2.4000000000000003E-7,6.4E-7,M1,1.2665E-5,1.3335E-5,1.6E-7,7.4E-7,M1,1.262E-5,1.3915E-5,2.05E-7,1.6E-7,M1,3.212E-5,2.1045E-5,2.4000000000000003E-7,6.4E-7,M1,3.238E-5,1.7085E-5,2.4000000000000003E-7,6.4E-7,M1,1.1920000000000001E-5,1.805E-6,8.96E-6,1.6E-7,M1,1.267E-5,1.2015000000000001E-5,6.4E-7,2.4000000000000003E-7,M1,2.482E-5,3.725E-6,6.4E-7,2.4000000000000003E-7,M1,1.326E-5,2.2355000000000002E-5,6.28E-6,1.6E-7,M1,1.011E-5,5.65E-7,2.4000000000000003E-7,6.4E-7,M1,9.460000000000001E-6,4.865E-6,2.4000000000000003E-7,6.4E-7,M1,1.202E-5,1.3295E-5,6.4E-7,2.4000000000000003E-7,M1,1.202E-5,1.9905E-5,1.04E-6,2.4000000000000003E-7,M1,1.202E-5,1.9105E-5,2.4000000000000003E-7,1.04E-6,M1,1.206E-5,1.9945E-5,1.9200000000000003E-6,1.6E-7,M1,2.27E-6,6.3E-7,2.4000000000000003E-7,6.4E-7,M1,3.32E-6,2.0605E-5,2.4000000000000003E-7,6.4E-7,M1,1.8825E-5,1.3295E-5,6.4E-7,2.4000000000000003E-7,M1,1.755E-5,1.0875E-5,6.4E-7,2.4000000000000003E-7,M1,1.712E-5,1.0915E-5,8.3E-7,1.6E-7,M1,1.949E-5,1.2015000000000001E-5,6.4E-7,2.4000000000000003E-7,M1,7.34E-6,3.725E-6,6.4E-7,2.4000000000000003E-7,M1,9.5E-6,4.9050000000000005E-6,1.9200000000000003E-6,1.6E-7,M1,2.31E-5,4.865E-6,2.4000000000000003E-7,6.4E-7,M1,2.245E-5,5.65E-7,2.4000000000000003E-7,6.4E-7,M1,8.66E-6,1.805E-6,1.6E-7,2.3E-7,M1,8.62E-6,1.035E-6,2.4000000000000003E-7,1.04E-6,M1,7.82E-6,1.835E-6,1.04E-6,2.4000000000000003E-7,M1,4.0E-6,1.435E-6,2.4000000000000003E-7,6.4E-7,M1,2.398E-5,1.875E-6,4.78E-6,1.6E-7,M1,2.398E-5,1.805E-6,1.6E-7,2.3E-7,M1,2.9325E-5,2.0E-8,6.4E-7,2.4000000000000003E-7,M1,5.69E-6,2.0E-8,6.4E-7,2.4000000000000003E-7,M1,1.635E-6,6.000000000000001E-8,4.455E-6,1.6E-7,M1,1.485E-5,1.0915E-5,8.3E-7,1.6E-7,M1,1.461E-5,1.0875E-5,6.4E-7,2.4000000000000003E-7,M1,1.3335E-5,1.3295E-5,6.4E-7,2.4000000000000003E-7,M1,2.002E-5,1.3335E-5,1.6E-7,7.4E-7,M1,1.9975E-5,1.3335E-5,2.05E-7,1.6E-7,M1,2.116E-5,1.4315000000000001E-5,2.4000000000000003E-7,6.4E-7,M1,2.116E-5,2.2315E-5,1.04E-6,2.4000000000000003E-7,M1,2.116E-5,2.1515E-5,2.4000000000000003E-7,1.04E-6,M1,2.12E-5,2.2355000000000002E-5,1.94E-6,1.6E-7,M1,1.882E-5,1.5695E-5,1.6E-7,4.41E-6,M1,1.882E-5,1.5695E-5,4.05E-7,1.6E-7,M2,2.926E-5,2.0625E-5,2.0E-7,6.0E-7,M2,2.926E-5,1.9895000000000002E-5,2.0E-7,9.3E-7,M2,2.92E-5,1.9635E-5,3.2E-7,7.2E-7,M2,3.025E-5,5.9E-7,3.2E-7,7.2E-7,M2,1.4E-7,1.7045E-5,3.2E-7,7.2E-7,M2,4.0E-7,2.1005E-5,3.2E-7,7.2E-7,M2,3.208E-5,2.1005E-5,3.2E-7,7.2E-7,M2,3.234E-5,1.7045E-5,3.2E-7,7.2E-7,M2,1.2630000000000001E-5,1.1975E-5,7.2E-7,3.2E-7,M2,2.478E-5,3.685E-6,7.2E-7,3.2E-7,M2,1.007E-5,5.250000000000001E-7,3.2E-7,7.2E-7,M2,9.42E-6,4.825E-6,3.2E-7,7.2E-7,M2,1.204E-5,1.3315E-5,6.0E-7,2.0E-7,M2,1.204E-5,1.3315E-5,2.0E-7,6.81E-6,M2,1.204E-5,1.9925E-5,1.0E-6,2.0E-7,M2,1.204E-5,1.9125E-5,2.0E-7,1.0E-6,M2,2.29E-6,6.5E-7,2.0E-7,6.0E-7,M2,2.29E-6,6.5E-7,2.0E-7,1.9445E-5,M2,2.2300000000000002E-6,1.9635E-5,3.2E-7,7.2E-7,M2,3.28E-6,2.0565E-5,3.2E-7,7.2E-7,M2,1.8845E-5,1.3315E-5,6.0E-7,2.0E-7,M2,1.9045E-5,1.0895E-5,2.0E-7,2.62E-6,M2,1.8185E-5,1.0835E-5,1.12E-6,3.2E-7,M2,1.8985000000000002E-5,1.0835E-5,3.2E-7,1.12E-6,M2,1.751E-5,1.0835E-5,7.2E-7,3.2E-7,M2,1.951E-5,1.2035E-5,6.0E-7,2.0E-7,M2,1.971E-5,3.745E-6,2.0E-7,8.49E-6,M2,1.885E-5,3.685E-6,1.12E-6,3.2E-7,M2,1.965E-5,3.685E-6,3.2E-7,1.12E-6,M2,7.3E-6,3.685E-6,7.2E-7,3.2E-7,M2,2.306E-5,4.825E-6,3.2E-7,7.2E-7,M2,2.241E-5,5.250000000000001E-7,3.2E-7,7.2E-7,M2,8.580000000000001E-6,9.95E-7,3.2E-7,1.12E-6,M2,7.78E-6,1.795E-6,1.12E-6,3.2E-7,M2,3.96E-6,1.395E-6,3.2E-7,7.2E-7,M2,2.9345E-5,4.0E-8,6.0E-7,2.0E-7,M2,5.91E-6,4.0E-8,2.3835E-5,2.0E-7,M2,5.71E-6,4.0E-8,6.0E-7,2.0E-7,M2,1.463E-5,1.0895E-5,6.0E-7,2.0E-7,M2,1.3555E-5,1.0895E-5,1.475E-6,2.0E-7,M2,1.3555E-5,1.0895E-5,2.0E-7,2.62E-6,M2,1.3355E-5,1.3315E-5,6.0E-7,2.0E-7,M2,2.118E-5,1.4335E-5,2.0E-7,6.0E-7,M2,2.118E-5,1.4335E-5,2.0E-7,8.2E-6,M2,2.118E-5,2.2335000000000002E-5,1.0E-6,2.0E-7,M2,2.118E-5,2.1535E-5,2.0E-7,1.0E-6,M3,2.926E-5,1.9695E-5,2.0E-7,6.0E-7,M3,2.926E-5,6.5E-7,2.0E-7,1.9445E-5,M3,2.926E-5,6.5E-7,1.25E-6,2.0E-7,M3,3.031E-5,6.5E-7,2.0E-7,6.0E-7,M3,2.0E-7,1.7105E-5,2.0E-7,6.0E-7,M3,2.0E-7,1.7505E-5,4.6E-7,2.0E-7,M3,4.6E-7,1.7505E-5,2.0E-7,3.76E-6,M3,4.6E-7,2.1065E-5,2.0E-7,6.0E-7,M3,3.214E-5,2.1065E-5,2.0E-7,6.0E-7,M3,3.214E-5,1.7505E-5,2.0E-7,3.76E-6,M3,3.214E-5,1.7505E-5,4.6E-7,2.0E-7,M3,3.24E-5,1.7105E-5,2.0E-7,6.0E-7,M3,1.2630000000000001E-5,1.1975E-5,7.2E-7,3.2E-7,M3,2.498E-5,1.1175E-5,3.2E-7,1.12E-6,M3,2.418E-5,1.1975E-5,1.12E-6,3.2E-7,M3,2.504E-5,3.745E-6,2.0E-7,8.49E-6,M3,2.484E-5,3.745E-6,6.0E-7,2.0E-7,M3,1.007E-5,5.250000000000001E-7,3.2E-7,7.2E-7,M3,9.42E-6,4.825E-6,3.2E-7,7.2E-7,M3,2.29E-6,1.9695E-5,2.0E-7,6.0E-7,M3,2.29E-6,1.9895000000000002E-5,2.0E-7,9.3E-7,M3,2.29E-6,2.0625E-5,1.25E-6,2.0E-7,M3,3.34E-6,2.0625E-5,2.0E-7,6.0E-7,M3,1.8245E-5,1.0895E-5,1.0E-6,2.0E-7,M3,1.9045E-5,1.0895E-5,2.0E-7,1.0E-6,M3,1.777E-5,1.0895E-5,1.475E-6,2.0E-7,M3,1.757E-5,1.0895E-5,6.0E-7,2.0E-7,M3,1.885E-5,3.685E-6,1.12E-6,3.2E-7,M3,1.965E-5,3.685E-6,3.2E-7,1.12E-6,M3,7.3E-6,3.685E-6,7.2E-7,3.2E-7,M3,2.306E-5,4.825E-6,3.2E-7,7.2E-7,M3,2.241E-5,4.825E-6,1.12E-6,3.2E-7,M3,2.241E-5,4.0250000000000004E-6,3.2E-7,1.12E-6,M3,2.247E-5,5.85E-7,2.0E-7,4.5E-6,M3,2.247E-5,5.85E-7,2.0E-7,6.0E-7,M3,8.64E-6,1.055E-6,2.0E-7,1.0E-6,M3,7.84E-6,1.855E-6,1.0E-6,2.0E-7,M3,4.0200000000000005E-6,1.855E-6,4.8200000000000004E-6,2.0E-7,M3,4.0200000000000005E-6,1.455E-6,2.0E-7,6.0E-7,M4,1.2630000000000001E-5,1.1975E-5,7.2E-7,3.2E-7,M4,2.498E-5,1.1175E-5,3.2E-7,1.12E-6,M4,2.418E-5,1.1975E-5,1.12E-6,3.2E-7,M4,1.007E-5,5.250000000000001E-7,3.2E-7,7.2E-7,M4,9.42E-6,4.825E-6,3.2E-7,7.2E-7,M4,1.885E-5,3.685E-6,1.12E-6,3.2E-7,M4,1.965E-5,3.685E-6,3.2E-7,1.12E-6,M4,7.3E-6,3.685E-6,7.2E-7,3.2E-7,M4,2.312E-5,4.885E-6,2.0E-7,6.0E-7,M4,2.247E-5,4.885E-6,8.5E-7,2.0E-7,M4,2.247E-5,4.885E-6,1.0E-6,2.0E-7,M4,2.247E-5,4.085E-6,2.0E-7,1.0E-6,M5,1.2630000000000001E-5,1.1975E-5,7.2E-7,3.2E-7,M5,2.498E-5,1.1175E-5,3.2E-7,1.12E-6,M5,2.418E-5,1.1975E-5,1.12E-6,3.2E-7,M5,1.013E-5,5.85E-7,2.0E-7,6.0E-7,M5,1.013E-5,5.85E-7,2.0E-7,4.5E-6,M5,9.48E-6,4.885E-6,8.5E-7,2.0E-7,M5,9.48E-6,4.885E-6,2.0E-7,6.0E-7,M5,1.885E-5,3.685E-6,1.12E-6,3.2E-7,M5,1.965E-5,3.685E-6,3.2E-7,1.12E-6,M5,7.3E-6,3.685E-6,7.2E-7,3.2E-7,M6,1.239E-5,1.1935E-5,1.2E-6,4.0E-7,M6,2.4940000000000002E-5,1.0335E-5,4.0E-7,2.0E-6,M6,2.334E-5,1.1935E-5,2.0E-6,4.0E-7,M6,1.891E-5,3.745E-6,1.0E-6,2.0E-7,M6,1.971E-5,3.745E-6,2.0E-7,1.0E-6,M6,7.5600000000000005E-6,3.745E-6,1.235E-5,2.0E-7,M6,7.36E-6,3.745E-6,6.0E-7,2.0E-7,M7,1.239E-5,1.1935E-5,1.2E-6,4.0E-7,M7,1.279E-5,1.1935E-5,1.255E-5,4.0E-7,M7,2.4940000000000002E-5,1.0335E-5,4.0E-7,2.0E-6,M7,2.334E-5,1.1935E-5,2.0E-6,4.0E-7,
M1,3.298E-5,1.8235E-5,5.2E-7,1.6E-7,M1,3.298E-5,1.8450000000000001E-6,1.6E-7,1.655E-5,M1,2.284E-5,5.405E-6,1.9200000000000003E-6,1.6E-7,M1,3.68E-6,1.405E-6,2.4000000000000003E-7,6.4E-7,M1,3.32E-6,1.8195E-5,2.4000000000000003E-7,6.4E-7,M1,1.8E-7,1.4675000000000001E-5,2.4000000000000003E-7,6.4E-7,M1,4.4E-7,1.8635E-5,2.4000000000000003E-7,6.4E-7,M1,2.1195E-5,1.1665000000000001E-5,6.4E-7,2.4000000000000003E-7,M1,2.144E-5,1.2225E-5,2.4000000000000003E-7,6.4E-7,M1,2.232E-5,2.35E-6,5.19E-6,1.6E-7,M1,2.232E-5,2.35E-6,1.6E-7,2.075E-6,M1,2.995E-5,1.365E-6,2.4000000000000003E-7,6.4E-7,M1,3.402E-5,1.8450000000000001E-6,2.4000000000000003E-7,6.4E-7,M1,3.618E-5,1.8635E-5,2.4000000000000003E-7,6.4E-7,M1,3.6440000000000003E-5,1.4675000000000001E-5,2.4000000000000003E-7,6.4E-7,M1,2.16E-5,1.399E-5,6.4E-7,2.4000000000000003E-7,M1,2.284E-5,1.7495E-5,6.4E-7,2.4000000000000003E-7,M1,2.018E-5,1.1665000000000001E-5,6.4E-7,2.4000000000000003E-7,M1,1.911E-5,8.845000000000001E-6,2.4000000000000003E-7,6.4E-7,M1,9.97E-6,1.805E-6,1.692E-5,1.6E-7,M1,2.508E-5,4.225E-6,6.4E-7,2.4000000000000003E-7,M1,1.677E-5,4.225E-6,6.4E-7,2.4000000000000003E-7,M1,2.34E-5,1.9585E-5,2.4000000000000003E-7,6.4E-7,M1,2.262E-5,1.303E-5,2.4000000000000003E-7,6.4E-7,M1,2.6E-6,1.8450000000000001E-6,2.4000000000000003E-7,6.4E-7,M1,6.6700000000000005E-6,1.365E-6,2.4000000000000003E-7,6.4E-7,M1,1.612E-5,1.347E-5,4.62E-6,1.6E-7,M1,1.322E-5,1.9585E-5,2.4000000000000003E-7,6.4E-7,M1,1.4E-5,1.303E-5,2.4000000000000003E-7,6.4E-7,M1,1.518E-5,1.2225E-5,2.4000000000000003E-7,6.4E-7,M1,1.5025000000000001E-5,1.1665000000000001E-5,6.4E-7,2.4000000000000003E-7,M1,1.2100000000000001E-5,5.405E-6,1.9200000000000003E-6,1.6E-7,M1,2.46E-5,6.05E-7,1.6E-7,4.96E-6,M1,2.46E-5,6.05E-7,4.06E-6,1.6E-7,M1,1.1580000000000001E-5,4.265E-6,8.07E-6,1.6E-7,M1,1.751E-5,8.845000000000001E-6,2.4000000000000003E-7,6.4E-7,M1,1.604E-5,1.1665000000000001E-5,6.4E-7,2.4000000000000003E-7,M1,1.2100000000000001E-5,6.05E-7,1.6E-7,4.96E-6,M1,8.2E-6,6.05E-7,4.06E-6,1.6E-7,M1,3.3800000000000002E-6,2.9850000000000002E-6,3.01E-5,1.6E-7,M1,1.338E-5,1.7495E-5,6.4E-7,2.4000000000000003E-7,M1,1.462E-5,1.6695000000000002E-5,2.4000000000000003E-7,1.04E-6,M1,1.382E-5,1.7495E-5,1.04E-6,2.4000000000000003E-7,M1,1.466E-5,1.403E-5,1.6E-7,3.665E-6,M1,9.35E-6,2.35E-6,5.19E-6,1.6E-7,M1,1.438E-5,2.35E-6,1.6E-7,2.075E-6,M2,3.7E-6,1.4250000000000001E-6,2.0E-7,6.0E-7,M2,3.7E-6,1.825E-6,2.0E-7,1.659E-5,M2,3.64E-6,1.7355E-5,3.2E-7,1.12E-6,M2,2.84E-6,1.8155E-5,1.12E-6,3.2E-7,M2,3.28E-6,1.8155E-5,3.2E-7,7.2E-7,M2,1.4E-7,1.4635E-5,3.2E-7,7.2E-7,M2,4.0E-7,1.8595E-5,3.2E-7,7.2E-7,M2,2.1215E-5,1.1685E-5,6.0E-7,2.0E-7,M2,2.1415E-5,1.1685E-5,2.45E-7,2.0E-7,M2,2.146E-5,1.1685E-5,2.0E-7,7.6E-7,M2,2.146E-5,1.2245E-5,2.0E-7,6.0E-7,M2,2.991E-5,1.325E-6,3.2E-7,7.2E-7,M2,3.398E-5,1.805E-6,3.2E-7,7.2E-7,M2,3.614E-5,1.8595E-5,3.2E-7,7.2E-7,M2,3.6400000000000004E-5,1.4635E-5,3.2E-7,7.2E-7,M2,2.162E-5,1.401E-5,6.0E-7,2.0E-7,M2,2.202E-5,1.401E-5,2.0E-7,3.705E-6,M2,2.202E-5,1.7515E-5,3.85E-7,2.0E-7,M2,2.2205000000000002E-5,1.7515E-5,8.55E-7,2.0E-7,M2,2.286E-5,1.7515E-5,6.0E-7,2.0E-7,M2,2.02E-5,1.1685E-5,6.0E-7,2.0E-7,M2,1.913E-5,1.1685E-5,1.2700000000000001E-6,2.0E-7,M2,1.913E-5,9.265E-6,2.0E-7,2.62E-6,M2,1.913E-5,8.865E-6,2.0E-7,6.0E-7,M2,2.51E-5,4.245E-6,6.0E-7,2.0E-7,M2,1.719E-5,4.245E-6,8.11E-6,2.0E-7,M2,1.679E-5,4.245E-6,6.0E-7,2.0E-7,M2,2.342E-5,1.9605E-5,2.0E-7,6.0E-7,M2,2.342E-5,1.345E-5,2.0E-7,6.7550000000000005E-6,M2,2.264E-5,1.345E-5,9.8E-7,2.0E-7,M2,2.264E-5,1.305E-5,2.0E-7,6.0E-7,M2,2.56E-6,1.805E-6,3.2E-7,7.2E-7,M2,6.63E-6,1.325E-6,3.2E-7,7.2E-7,M2,1.324E-5,1.9605E-5,2.0E-7,6.0E-7,M2,1.324E-5,1.345E-5,2.0E-7,6.7550000000000005E-6,M2,1.324E-5,1.345E-5,9.8E-7,2.0E-7,M2,1.402E-5,1.305E-5,2.0E-7,6.0E-7,M2,1.52E-5,1.2245E-5,2.0E-7,6.0E-7,M2,1.52E-5,1.2245E-5,2.45E-7,2.0E-7,M2,1.5245E-5,1.1685E-5,2.0E-7,7.6E-7,M2,1.5045E-5,1.1685E-5,6.0E-7,2.0E-7,M2,1.747E-5,8.805E-6,3.2E-7,7.2E-7,M2,1.6E-5,1.1625E-5,7.2E-7,3.2E-7,M2,1.3340000000000001E-5,1.7455E-5,7.2E-7,3.2E-7,M2,1.4580000000000001E-5,1.6655E-5,3.2E-7,1.12E-6,M2,1.378E-5,1.7455E-5,1.12E-6,3.2E-7,M3,3.7E-6,1.7415000000000002E-5,2.0E-7,1.0E-6,M3,2.9E-6,1.8215E-5,1.0E-6,2.0E-7,M3,3.34E-6,1.8215E-5,5.6E-7,2.0E-7,M3,3.34E-6,1.8215E-5,2.0E-7,6.0E-7,M3,2.0E-7,1.4695E-5,2.0E-7,6.0E-7,M3,2.0E-7,1.5095E-5,4.6E-7,2.0E-7,M3,4.6E-7,1.5095E-5,2.0E-7,3.76E-6,M3,4.6E-7,1.8655E-5,2.0E-7,6.0E-7,M3,2.997E-5,1.385E-6,2.0E-7,6.0E-7,M3,2.997E-5,1.785E-6,2.0E-7,6.800000000000001E-7,M3,2.997E-5,2.265E-6,4.27E-6,2.0E-7,M3,3.404E-5,1.8650000000000001E-6,2.0E-7,6.0E-7,M3,3.62E-5,1.8655E-5,2.0E-7,6.0E-7,M3,3.62E-5,1.5095E-5,2.0E-7,3.76E-6,M3,3.62E-5,1.5095E-5,4.6E-7,2.0E-7,M3,3.646E-5,1.4695E-5,2.0E-7,6.0E-7,M3,2.62E-6,1.8650000000000001E-6,2.0E-7,6.0E-7,M3,2.62E-6,2.265E-6,4.27E-6,2.0E-7,M3,6.69E-6,1.785E-6,2.0E-7,6.800000000000001E-7,M3,6.69E-6,1.385E-6,2.0E-7,6.0E-7,M3,1.753E-5,8.865E-6,2.0E-7,6.0E-7,M3,1.753E-5,9.265E-6,2.0E-7,2.62E-6,M3,1.646E-5,1.1685E-5,1.2700000000000001E-6,2.0E-7,M3,1.606E-5,1.1685E-5,6.0E-7,2.0E-7,M3,1.34E-5,1.7515E-5,6.0E-7,2.0E-7,M3,1.38E-5,1.7515E-5,1.04E-6,2.0E-7,M3,1.464E-5,1.6715000000000002E-5,2.0E-7,1.0E-6,M3,1.384E-5,1.7515E-5,1.0E-6,2.0E-7,
M1,2.165E-5,1.5465000000000002E-5,2.4000000000000003E-7,6.4E-7,M1,3.268E-5,1.999E-5,2.4000000000000003E-7,6.4E-7,M1,1.4390000000000001E-5,1.805E-6,4.58E-6,1.6E-7,M1,2.221E-5,1.805E-6,4.61E-6,1.6E-7,M1,2.6660000000000002E-5,1.805E-6,1.6E-7,1.65E-7,M1,2.133E-5,2.35E-6,1.6E-7,1.45E-6,M1,2.133E-5,3.64E-6,1.8E-7,1.6E-7,M1,2.0700000000000002E-5,1.468E-5,2.7E-7,1.6E-7,M1,2.0700000000000002E-5,1.398E-5,1.6E-7,8.6E-7,M1,1.309E-5,1.5905E-5,7.18E-6,1.6E-7,M1,2.04E-5,1.6605E-5,2.2E-7,1.6E-7,M1,2.04E-5,1.6605E-5,1.6E-7,2.445E-6,M1,1.8E-7,1.603E-5,2.4000000000000003E-7,6.4E-7,M1,1.8E-7,1.999E-5,1.04E-6,2.4000000000000003E-7,M1,1.8E-7,1.919E-5,2.4000000000000003E-7,1.04E-6,M1,2.2E-7,2.003E-5,4.2E-7,1.6E-7,M1,3.272E-5,2.003E-5,4.2E-7,1.6E-7,M1,3.294E-5,1.919E-5,2.4000000000000003E-7,1.04E-6,M1,3.214E-5,1.999E-5,1.04E-6,2.4000000000000003E-7,M1,3.294E-5,1.603E-5,2.4000000000000003E-7,6.4E-7,M1,1.226E-5,1.394E-5,6.4E-7,2.4000000000000003E-7,M1,1.576E-5,1.112E-5,2.4000000000000003E-7,6.4E-7,M1,1.187E-5,2.35E-6,1.6E-7,1.45E-6,M1,1.185E-5,3.64E-6,1.8E-7,1.6E-7,M1,1.8105E-5,1.266E-5,6.4E-7,2.4000000000000003E-7,M1,8.61E-6,1.757E-5,6.4E-7,2.4000000000000003E-7,M1,1.147E-5,1.5465000000000002E-5,2.4000000000000003E-7,6.4E-7,M1,4.4E-7,1.999E-5,2.4000000000000003E-7,6.4E-7,M1,6.54E-6,1.805E-6,4.61E-6,1.6E-7,M1,6.54E-6,1.805E-6,1.6E-7,1.65E-7,M1,3.109E-5,5.7E-7,2.4000000000000003E-7,6.4E-7,M1,3.154E-5,1.955E-5,2.4000000000000003E-7,6.4E-7,M1,2.411E-5,1.757E-5,6.4E-7,2.4000000000000003E-7,M1,1.4615E-5,1.266E-5,6.4E-7,2.4000000000000003E-7,M1,9.57E-6,4.78E-6,1.9200000000000003E-6,1.6E-7,M1,2.567E-5,2.3200000000000002E-6,6.4E-7,2.4000000000000003E-7,M1,7.05E-6,2.3200000000000002E-6,6.4E-7,2.4000000000000003E-7,M1,1.736E-5,1.112E-5,2.4000000000000003E-7,6.4E-7,M1,2.046E-5,1.394E-5,6.4E-7,2.4000000000000003E-7,M1,1.239E-5,1.468E-5,2.7E-7,1.6E-7,M1,1.25E-5,1.398E-5,1.6E-7,8.6E-7,M1,1.236E-5,1.885E-5,6.4E-7,2.4000000000000003E-7,M1,1.196E-5,1.6565E-5,1.04E-6,2.4000000000000003E-7,M1,1.276E-5,1.6565E-5,2.4000000000000003E-7,1.04E-6,M1,1.274E-5,1.6605E-5,2.2E-7,1.6E-7,M1,9.53E-6,4.74E-6,2.4000000000000003E-7,6.4E-7,M1,9.49E-6,9.25E-7,2.4000000000000003E-7,6.4E-7,M1,2.187E-5,4.78E-6,1.9200000000000003E-6,1.6E-7,M1,2.03E-6,5.7E-7,2.4000000000000003E-7,6.4E-7,M1,1.5800000000000001E-6,1.955E-5,2.4000000000000003E-7,6.4E-7,M1,2.359E-5,4.74E-6,2.4000000000000003E-7,6.4E-7,M1,2.363E-5,9.25E-7,2.4000000000000003E-7,6.4E-7,M2,2.161E-5,1.5425E-5,3.2E-7,7.2E-7,M2,3.264E-5,1.995E-5,3.2E-7,7.2E-7,M2,2.0E-7,1.605E-5,2.0E-7,6.0E-7,M2,2.0E-7,1.645E-5,2.0E-7,3.76E-6,M2,2.0E-7,2.001E-5,1.0E-6,2.0E-7,M2,2.0E-7,1.921E-5,2.0E-7,1.0E-6,M2,3.296E-5,1.921E-5,2.0E-7,1.0E-6,M2,3.2160000000000004E-5,2.001E-5,1.0E-6,2.0E-7,M2,3.296E-5,1.645E-5,2.0E-7,3.76E-6,M2,3.296E-5,1.605E-5,2.0E-7,6.0E-7,M2,1.222E-5,1.39E-5,7.2E-7,3.2E-7,M2,1.242E-5,1.148E-5,3.2E-7,1.12E-6,M2,1.242E-5,1.148E-5,1.12E-6,3.2E-7,M2,1.248E-5,1.154E-5,3.5E-6,2.0E-7,M2,1.578E-5,1.114E-5,2.0E-7,6.0E-7,M2,1.8065E-5,1.262E-5,7.2E-7,3.2E-7,M2,8.570000000000001E-6,1.753E-5,7.2E-7,3.2E-7,M2,1.143E-5,1.5425E-5,3.2E-7,7.2E-7,M2,4.0E-7,1.995E-5,3.2E-7,7.2E-7,M2,3.111E-5,5.9E-7,2.0E-7,6.0E-7,M2,3.111E-5,5.9E-7,6.5E-7,2.0E-7,M2,3.156E-5,5.9E-7,2.0E-7,1.918E-5,M2,3.156E-5,1.957E-5,2.0E-7,6.0E-7,M2,2.407E-5,1.753E-5,7.2E-7,3.2E-7,M2,2.2475E-5,1.753E-5,7.2E-7,3.2E-7,M2,1.4835000000000001E-5,1.759E-5,8.1E-6,2.0E-7,M2,1.4775E-5,1.753E-5,1.12E-6,3.2E-7,M2,1.4775E-5,1.673E-5,3.2E-7,1.12E-6,M2,1.4575E-5,1.262E-5,7.2E-7,3.2E-7,M2,2.569E-5,2.34E-6,6.0E-7,2.0E-7,M2,7.4700000000000005E-6,2.34E-6,1.842E-5,2.0E-7,M2,7.07E-6,2.34E-6,6.0E-7,2.0E-7,M2,1.738E-5,1.114E-5,2.0E-7,6.0E-7,M2,1.738E-5,1.154E-5,3.5E-6,2.0E-7,M2,1.982E-5,1.148E-5,1.12E-6,3.2E-7,M2,2.062E-5,1.148E-5,3.2E-7,1.12E-6,M2,2.042E-5,1.39E-5,7.2E-7,3.2E-7,M2,1.238E-5,1.887E-5,6.0E-7,2.0E-7,M2,1.278E-5,1.6585E-5,2.0E-7,2.485E-6,M2,1.198E-5,1.6585E-5,1.0E-6,2.0E-7,M2,1.278E-5,1.6585E-5,2.0E-7,1.0E-6,M2,9.49E-6,4.7E-6,3.2E-7,7.2E-7,M2,9.450000000000001E-6,8.85E-7,3.2E-7,7.2E-7,M2,2.05E-6,5.9E-7,2.0E-7,6.0E-7,M2,1.6E-6,5.9E-7,6.5E-7,2.0E-7,M2,1.6E-6,5.9E-7,2.0E-7,1.918E-5,M2,1.6E-6,1.957E-5,2.0E-7,6.0E-7,M2,2.355E-5,4.7E-6,3.2E-7,7.2E-7,M2,2.359E-5,8.85E-7,3.2E-7,7.2E-7,M3,2.161E-5,1.5425E-5,3.2E-7,7.2E-7,M3,3.264E-5,1.995E-5,3.2E-7,7.2E-7,M3,1.222E-5,1.39E-5,7.2E-7,3.2E-7,M3,1.242E-5,1.148E-5,3.2E-7,1.12E-6,M3,1.242E-5,1.148E-5,1.12E-6,3.2E-7,M3,1.8065E-5,1.262E-5,7.2E-7,3.2E-7,M3,8.570000000000001E-6,1.753E-5,7.2E-7,3.2E-7,M3,1.143E-5,1.5425E-5,3.2E-7,7.2E-7,M3,4.0E-7,1.995E-5,3.2E-7,7.2E-7,M3,2.407E-5,1.753E-5,7.2E-7,3.2E-7,M3,2.2475E-5,1.753E-5,7.2E-7,3.2E-7,M3,1.4835000000000001E-5,1.759E-5,1.0E-6,2.0E-7,M3,1.4835000000000001E-5,1.679E-5,2.0E-7,1.0E-6,M3,1.4835000000000001E-5,1.268E-5,2.0E-7,5.11E-6,M3,1.4635E-5,1.268E-5,6.0E-7,2.0E-7,M3,1.982E-5,1.148E-5,1.12E-6,3.2E-7,M3,2.062E-5,1.148E-5,3.2E-7,1.12E-6,M3,2.042E-5,1.39E-5,7.2E-7,3.2E-7,M3,9.55E-6,4.76E-6,2.0E-7,6.0E-7,M3,9.55E-6,1.345E-6,2.0E-7,3.615E-6,M3,9.51E-6,1.345E-6,2.4000000000000003E-7,2.0E-7,M3,9.51E-6,9.450000000000001E-7,2.0E-7,6.0E-7,M3,2.361E-5,4.76E-6,2.0E-7,6.0E-7,M3,2.361E-5,1.345E-6,2.0E-7,3.615E-6,M3,2.361E-5,1.345E-6,2.4000000000000003E-7,2.0E-7,M3,2.365E-5,9.450000000000001E-7,2.0E-7,6.0E-7,M4,2.167E-5,1.5485E-5,2.0E-7,6.0E-7,M4,2.167E-5,1.5885E-5,1.1230000000000001E-5,2.0E-7,M4,3.27E-5,1.5885E-5,2.0E-7,4.325E-6,M4,3.27E-5,2.001E-5,2.0E-7,6.0E-7,M4,1.2280000000000001E-5,1.396E-5,6.0E-7,2.0E-7,M4,1.248E-5,1.154E-5,2.0E-7,2.62E-6,M4,1.248E-5,1.154E-5,2.0E-7,1.0E-6,M4,1.248E-5,1.154E-5,1.0E-6,2.0E-7,M4,1.8065E-5,1.262E-5,7.2E-7,3.2E-7,M4,1.0165E-5,1.753E-5,7.2E-7,3.2E-7,M4,9.03E-6,1.759E-5,1.595E-6,2.0E-7,M4,8.63E-6,1.759E-5,6.0E-7,2.0E-7,M4,1.149E-5,1.5485E-5,2.0E-7,6.0E-7,M4,4.6E-7,1.5885E-5,1.1230000000000001E-5,2.0E-7,M4,4.6E-7,1.5885E-5,2.0E-7,4.325E-6,M4,4.6E-7,2.001E-5,2.0E-7,6.0E-7,M4,2.413E-5,1.759E-5,6.0E-7,2.0E-7,M4,2.2735000000000002E-5,1.759E-5,1.595E-6,2.0E-7,M4,2.2535E-5,1.759E-5,6.0E-7,2.0E-7,M4,1.988E-5,1.154E-5,1.0E-6,2.0E-7,M4,2.0680000000000002E-5,1.154E-5,2.0E-7,1.0E-6,M4,2.0680000000000002E-5,1.154E-5,2.0E-7,2.62E-6,M4,2.048E-5,1.396E-5,6.0E-7,2.0E-7,M5,1.8065E-5,1.262E-5,7.2E-7,3.2E-7,M5,1.0165E-5,1.753E-5,7.2E-7,3.2E-7,M6,1.8125E-5,1.268E-5,6.0E-7,2.0E-7,M6,1.8325E-5,1.268E-5,2.0E-7,5.11E-6,M6,1.0425000000000001E-5,1.759E-5,8.1E-6,2.0E-7,M6,1.0225E-5,1.759E-5,6.0E-7,2.0E-7,
M1,1.25E-5,1.5975E-5,6.4E-7,2.4000000000000003E-7,M1,1.236E-5,1.893E-5,6.4E-7,2.4000000000000003E-7,M1,1.4390000000000001E-5,1.805E-6,4.58E-6,1.6E-7,M1,2.098E-5,2.197E-5,2.4000000000000003E-7,6.4E-7,M1,2.165E-5,1.4875E-5,2.4000000000000003E-7,6.4E-7,M1,1.309E-5,1.5315E-5,7.18E-6,1.6E-7,M1,3.268E-5,2.007E-5,2.4000000000000003E-7,6.4E-7,M1,3.294E-5,1.611E-5,2.4000000000000003E-7,6.4E-7,M1,4.4E-7,2.007E-5,2.4000000000000003E-7,6.4E-7,M1,1.8E-7,1.611E-5,2.4000000000000003E-7,6.4E-7,M1,1.099E-5,1.805E-6,1.6E-7,2.05E-7,M1,6.54E-6,1.85E-6,4.61E-6,1.6E-7,M1,9.57E-6,4.86E-6,1.485E-6,1.6E-7,M1,1.0895E-5,4.86E-6,5.95E-7,1.6E-7,M1,2.0700000000000002E-5,1.339E-5,2.7E-7,1.6E-7,M1,2.081E-5,1.339E-5,1.6E-7,8.6E-7,M1,8.61E-6,1.765E-5,6.4E-7,2.4000000000000003E-7,M1,1.8905E-5,1.201E-5,2.4000000000000003E-7,6.4E-7,M1,1.8945E-5,1.2110000000000001E-5,1.6E-7,3.0E-7,M1,9.53E-6,4.8200000000000004E-6,2.4000000000000003E-7,6.4E-7,M1,9.49E-6,9.25E-7,2.4000000000000003E-7,6.4E-7,M1,2.359E-5,4.8200000000000004E-6,2.4000000000000003E-7,6.4E-7,M1,2.363E-5,9.25E-7,2.4000000000000003E-7,6.4E-7,M1,1.214E-5,2.197E-5,2.4000000000000003E-7,6.4E-7,M1,1.147E-5,1.4875E-5,2.4000000000000003E-7,6.4E-7,M1,2.036E-5,1.893E-5,6.4E-7,2.4000000000000003E-7,M1,2.022E-5,1.5975E-5,6.4E-7,2.4000000000000003E-7,M1,2.523E-5,9.7E-7,2.4000000000000003E-7,6.4E-7,M1,2.578E-5,1.963E-5,2.4000000000000003E-7,6.4E-7,M1,2.567E-5,2.0E-8,6.4E-7,2.4000000000000003E-7,M1,7.05E-6,2.0E-8,6.4E-7,2.4000000000000003E-7,M1,1.74E-5,1.097E-5,1.6E-7,4.1E-7,M1,1.736E-5,1.098E-5,2.4000000000000003E-7,6.4E-7,M1,1.971E-5,1.3350000000000001E-5,6.4E-7,2.4000000000000003E-7,M1,1.2810000000000001E-5,3.68E-6,6.4E-7,2.4000000000000003E-7,M1,1.29E-5,2.31E-6,6.4E-7,2.4000000000000003E-7,M1,1.4015E-5,1.207E-5,6.4E-7,2.4000000000000003E-7,M1,2.431E-5,1.765E-5,6.4E-7,2.4000000000000003E-7,M1,7.89E-6,9.7E-7,2.4000000000000003E-7,6.4E-7,M1,7.34E-6,1.963E-5,2.4000000000000003E-7,6.4E-7,M1,1.58E-5,1.097E-5,1.6E-7,4.1E-7,M1,1.576E-5,1.098E-5,2.4000000000000003E-7,6.4E-7,M1,1.301E-5,1.3350000000000001E-5,6.4E-7,2.4000000000000003E-7,M1,1.239E-5,1.409E-5,2.7E-7,1.6E-7,M1,1.25E-5,1.339E-5,1.6E-7,8.6E-7,M1,2.221E-5,1.805E-6,1.6E-7,2.05E-7,M1,2.221E-5,1.85E-6,4.61E-6,1.6E-7,M1,2.2305E-5,4.86E-6,1.485E-6,1.6E-7,M1,2.187E-5,4.86E-6,5.95E-7,1.6E-7,M1,1.982E-5,2.31E-6,6.4E-7,2.4000000000000003E-7,M1,2.002E-5,3.68E-6,1.04E-6,2.4000000000000003E-7,M1,2.002E-5,2.88E-6,2.4000000000000003E-7,1.04E-6,M1,2.006E-5,3.72E-6,2.45E-7,1.6E-7,M1,2.0145E-5,3.72E-6,1.65E-7,1.6E-7,M2,1.252E-5,1.5995000000000002E-5,6.0E-7,2.0E-7,M2,1.272E-5,1.5995000000000002E-5,2.0E-7,3.155E-6,M2,1.272E-5,1.895E-5,2.6E-7,2.0E-7,M2,1.238E-5,1.895E-5,6.0E-7,2.0E-7,M2,2.094E-5,2.1930000000000002E-5,3.2E-7,7.2E-7,M2,2.161E-5,1.4835000000000001E-5,3.2E-7,7.2E-7,M2,3.27E-5,2.009E-5,2.0E-7,6.0E-7,M2,3.27E-5,1.653E-5,2.0E-7,3.76E-6,M2,3.27E-5,1.653E-5,4.6E-7,2.0E-7,M2,3.296E-5,1.613E-5,2.0E-7,6.0E-7,M2,4.6E-7,2.009E-5,2.0E-7,6.0E-7,M2,4.6E-7,1.653E-5,2.0E-7,3.76E-6,M2,2.0E-7,1.653E-5,4.6E-7,2.0E-7,M2,2.0E-7,1.613E-5,2.0E-7,6.0E-7,M2,8.570000000000001E-6,1.761E-5,7.2E-7,3.2E-7,M2,1.8865E-5,1.197E-5,3.2E-7,7.2E-7,M2,9.55E-6,4.84E-6,2.0E-7,6.0E-7,M2,9.55E-6,1.345E-6,2.0E-7,3.695E-6,M2,9.51E-6,1.345E-6,2.4000000000000003E-7,2.0E-7,M2,9.51E-6,9.450000000000001E-7,2.0E-7,6.0E-7,M2,2.361E-5,4.84E-6,2.0E-7,6.0E-7,M2,2.361E-5,1.345E-6,2.0E-7,3.695E-6,M2,2.361E-5,1.345E-6,2.4000000000000003E-7,2.0E-7,M2,2.365E-5,9.450000000000001E-7,2.0E-7,6.0E-7,M2,1.2100000000000001E-5,2.1930000000000002E-5,3.2E-7,7.2E-7,M2,1.143E-5,1.4835000000000001E-5,3.2E-7,7.2E-7,M2,2.038E-5,1.895E-5,6.0E-7,2.0E-7,M2,2.038E-5,1.5995000000000002E-5,2.0E-7,3.155E-6,M2,2.038E-5,1.5995000000000002E-5,2.6E-7,2.0E-7,M2,2.024E-5,1.5995000000000002E-5,6.0E-7,2.0E-7,M2,2.525E-5,9.9E-7,2.0E-7,6.0E-7,M2,2.525E-5,1.39E-6,7.5E-7,2.0E-7,M2,2.58E-5,1.39E-6,2.0E-7,1.846E-5,M2,2.58E-5,1.965E-5,2.0E-7,6.0E-7,M2,2.569E-5,4.0E-8,6.0E-7,2.0E-7,M2,7.4700000000000005E-6,4.0E-8,1.842E-5,2.0E-7,M2,7.07E-6,4.0E-8,6.0E-7,2.0E-7,M2,1.738E-5,1.1E-5,2.0E-7,6.0E-7,M2,1.738E-5,1.12E-5,2.0E-7,2.37E-6,M2,1.738E-5,1.337E-5,2.55E-6,2.0E-7,M2,1.973E-5,1.337E-5,6.0E-7,2.0E-7,M2,1.283E-5,3.7E-6,6.0E-7,2.0E-7,M2,1.303E-5,3.7E-6,2.9000000000000003E-7,2.0E-7,M2,1.312E-5,2.33E-6,2.0E-7,1.57E-6,M2,1.292E-5,2.33E-6,6.0E-7,2.0E-7,M2,1.3975000000000001E-5,1.203E-5,7.2E-7,3.2E-7,M2,2.427E-5,1.761E-5,7.2E-7,3.2E-7,M2,7.91E-6,9.9E-7,2.0E-7,6.0E-7,M2,7.36E-6,1.39E-6,7.5E-7,2.0E-7,M2,7.36E-6,1.39E-6,2.0E-7,1.846E-5,M2,7.36E-6,1.965E-5,2.0E-7,6.0E-7,M2,1.578E-5,1.1E-5,2.0E-7,6.0E-7,M2,1.578E-5,1.12E-5,2.0E-7,2.37E-6,M2,1.343E-5,1.337E-5,2.55E-6,2.0E-7,M2,1.303E-5,1.337E-5,6.0E-7,2.0E-7,M2,1.978E-5,2.27E-6,7.2E-7,3.2E-7,M2,1.9980000000000002E-5,3.64E-6,1.12E-6,3.2E-7,M2,1.9980000000000002E-5,2.84E-6,3.2E-7,1.12E-6,M3,2.1E-5,2.199E-5,2.0E-7,6.0E-7,M3,2.1E-5,2.239E-5,8.7E-7,2.0E-7,M3,2.167E-5,1.5295000000000002E-5,2.0E-7,7.2950000000000005E-6,M3,2.167E-5,1.4895E-5,2.0E-7,6.0E-7,M3,8.570000000000001E-6,1.761E-5,7.2E-7,3.2E-7,M3,1.8865E-5,1.197E-5,3.2E-7,7.2E-7,M3,1.216E-5,2.199E-5,2.0E-7,6.0E-7,M3,1.149E-5,2.239E-5,8.7E-7,2.0E-7,M3,1.149E-5,1.5295000000000002E-5,2.0E-7,7.2950000000000005E-6,M3,1.149E-5,1.4895E-5,2.0E-7,6.0E-7,M3,1.3975000000000001E-5,1.203E-5,7.2E-7,3.2E-7,M3,2.427E-5,1.761E-5,7.2E-7,3.2E-7,M3,1.984E-5,2.33E-6,6.0E-7,2.0E-7,M3,2.004E-5,2.33E-6,2.0E-7,1.57E-6,M3,2.004E-5,3.7E-6,1.0E-6,2.0E-7,M3,2.004E-5,2.9E-6,2.0E-7,1.0E-6,M4,8.63E-6,1.7670000000000002E-5,6.0E-7,2.0E-7,M4,9.03E-6,1.7670000000000002E-5,1.0095E-5,2.0E-7,M4,1.8925E-5,1.223E-5,2.0E-7,5.64E-6,M4,1.8925E-5,1.203E-5,2.0E-7,6.0E-7,M4,1.3975000000000001E-5,1.203E-5,7.2E-7,3.2E-7,M4,2.427E-5,1.761E-5,7.2E-7,3.2E-7,M5,1.4035E-5,1.209E-5,6.0E-7,2.0E-7,M5,1.4235E-5,1.209E-5,2.0E-7,5.78E-6,M5,1.4175E-5,1.761E-5,1.12E-6,3.2E-7,M5,1.4175E-5,1.681E-5,3.2E-7,1.12E-6,M5,2.427E-5,1.761E-5,7.2E-7,3.2E-7,M6,1.4135000000000001E-5,1.757E-5,2.0E-6,4.0E-7,M6,1.4135000000000001E-5,1.597E-5,4.0E-7,2.0E-6,M6,2.4030000000000002E-5,1.757E-5,1.2E-6,4.0E-7,M7,1.4135000000000001E-5,1.757E-5,2.0E-6,4.0E-7,M7,1.4135000000000001E-5,1.597E-5,4.0E-7,2.0E-6,M7,2.4030000000000002E-5,1.757E-5,1.2E-6,4.0E-7,M8,1.4135000000000001E-5,1.757E-5,2.0E-6,4.0E-7,M8,1.4135000000000001E-5,1.597E-5,4.0E-7,2.0E-6,M8,1.4135000000000001E-5,1.757E-5,1.0295E-5,4.0E-7,M8,2.4030000000000002E-5,1.757E-5,1.2E-6,4.0E-7,
M1,9.75E-6,2.28E-6,6.4E-7,2.4000000000000003E-7,M1,2.6875E-5,2.28E-6,6.4E-7,2.4000000000000003E-7,M1,1.7E-5,1.805E-6,1.9200000000000003E-6,1.6E-7,M1,1.525E-5,1.4995E-5,5.42E-6,1.6E-7,M1,1.99E-6,5.5E-7,2.4000000000000003E-7,6.4E-7,M1,1.61E-6,1.85E-5,2.4000000000000003E-7,6.4E-7,M1,1.3875E-5,2.35E-6,1.95E-7,1.6E-7,M1,1.3875E-5,2.35E-6,1.6E-7,1.44E-6,M1,1.255E-5,1.3235E-5,1.6E-7,7.2E-7,M1,1.255E-5,1.3235E-5,2.0E-7,1.6E-7,M1,4.4E-7,1.894E-5,2.4000000000000003E-7,6.4E-7,M1,1.8E-7,1.498E-5,2.4000000000000003E-7,6.4E-7,M1,1.934E-5,2.0E-8,6.4E-7,2.4000000000000003E-7,M1,8.47E-6,3.5600000000000002E-6,6.4E-7,2.4000000000000003E-7,M1,2.189E-5,1.78E-5,6.4E-7,2.4000000000000003E-7,M1,2.293E-5,1.3195E-5,6.4E-7,2.4000000000000003E-7,M1,2.321E-5,1.3235E-5,1.6E-7,7.2E-7,M1,2.317E-5,1.3235E-5,2.0E-7,1.6E-7,M1,4.58E-6,2.0435E-5,2.4000000000000003E-7,6.4E-7,M1,1.133E-5,1.4555E-5,2.4000000000000003E-7,6.4E-7,M1,3.55E-5,1.498E-5,2.4000000000000003E-7,6.4E-7,M1,3.524E-5,1.894E-5,2.4000000000000003E-7,6.4E-7,M1,2.046E-5,1.0815E-5,1.6E-7,6.1E-7,M1,2.042E-5,1.1025E-5,2.4000000000000003E-7,6.4E-7,M1,2.0515E-5,1.3195E-5,6.4E-7,2.4000000000000003E-7,M1,2.206E-5,1.365E-6,2.4000000000000003E-7,6.4E-7,M1,2.644E-5,1.35E-6,2.4000000000000003E-7,6.4E-7,M1,1.363E-5,1.5555E-5,1.6E-7,2.445E-6,M1,1.363E-5,1.5555E-5,3.3E-7,1.6E-7,M1,2.681E-5,3.5600000000000002E-6,6.4E-7,2.4000000000000003E-7,M1,1.594E-5,2.0E-8,6.4E-7,2.4000000000000003E-7,M1,1.119E-5,4.74E-6,1.6E-7,1.9E-7,M1,9.43E-6,4.74E-6,1.9200000000000003E-6,1.6E-7,M1,1.119E-5,1.365E-6,1.6E-7,3.565E-6,M1,1.119E-5,1.365E-6,1.2E-6,1.6E-7,M1,2.633E-5,4.74E-6,1.6E-7,1.9E-7,M1,2.457E-5,4.77E-6,1.9200000000000003E-6,1.6E-7,M1,1.668E-5,2.0875E-5,2.56E-6,1.6E-7,M1,2.185E-5,2.35E-6,1.95E-7,1.6E-7,M1,2.1885E-5,2.35E-6,1.6E-7,1.44E-6,M1,3.407E-5,1.85E-5,2.4000000000000003E-7,6.4E-7,M1,3.369E-5,5.5E-7,2.4000000000000003E-7,6.4E-7,M1,2.457E-5,1.365E-6,1.6E-7,3.565E-6,M1,2.353E-5,1.365E-6,1.2E-6,1.6E-7,M1,1.53E-5,1.0815E-5,1.6E-7,6.1E-7,M1,1.526E-5,1.1025E-5,2.4000000000000003E-7,6.4E-7,M1,1.4765E-5,1.3195E-5,6.4E-7,2.4000000000000003E-7,M1,9.24E-6,1.35E-6,2.4000000000000003E-7,6.4E-7,M1,1.362E-5,1.365E-6,2.4000000000000003E-7,6.4E-7,M2,9.77E-6,2.3E-6,6.0E-7,2.0E-7,M2,1.0170000000000001E-5,2.3E-6,1.7125E-5,2.0E-7,M2,2.6895E-5,2.3E-6,6.0E-7,2.0E-7,M2,1.95E-6,5.1E-7,3.2E-7,7.2E-7,M2,1.57E-6,1.846E-5,3.2E-7,7.2E-7,M2,4.0E-7,1.8900000000000002E-5,3.2E-7,7.2E-7,M2,1.4E-7,1.4940000000000001E-5,3.2E-7,7.2E-7,M2,1.936E-5,4.0E-8,6.0E-7,2.0E-7,M2,1.936E-5,4.0E-8,2.0E-7,1.75E-6,M2,1.93E-5,1.33E-6,3.2E-7,7.2E-7,M2,8.43E-6,3.52E-6,7.2E-7,3.2E-7,M2,2.1910000000000002E-5,1.782E-5,6.0E-7,2.0E-7,M2,2.211E-5,1.782E-5,1.24E-6,2.0E-7,M2,2.315E-5,1.3215E-5,2.0E-7,4.805E-6,M2,2.295E-5,1.3215E-5,6.0E-7,2.0E-7,M2,4.6E-6,2.0455E-5,2.0E-7,6.0E-7,M2,4.6E-6,2.0855E-5,6.95E-6,2.0E-7,M2,1.135E-5,1.4975E-5,2.0E-7,6.08E-6,M2,1.135E-5,1.4575E-5,2.0E-7,6.0E-7,M2,3.546E-5,1.4940000000000001E-5,3.2E-7,7.2E-7,M2,3.52E-5,1.8900000000000002E-5,3.2E-7,7.2E-7,M2,2.044E-5,1.1045E-5,2.0E-7,6.0E-7,M2,2.044E-5,1.1245E-5,2.0E-7,2.17E-6,M2,2.044E-5,1.3215E-5,4.95E-7,2.0E-7,M2,2.0535E-5,1.3215E-5,6.0E-7,2.0E-7,M2,2.2080000000000002E-5,1.385E-6,2.0E-7,6.0E-7,M2,2.2080000000000002E-5,1.77E-6,2.0E-7,2.15E-7,M2,2.2080000000000002E-5,1.77E-6,4.58E-6,2.0E-7,M2,2.646E-5,1.37E-6,2.0E-7,6.0E-7,M2,2.677E-5,3.52E-6,7.2E-7,3.2E-7,M2,1.59E-5,-2.0E-8,7.2E-7,3.2E-7,M2,3.403E-5,1.846E-5,3.2E-7,7.2E-7,M2,3.365E-5,2.4550000000000002E-6,3.2E-7,7.2E-7,M2,3.371E-5,5.7E-7,2.0E-7,2.345E-6,M2,3.371E-5,5.7E-7,2.0E-7,6.0E-7,M2,1.528E-5,1.1045E-5,2.0E-7,6.0E-7,M2,1.528E-5,1.1245E-5,2.0E-7,2.17E-6,M2,1.4985E-5,1.3215E-5,4.95E-7,2.0E-7,M2,1.4785E-5,1.3215E-5,6.0E-7,2.0E-7,M2,9.2E-6,1.31E-6,3.2E-7,7.2E-7,M2,9.2E-6,1.725E-6,1.12E-6,3.2E-7,M2,9.2E-6,9.25E-7,3.2E-7,1.12E-6,M2,9.26E-6,1.785E-6,4.58E-6,2.0E-7,M2,1.364E-5,1.385E-6,2.0E-7,6.0E-7,M3,1.95E-6,5.1E-7,3.2E-7,7.2E-7,M3,1.57E-6,1.846E-5,3.2E-7,7.2E-7,M3,4.6E-7,1.896E-5,2.0E-7,6.0E-7,M3,4.6E-7,1.54E-5,2.0E-7,3.76E-6,M3,2.0E-7,1.54E-5,4.6E-7,2.0E-7,M3,2.0E-7,1.5E-5,2.0E-7,6.0E-7,M3,1.93E-5,1.33E-6,3.2E-7,7.2E-7,M3,1.93E-5,2.7200000000000002E-6,3.2E-7,1.12E-6,M3,1.85E-5,3.52E-6,1.12E-6,3.2E-7,M3,8.89E-6,3.58E-6,1.067E-5,2.0E-7,M3,8.49E-6,3.58E-6,6.0E-7,2.0E-7,M3,3.552E-5,1.5E-5,2.0E-7,6.0E-7,M3,3.526E-5,1.54E-5,4.6E-7,2.0E-7,M3,3.526E-5,1.54E-5,2.0E-7,3.76E-6,M3,3.526E-5,1.896E-5,2.0E-7,6.0E-7,M3,2.683E-5,3.58E-6,6.0E-7,2.0E-7,M3,2.683E-5,1.59E-6,2.0E-7,2.19E-6,M3,2.683E-5,4.0E-8,2.0E-7,1.75E-6,M3,1.636E-5,4.0E-8,1.067E-5,2.0E-7,M3,1.596E-5,4.0E-8,6.0E-7,2.0E-7,M3,3.403E-5,1.846E-5,3.2E-7,7.2E-7,M3,3.365E-5,2.4550000000000002E-6,3.2E-7,7.2E-7,M3,9.26E-6,1.37E-6,2.0E-7,6.0E-7,M3,9.26E-6,1.77E-6,2.0E-7,2.15E-7,M3,9.26E-6,1.785E-6,1.0E-6,2.0E-7,M3,9.26E-6,9.85E-7,2.0E-7,1.0E-6,M4,1.95E-6,5.1E-7,3.2E-7,7.2E-7,M4,1.95E-6,2.4550000000000002E-6,3.2E-7,7.2E-7,M4,2.0100000000000002E-6,2.7150000000000003E-6,2.0E-7,1.6005E-5,M4,1.63E-6,1.852E-5,5.800000000000001E-7,2.0E-7,M4,1.63E-6,1.852E-5,2.0E-7,6.0E-7,M4,1.93E-5,1.33E-6,3.2E-7,7.2E-7,M4,1.93E-5,2.7200000000000002E-6,3.2E-7,1.12E-6,M4,1.85E-5,3.52E-6,1.12E-6,3.2E-7,M4,3.403E-5,1.846E-5,3.2E-7,7.2E-7,M4,3.365E-5,1.846E-5,1.12E-6,3.2E-7,M4,3.365E-5,1.766E-5,3.2E-7,1.12E-6,M4,3.371E-5,2.7150000000000003E-6,2.0E-7,1.6005E-5,M4,3.371E-5,2.515E-6,2.0E-7,6.0E-7,M5,1.95E-6,5.1E-7,3.2E-7,7.2E-7,M5,1.95E-6,2.4550000000000002E-6,3.2E-7,7.2E-7,M5,1.936E-5,1.39E-6,2.0E-7,6.0E-7,M5,1.936E-5,1.59E-6,2.0E-7,2.19E-6,M5,1.936E-5,2.78E-6,2.0E-7,1.0E-6,M5,1.8560000000000002E-5,3.58E-6,1.0E-6,2.0E-7,M5,3.409E-5,1.852E-5,2.0E-7,6.0E-7,M5,3.371E-5,1.852E-5,5.800000000000001E-7,2.0E-7,M5,3.371E-5,1.852E-5,1.0E-6,2.0E-7,M5,3.371E-5,1.772E-5,2.0E-7,1.0E-6,M6,2.0100000000000002E-6,5.7E-7,2.0E-7,6.0E-7,M6,2.0100000000000002E-6,5.7E-7,2.0E-7,2.345E-6,M6,2.0100000000000002E-6,2.515E-6,2.0E-7,6.0E-7,
M1,1.525E-5,1.3695E-5,5.14E-6,1.6E-7,M1,1.551E-5,1.045E-6,4.62E-6,1.6E-7,M1,2.6530000000000002E-5,4.385E-6,6.4E-7,2.4000000000000003E-7,M1,1.452E-5,3.59E-6,6.4E-7,2.4000000000000003E-7,M1,1.115E-5,9.515E-6,2.4000000000000003E-7,6.4E-7,M1,9.39E-6,9.915E-6,2.4000000000000003E-7,1.04E-6,M1,9.39E-6,9.915E-6,1.04E-6,2.4000000000000003E-7,M1,9.43E-6,9.955E-6,1.6E-7,1.615E-6,M1,3.4960000000000004E-5,2.0775E-5,2.4000000000000003E-7,6.4E-7,M1,3.522E-5,1.6815E-5,2.4000000000000003E-7,6.4E-7,M1,1.435E-5,1.1935E-5,1.6E-7,7.2E-7,M1,1.435E-5,1.1935E-5,2.1E-7,1.6E-7,M1,2.429E-5,4.77E-6,5.2E-7,1.6E-7,M1,2.465E-5,1.365E-6,1.6E-7,3.565E-6,M1,8.47E-6,4.385E-6,6.4E-7,2.4000000000000003E-7,M1,2.048E-5,3.59E-6,6.4E-7,2.4000000000000003E-7,M1,4.4E-7,2.0775E-5,2.4000000000000003E-7,6.4E-7,M1,1.8E-7,1.6815E-5,2.4000000000000003E-7,6.4E-7,M1,3.59E-6,2.0335E-5,2.4000000000000003E-7,6.4E-7,M1,4.19E-6,7.2E-7,2.4000000000000003E-7,6.4E-7,M1,2.321E-5,1.365E-6,2.4000000000000003E-7,6.4E-7,M1,2.996E-5,2.005E-6,2.4000000000000003E-7,6.4E-7,M1,8.45E-6,3.105E-6,6.4E-7,2.4000000000000003E-7,M1,2.655E-5,3.105E-6,6.4E-7,2.4000000000000003E-7,M1,2.059E-5,2.35E-6,1.6E-7,1.44E-6,M1,2.052E-5,3.63E-6,2.3E-7,1.6E-7,M1,1.489E-5,2.35E-6,1.6E-7,1.44E-6,M1,1.489E-5,3.63E-6,2.3E-7,1.6E-7,M1,1.876E-5,2.0775E-5,2.4000000000000003E-7,6.4E-7,M1,2.019E-5,1.3255000000000001E-5,2.4000000000000003E-7,6.4E-7,M1,2.113E-5,1.1935E-5,1.6E-7,7.2E-7,M1,2.108E-5,1.1935E-5,2.1E-7,1.6E-7,M1,1.668E-5,2.271E-5,2.28E-6,1.6E-7,M1,2.014E-5,9.075E-6,2.4000000000000003E-7,6.4E-7,M1,1.9965E-5,1.1895E-5,6.4E-7,2.4000000000000003E-7,M1,2.0205E-5,1.1935E-5,4.3E-7,1.6E-7,M1,2.185E-5,1.4255E-5,1.6E-7,5.58E-6,M1,2.168E-5,1.4255E-5,3.3E-7,1.6E-7,M1,3.121E-5,7.2E-7,2.4000000000000003E-7,6.4E-7,M1,3.181E-5,2.0335E-5,2.4000000000000003E-7,6.4E-7,M1,5.81E-6,1.9635E-5,6.4E-7,2.4000000000000003E-7,M1,1.356E-5,1.1895E-5,6.4E-7,2.4000000000000003E-7,M1,1.219E-5,1.365E-6,2.4000000000000003E-7,6.4E-7,M1,5.4400000000000004E-6,2.005E-6,2.4000000000000003E-7,6.4E-7,M1,2.601E-5,1.117E-5,2.4000000000000003E-7,6.4E-7,M1,2.425E-5,9.515E-6,2.4000000000000003E-7,6.4E-7,M1,1.083E-5,4.77E-6,5.2E-7,1.6E-7,M1,1.083E-5,1.365E-6,1.6E-7,3.565E-6,M1,1.526E-5,9.075E-6,2.4000000000000003E-7,6.4E-7,M1,1.5035000000000001E-5,1.1895E-5,6.4E-7,2.4000000000000003E-7,M1,1.5005E-5,1.1935E-5,4.3E-7,1.6E-7,M2,2.6490000000000002E-5,4.345E-6,7.2E-7,3.2E-7,M2,1.448E-5,3.55E-6,7.2E-7,3.2E-7,M2,1.111E-5,9.475E-6,3.2E-7,7.2E-7,M2,9.35E-6,9.875E-6,3.2E-7,1.12E-6,M2,9.35E-6,9.875E-6,1.12E-6,3.2E-7,M2,3.498E-5,2.0795E-5,2.0E-7,6.0E-7,M2,3.498E-5,1.7235E-5,2.0E-7,3.76E-6,M2,3.498E-5,1.7235E-5,4.6E-7,2.0E-7,M2,3.524E-5,1.6835E-5,2.0E-7,6.0E-7,M2,8.43E-6,4.345E-6,7.2E-7,3.2E-7,M2,2.044E-5,3.55E-6,7.2E-7,3.2E-7,M2,4.6E-7,2.0795E-5,2.0E-7,6.0E-7,M2,4.6E-7,1.7235E-5,2.0E-7,3.76E-6,M2,2.0E-7,1.7235E-5,4.6E-7,2.0E-7,M2,2.0E-7,1.6835E-5,2.0E-7,6.0E-7,M2,3.61E-6,2.0355E-5,2.0E-7,6.0E-7,M2,3.61E-6,7.4E-7,2.0E-7,1.9815E-5,M2,3.55E-6,6.800000000000001E-7,3.2E-7,1.12E-6,M2,3.55E-6,6.800000000000001E-7,1.12E-6,3.2E-7,M2,4.15E-6,6.800000000000001E-7,3.2E-7,7.2E-7,M2,2.323E-5,1.385E-6,2.0E-7,6.0E-7,M2,2.323E-5,1.785E-6,2.0E-7,8.4E-7,M2,2.323E-5,2.425E-6,6.95E-6,2.0E-7,M2,2.998E-5,2.025E-6,2.0E-7,6.0E-7,M2,8.47E-6,3.125E-6,6.0E-7,2.0E-7,M2,8.87E-6,3.125E-6,1.79E-5,2.0E-7,M2,2.657E-5,3.125E-6,6.0E-7,2.0E-7,M2,1.878E-5,2.0795E-5,2.0E-7,6.0E-7,M2,1.878E-5,1.3675E-5,2.0E-7,7.32E-6,M2,1.878E-5,1.3675E-5,1.63E-6,2.0E-7,M2,2.021E-5,1.3275E-5,2.0E-7,6.0E-7,M2,2.016E-5,9.095E-6,2.0E-7,6.0E-7,M2,2.016E-5,9.495E-6,2.0E-7,2.62E-6,M2,2.016E-5,1.1915E-5,2.2500000000000002E-7,2.0E-7,M2,1.9985E-5,1.1915E-5,6.0E-7,2.0E-7,M2,3.117E-5,6.800000000000001E-7,3.2E-7,7.2E-7,M2,3.177E-5,2.0295E-5,3.2E-7,7.2E-7,M2,5.83E-6,1.9655E-5,6.0E-7,2.0E-7,M2,6.03E-6,1.1915E-5,2.0E-7,7.94E-6,M2,6.03E-6,1.1915E-5,7.95E-6,2.0E-7,M2,1.358E-5,1.1915E-5,6.0E-7,2.0E-7,M2,1.221E-5,1.385E-6,2.0E-7,6.0E-7,M2,1.221E-5,1.785E-6,2.0E-7,8.4E-7,M2,5.46E-6,2.425E-6,6.95E-6,2.0E-7,M2,5.46E-6,2.025E-6,2.0E-7,6.0E-7,M2,2.597E-5,1.113E-5,3.2E-7,7.2E-7,M2,2.421E-5,9.475E-6,3.2E-7,7.2E-7,M2,1.528E-5,9.095E-6,2.0E-7,6.0E-7,M2,1.528E-5,9.495E-6,2.0E-7,2.62E-6,M2,1.5255E-5,1.1915E-5,2.2500000000000002E-7,2.0E-7,M2,1.5055E-5,1.1915E-5,6.0E-7,2.0E-7,M3,2.6490000000000002E-5,4.345E-6,7.2E-7,3.2E-7,M3,1.448E-5,3.55E-6,7.2E-7,3.2E-7,M3,1.111E-5,9.475E-6,3.2E-7,7.2E-7,M3,9.35E-6,9.875E-6,3.2E-7,1.12E-6,M3,9.35E-6,9.875E-6,1.12E-6,3.2E-7,M3,8.49E-6,4.405E-6,6.0E-7,2.0E-7,M3,8.89E-6,4.405E-6,1.181E-5,2.0E-7,M3,2.05E-5,3.61E-6,2.0E-7,9.95E-7,M3,2.05E-5,3.61E-6,6.0E-7,2.0E-7,M3,3.55E-6,6.800000000000001E-7,3.2E-7,1.12E-6,M3,3.55E-6,6.800000000000001E-7,1.12E-6,3.2E-7,M3,4.15E-6,6.800000000000001E-7,3.2E-7,7.2E-7,M3,3.117E-5,6.800000000000001E-7,3.2E-7,7.2E-7,M3,3.177E-5,2.0295E-5,3.2E-7,7.2E-7,M3,2.603E-5,1.119E-5,2.0E-7,6.0E-7,M3,2.603E-5,9.935E-6,2.0E-7,1.655E-6,M3,2.427E-5,9.935E-6,1.96E-6,2.0E-7,M3,2.427E-5,9.535000000000001E-6,2.0E-7,6.0E-7,M4,2.655E-5,4.405E-6,6.0E-7,2.0E-7,M4,1.4940000000000001E-5,4.405E-6,1.181E-5,2.0E-7,M4,1.4940000000000001E-5,3.61E-6,2.0E-7,9.95E-7,M4,1.454E-5,3.61E-6,6.0E-7,2.0E-7,M4,1.117E-5,9.535000000000001E-6,2.0E-7,6.0E-7,M4,9.41E-6,9.935E-6,1.96E-6,2.0E-7,M4,9.41E-6,9.935E-6,2.0E-7,1.0E-6,M4,9.41E-6,9.935E-6,1.0E-6,2.0E-7,M4,3.61E-6,7.4E-7,2.0E-7,1.0E-6,M4,3.61E-6,7.4E-7,1.0E-6,2.0E-7,M4,3.61E-6,7.4E-7,8.0E-7,2.0E-7,M4,4.21E-6,7.4E-7,2.0E-7,6.0E-7,M4,3.123E-5,7.4E-7,2.0E-7,6.0E-7,M4,3.123E-5,7.4E-7,2.0E-7,1.9815E-5,M4,3.123E-5,2.0355E-5,8.0E-7,2.0E-7,M4,3.183E-5,2.0355E-5,2.0E-7,6.0E-7,
M1,5.21E-6,7.2E-7,2.4000000000000003E-7,6.4E-7,M1,5.57E-6,1.99E-5,2.4000000000000003E-7,6.4E-7,M1,1.798E-5,1.805E-6,1.9200000000000003E-6,1.6E-7,M1,1.254E-5,2.106E-5,1.6E-7,1.4250000000000001E-6,M1,1.25E-5,2.082E-5,2.4000000000000003E-7,6.4E-7,M1,1.341E-5,1.4675000000000001E-5,2.4000000000000003E-7,6.4E-7,M1,8.47E-6,4.96E-6,6.4E-7,2.4000000000000003E-7,M1,2.062E-5,3.59E-6,6.4E-7,2.4000000000000003E-7,M1,2.304E-5,1.365E-6,2.4000000000000003E-7,6.4E-7,M1,2.766E-5,2.58E-6,2.4000000000000003E-7,6.4E-7,M1,3.72E-5,2.0340000000000002E-5,2.4000000000000003E-7,6.4E-7,M1,3.7460000000000004E-5,1.638E-5,2.4000000000000003E-7,6.4E-7,M1,3.207E-5,1.99E-5,2.4000000000000003E-7,6.4E-7,M1,3.243E-5,7.2E-7,2.4000000000000003E-7,6.4E-7,M1,4.4E-7,2.0340000000000002E-5,2.4000000000000003E-7,6.4E-7,M1,1.8E-7,1.638E-5,2.4000000000000003E-7,6.4E-7,M1,1.452E-5,2.2325E-5,8.84E-6,1.6E-7,M1,9.980000000000001E-6,2.58E-6,2.4000000000000003E-7,6.4E-7,M1,1.46E-5,1.365E-6,2.4000000000000003E-7,6.4E-7,M1,1.662E-5,3.59E-6,6.4E-7,2.4000000000000003E-7,M1,2.877E-5,4.96E-6,6.4E-7,2.4000000000000003E-7,M1,2.443E-5,1.1255E-5,1.6E-7,3.85E-7,M1,2.443E-5,1.148E-5,4.0200000000000005E-6,1.6E-7,M1,2.641E-5,2.0E-8,6.4E-7,2.4000000000000003E-7,M1,1.1485000000000001E-5,2.0E-8,6.4E-7,2.4000000000000003E-7,M1,1.127E-5,6.000000000000001E-8,6.15E-7,1.6E-7,M1,2.482E-5,1.5795E-5,2.55E-7,1.6E-7,M1,2.4915E-5,1.5795E-5,1.6E-7,3.6050000000000002E-6,M1,1.321E-5,4.77E-6,2.4000000000000003E-7,1.6E-7,M1,1.321E-5,1.365E-6,1.6E-7,3.565E-6,M1,2.4885E-5,1.3195E-5,6.4E-7,2.4000000000000003E-7,M1,2.513E-5,1.3875E-5,2.4000000000000003E-7,6.4E-7,M1,1.2805E-5,1.5795E-5,2.55E-7,1.6E-7,M1,1.2805E-5,1.5795E-5,1.6E-7,3.6050000000000002E-6,M1,2.387E-5,1.3195E-5,6.4E-7,2.4000000000000003E-7,M1,2.028E-5,1.0375E-5,2.4000000000000003E-7,6.4E-7,M1,2.283E-5,2.35E-6,1.6E-7,1.44E-6,M1,1.489E-5,2.35E-6,1.6E-7,1.44E-6,M1,2.518E-5,2.106E-5,1.6E-7,1.4250000000000001E-6,M1,2.514E-5,2.082E-5,2.4000000000000003E-7,6.4E-7,M1,2.423E-5,1.4675000000000001E-5,2.4000000000000003E-7,6.4E-7,M1,1.2355E-5,1.3195E-5,6.4E-7,2.4000000000000003E-7,M1,1.251E-5,1.3875E-5,2.4000000000000003E-7,6.4E-7,M1,1.337E-5,1.3195E-5,6.4E-7,2.4000000000000003E-7,M1,1.736E-5,1.0375E-5,2.4000000000000003E-7,6.4E-7,M1,2.443E-5,4.77E-6,2.4000000000000003E-7,1.6E-7,M1,2.451E-5,1.365E-6,1.6E-7,3.565E-6,M1,1.329E-5,1.1255E-5,1.6E-7,3.85E-7,M1,9.43E-6,1.148E-5,4.0200000000000005E-6,1.6E-7,M2,5.1700000000000005E-6,6.800000000000001E-7,3.2E-7,7.2E-7,M2,5.1700000000000005E-6,1.986E-5,1.12E-6,3.2E-7,M2,5.1700000000000005E-6,1.906E-5,3.2E-7,1.12E-6,M2,5.23E-6,1.992E-5,5.6E-7,2.0E-7,M2,5.59E-6,1.992E-5,2.0E-7,6.0E-7,M2,1.252E-5,2.084E-5,2.0E-7,6.0E-7,M2,1.252E-5,1.5095E-5,2.0E-7,6.1450000000000005E-6,M2,1.252E-5,1.5095E-5,1.11E-6,2.0E-7,M2,1.343E-5,1.4695E-5,2.0E-7,6.0E-7,M2,8.43E-6,4.92E-6,7.2E-7,3.2E-7,M2,2.058E-5,3.55E-6,7.2E-7,3.2E-7,M2,2.3E-5,1.325E-6,3.2E-7,7.2E-7,M2,2.762E-5,2.5400000000000002E-6,3.2E-7,7.2E-7,M2,3.722E-5,2.036E-5,2.0E-7,6.0E-7,M2,3.722E-5,1.6800000000000002E-5,2.0E-7,3.76E-6,M2,3.722E-5,1.6800000000000002E-5,4.6E-7,2.0E-7,M2,3.748E-5,1.64E-5,2.0E-7,6.0E-7,M2,3.203E-5,1.986E-5,3.2E-7,7.2E-7,M2,3.239E-5,6.800000000000001E-7,3.2E-7,7.2E-7,M2,4.6E-7,2.036E-5,2.0E-7,6.0E-7,M2,4.6E-7,1.6800000000000002E-5,2.0E-7,3.76E-6,M2,2.0E-7,1.6800000000000002E-5,4.6E-7,2.0E-7,M2,2.0E-7,1.64E-5,2.0E-7,6.0E-7,M2,9.94E-6,2.5400000000000002E-6,3.2E-7,7.2E-7,M2,1.456E-5,1.325E-6,3.2E-7,7.2E-7,M2,1.658E-5,3.55E-6,7.2E-7,3.2E-7,M2,1.698E-5,4.92E-6,1.12E-6,3.2E-7,M2,1.698E-5,4.12E-6,3.2E-7,1.12E-6,M2,1.704E-5,4.98E-6,1.195E-5,2.0E-7,M2,2.879E-5,4.98E-6,6.0E-7,2.0E-7,M2,2.643E-5,4.0E-8,6.0E-7,2.0E-7,M2,1.1705E-5,4.0E-8,1.4925E-5,2.0E-7,M2,1.1505E-5,4.0E-8,6.0E-7,2.0E-7,M2,2.4905E-5,1.3215E-5,6.0E-7,2.0E-7,M2,2.5105E-5,1.3215E-5,2.0E-7,8.8E-7,M2,2.5105E-5,1.3895E-5,2.45E-7,2.0E-7,M2,2.515E-5,1.3895E-5,2.0E-7,6.0E-7,M2,2.389E-5,1.3215E-5,6.0E-7,2.0E-7,M2,2.389E-5,1.0795E-5,2.0E-7,2.62E-6,M2,2.03E-5,1.0795E-5,3.79E-6,2.0E-7,M2,2.03E-5,1.0395E-5,2.0E-7,6.0E-7,M2,2.516E-5,2.084E-5,2.0E-7,6.0E-7,M2,2.516E-5,1.5095E-5,2.0E-7,6.1450000000000005E-6,M2,2.425E-5,1.5095E-5,1.11E-6,2.0E-7,M2,2.425E-5,1.4695E-5,2.0E-7,6.0E-7,M2,1.2375000000000001E-5,1.3215E-5,6.0E-7,2.0E-7,M2,1.2575E-5,1.3215E-5,2.0E-7,8.8E-7,M2,1.253E-5,1.3895E-5,2.45E-7,2.0E-7,M2,1.253E-5,1.3895E-5,2.0E-7,6.0E-7,M2,1.339E-5,1.3215E-5,6.0E-7,2.0E-7,M2,1.379E-5,1.0795E-5,2.0E-7,2.62E-6,M2,1.379E-5,1.0795E-5,3.79E-6,2.0E-7,M2,1.738E-5,1.0395E-5,2.0E-7,6.0E-7,M3,5.23E-6,7.4E-7,2.0E-7,6.0E-7,M3,5.23E-6,7.4E-7,2.0E-7,1.938E-5,M3,5.23E-6,1.992E-5,1.0E-6,2.0E-7,M3,5.23E-6,1.912E-5,2.0E-7,1.0E-6,M3,8.43E-6,4.92E-6,7.2E-7,3.2E-7,M3,2.058E-5,3.55E-6,7.2E-7,3.2E-7,M3,2.306E-5,1.385E-6,2.0E-7,6.0E-7,M3,2.306E-5,1.785E-6,2.0E-7,1.415E-6,M3,2.306E-5,3.0E-6,4.8200000000000004E-6,2.0E-7,M3,2.768E-5,2.6E-6,2.0E-7,6.0E-7,M3,3.203E-5,1.986E-5,3.2E-7,7.2E-7,M3,3.239E-5,1.906E-5,3.2E-7,1.12E-6,M3,3.159E-5,1.986E-5,1.12E-6,3.2E-7,M3,3.245E-5,7.4E-7,2.0E-7,1.938E-5,M3,3.245E-5,7.4E-7,2.0E-7,6.0E-7,M3,1.0E-5,2.6E-6,2.0E-7,6.0E-7,M3,1.0E-5,3.0E-6,4.8200000000000004E-6,2.0E-7,M3,1.462E-5,1.785E-6,2.0E-7,1.415E-6,M3,1.462E-5,1.385E-6,2.0E-7,6.0E-7,M3,1.658E-5,3.55E-6,7.2E-7,3.2E-7,M3,1.698E-5,4.92E-6,1.12E-6,3.2E-7,M3,1.698E-5,4.12E-6,3.2E-7,1.12E-6,M4,8.43E-6,4.92E-6,7.2E-7,3.2E-7,M4,2.058E-5,3.55E-6,7.2E-7,3.2E-7,M4,3.203E-5,1.986E-5,3.2E-7,7.2E-7,M4,3.239E-5,1.906E-5,3.2E-7,1.12E-6,M4,3.159E-5,1.986E-5,1.12E-6,3.2E-7,M4,1.658E-5,3.55E-6,7.2E-7,3.2E-7,M4,1.698E-5,4.92E-6,1.12E-6,3.2E-7,M4,1.698E-5,4.12E-6,3.2E-7,1.12E-6,M5,8.43E-6,4.92E-6,7.2E-7,3.2E-7,M5,2.058E-5,3.55E-6,7.2E-7,3.2E-7,M5,3.209E-5,1.992E-5,2.0E-7,6.0E-7,M5,3.209E-5,1.992E-5,5.6E-7,2.0E-7,M5,3.245E-5,1.912E-5,2.0E-7,1.0E-6,M5,3.1650000000000004E-5,1.992E-5,1.0E-6,2.0E-7,M5,1.664E-5,3.61E-6,6.0E-7,2.0E-7,M5,1.704E-5,3.61E-6,2.0E-7,1.57E-6,M5,1.704E-5,4.98E-6,1.0E-6,2.0E-7,M5,1.704E-5,4.18E-6,2.0E-7,1.0E-6,M6,8.49E-6,4.98E-6,6.0E-7,2.0E-7,M6,8.89E-6,4.98E-6,1.195E-5,2.0E-7,M6,2.064E-5,3.61E-6,2.0E-7,1.57E-6,M6,2.064E-5,3.61E-6,6.0E-7,2.0E-7,
M1,1.8E-7,1.3615000000000001E-5,2.4000000000000003E-7,6.4E-7,M1,4.4E-7,1.7575E-5,2.4000000000000003E-7,6.4E-7,M1,2.346E-5,1.174E-5,6.4E-7,2.4000000000000003E-7,M1,1.473E-5,1.5155E-5,6.4E-7,2.4000000000000003E-7,M1,4.4200000000000004E-5,1.7575E-5,2.4000000000000003E-7,6.4E-7,M1,4.446E-5,1.3615000000000001E-5,2.4000000000000003E-7,6.4E-7,M1,2.8820000000000002E-5,1.6475E-5,3.14E-6,1.6E-7,M1,1.646E-5,1.6475E-5,2.05E-7,1.6E-7,M1,1.646E-5,1.6475E-5,1.6E-7,8.05E-7,M1,1.292E-5,1.6475E-5,3.14E-6,1.6E-7,M1,3.646E-5,1.7135E-5,2.4000000000000003E-7,6.4E-7,M1,3.7E-5,2.46E-6,2.4000000000000003E-7,6.4E-7,M1,3.3940000000000004E-5,1.365E-6,2.4000000000000003E-7,6.4E-7,M1,3.557E-5,3.3E-6,6.4E-7,2.4000000000000003E-7,M1,3.581E-5,3.34E-6,2.83E-6,1.6E-7,M1,1.0700000000000001E-5,1.365E-6,2.4000000000000003E-7,6.4E-7,M1,8.67E-6,3.3E-6,6.4E-7,2.4000000000000003E-7,M1,6.24E-6,3.34E-6,2.83E-6,1.6E-7,M1,1.736E-5,1.832E-5,1.0160000000000001E-5,1.6E-7,M1,1.308E-5,2.31E-6,6.4E-7,2.4000000000000003E-7,M1,1.793E-5,5.28E-6,6.4E-7,2.4000000000000003E-7,M1,2.152E-5,1.02E-5,2.4000000000000003E-7,6.4E-7,M1,1.596E-5,1.6435E-5,6.4E-7,2.4000000000000003E-7,M1,1.565E-5,6.42E-6,2.4000000000000003E-7,6.4E-7,M1,1.226E-5,5.65E-7,2.4000000000000003E-7,6.4E-7,M1,2.951E-5,1.5155E-5,6.4E-7,2.4000000000000003E-7,M1,2.078E-5,1.174E-5,6.4E-7,2.4000000000000003E-7,M1,2.8990000000000002E-5,6.42E-6,2.4000000000000003E-7,6.4E-7,M1,3.238E-5,5.65E-7,2.4000000000000003E-7,6.4E-7,M1,1.569E-5,6.46E-6,1.9200000000000003E-6,1.6E-7,M1,1.414E-5,1.805E-6,1.66E-5,1.6E-7,M1,2.8215E-5,1.712E-5,2.05E-7,1.6E-7,M1,2.8215E-5,1.6475E-5,1.6E-7,8.05E-7,M1,2.828E-5,1.6435E-5,6.4E-7,2.4000000000000003E-7,M1,2.312E-5,1.02E-5,2.4000000000000003E-7,6.4E-7,M1,1.524E-5,1.788E-5,2.4000000000000003E-7,6.4E-7,M1,1.524E-5,1.8235E-5,2.4000000000000003E-7,1.04E-6,M1,1.444E-5,1.9035E-5,1.04E-6,2.4000000000000003E-7,M1,1.242E-5,1.9075E-5,3.02E-6,1.6E-7,M1,8.18E-6,1.7135E-5,2.4000000000000003E-7,6.4E-7,M1,7.64E-6,2.46E-6,2.4000000000000003E-7,6.4E-7,M1,2.631E-5,5.28E-6,6.4E-7,2.4000000000000003E-7,M1,3.116E-5,2.31E-6,6.4E-7,2.4000000000000003E-7,M1,2.944E-5,1.9075E-5,3.02E-6,1.6E-7,M1,2.94E-5,1.9035E-5,1.04E-6,2.4000000000000003E-7,M1,2.94E-5,1.8235E-5,2.4000000000000003E-7,1.04E-6,M1,2.94E-5,1.788E-5,2.4000000000000003E-7,6.4E-7,M1,7.34E-6,4.04E-6,3.0200000000000002E-5,1.6E-7,M1,2.727E-5,6.46E-6,1.9200000000000003E-6,1.6E-7,M2,1.4E-7,1.3575E-5,3.2E-7,7.2E-7,M2,4.0E-7,1.7535E-5,3.2E-7,7.2E-7,M2,2.342E-5,1.17E-5,7.2E-7,3.2E-7,M2,1.469E-5,1.5115E-5,7.2E-7,3.2E-7,M2,4.4160000000000004E-5,1.7535E-5,3.2E-7,7.2E-7,M2,4.442E-5,1.3575E-5,3.2E-7,7.2E-7,M2,3.648E-5,1.7155E-5,2.0E-7,6.0E-7,M2,3.648E-5,1.7155E-5,7.4E-7,2.0E-7,M2,3.702E-5,2.88E-6,2.0E-7,1.4475E-5,M2,3.702E-5,2.48E-6,2.0E-7,6.0E-7,M2,3.396E-5,1.385E-6,2.0E-7,6.0E-7,M2,3.396E-5,1.785E-6,2.0E-7,1.7350000000000001E-6,M2,3.396E-5,3.32E-6,2.03E-6,2.0E-7,M2,3.559E-5,3.32E-6,6.0E-7,2.0E-7,M2,1.072E-5,1.385E-6,2.0E-7,6.0E-7,M2,1.072E-5,1.785E-6,2.0E-7,1.7350000000000001E-6,M2,8.89E-6,3.32E-6,2.03E-6,2.0E-7,M2,8.69E-6,3.32E-6,6.0E-7,2.0E-7,M2,1.304E-5,2.27E-6,7.2E-7,3.2E-7,M2,1.709E-5,2.27E-6,1.12E-6,3.2E-7,M2,1.789E-5,2.27E-6,3.2E-7,1.12E-6,M2,1.795E-5,2.33E-6,2.0E-7,3.17E-6,M2,1.795E-5,5.3E-6,6.0E-7,2.0E-7,M2,2.148E-5,1.0160000000000001E-5,3.2E-7,7.2E-7,M2,1.612E-5,1.056E-5,3.2E-7,1.12E-6,M2,1.612E-5,1.056E-5,1.12E-6,3.2E-7,M2,1.618E-5,1.062E-5,2.0E-7,6.035E-6,M2,1.598E-5,1.6455E-5,6.0E-7,2.0E-7,M2,1.567E-5,6.44E-6,2.0E-7,6.0E-7,M2,1.2280000000000001E-5,6.44E-6,3.59E-6,2.0E-7,M2,1.2280000000000001E-5,5.85E-7,2.0E-7,6.0550000000000005E-6,M2,1.2280000000000001E-5,5.85E-7,2.0E-7,6.0E-7,M2,2.947E-5,1.5115E-5,7.2E-7,3.2E-7,M2,2.074E-5,1.17E-5,7.2E-7,3.2E-7,M2,2.9010000000000002E-5,6.44E-6,2.0E-7,6.0E-7,M2,2.9010000000000002E-5,6.44E-6,3.59E-6,2.0E-7,M2,3.24E-5,5.85E-7,2.0E-7,6.0550000000000005E-6,M2,3.24E-5,5.85E-7,2.0E-7,6.0E-7,M2,2.83E-5,1.6455E-5,6.0E-7,2.0E-7,M2,2.85E-5,1.062E-5,2.0E-7,6.035E-6,M2,2.764E-5,1.056E-5,1.12E-6,3.2E-7,M2,2.8440000000000002E-5,1.056E-5,3.2E-7,1.12E-6,M2,2.308E-5,1.0160000000000001E-5,3.2E-7,7.2E-7,M2,1.526E-5,1.79E-5,2.0E-7,6.0E-7,M2,1.526E-5,1.83E-5,2.0E-7,9.55E-7,M2,1.526E-5,1.8255E-5,2.0E-7,1.0E-6,M2,1.446E-5,1.9055E-5,1.0E-6,2.0E-7,M2,8.2E-6,1.7155E-5,2.0E-7,6.0E-7,M2,7.66E-6,1.7155E-5,7.4E-7,2.0E-7,M2,7.66E-6,2.88E-6,2.0E-7,1.4475E-5,M2,7.66E-6,2.48E-6,2.0E-7,6.0E-7,M2,2.633E-5,5.3E-6,6.0E-7,2.0E-7,M2,2.673E-5,2.33E-6,2.0E-7,3.17E-6,M2,2.673E-5,2.33E-6,4.65E-6,2.0E-7,M2,3.118E-5,2.33E-6,6.0E-7,2.0E-7,M2,2.942E-5,1.9055E-5,1.0E-6,2.0E-7,M2,2.942E-5,1.8255E-5,2.0E-7,1.0E-6,M2,2.942E-5,1.83E-5,2.0E-7,9.55E-7,M2,2.942E-5,1.79E-5,2.0E-7,6.0E-7,M3,2.0E-7,1.3635E-5,2.0E-7,6.0E-7,M3,2.0E-7,1.4035E-5,2.0E-7,3.76E-6,M3,2.0E-7,1.7595E-5,4.6E-7,2.0E-7,M3,4.6E-7,1.7595E-5,2.0E-7,6.0E-7,M3,2.348E-5,1.1760000000000001E-5,6.0E-7,2.0E-7,M3,2.348E-5,1.1760000000000001E-5,2.0E-7,3.615E-6,M3,1.515E-5,1.5175E-5,8.53E-6,2.0E-7,M3,1.4750000000000001E-5,1.5175E-5,6.0E-7,2.0E-7,M3,4.422E-5,1.7595E-5,2.0E-7,6.0E-7,M3,4.422E-5,1.4035E-5,2.0E-7,3.76E-6,M3,4.422E-5,1.4035E-5,4.6E-7,2.0E-7,M3,4.448E-5,1.3635E-5,2.0E-7,6.0E-7,M3,1.304E-5,2.27E-6,7.2E-7,3.2E-7,M3,1.709E-5,2.27E-6,1.12E-6,3.2E-7,M3,1.789E-5,2.27E-6,3.2E-7,1.12E-6,M3,2.154E-5,1.022E-5,2.0E-7,6.0E-7,M3,1.618E-5,1.062E-5,5.56E-6,2.0E-7,M3,1.618E-5,1.062E-5,2.0E-7,1.0E-6,M3,1.618E-5,1.062E-5,1.0E-6,2.0E-7,M3,2.947E-5,1.5115E-5,7.2E-7,3.2E-7,M3,2.074E-5,1.17E-5,7.2E-7,3.2E-7,M3,2.77E-5,1.062E-5,1.0E-6,2.0E-7,M3,2.85E-5,1.062E-5,2.0E-7,1.0E-6,M3,2.3140000000000002E-5,1.062E-5,5.56E-6,2.0E-7,M3,2.3140000000000002E-5,1.022E-5,2.0E-7,6.0E-7,M4,1.31E-5,2.33E-6,6.0E-7,2.0E-7,M4,1.35E-5,2.33E-6,4.65E-6,2.0E-7,M4,1.715E-5,2.33E-6,1.0E-6,2.0E-7,M4,1.795E-5,2.33E-6,2.0E-7,1.0E-6,M4,2.953E-5,1.5175E-5,6.0E-7,2.0E-7,M4,2.953E-5,1.1760000000000001E-5,2.0E-7,3.615E-6,M4,2.12E-5,1.1760000000000001E-5,8.53E-6,2.0E-7,M4,2.08E-5,1.1760000000000001E-5,6.0E-7,2.0E-7,
M1,8.56E-6,4.65E-6,1.6E-7,2.8E-7,M1,6.8E-6,4.65E-6,1.9200000000000003E-6,1.6E-7,M1,5.035E-6,2.0E-8,6.4E-7,2.4000000000000003E-7,M1,2.9795000000000002E-5,2.0E-8,6.4E-7,2.4000000000000003E-7,M1,1.8E-7,1.899E-5,2.4000000000000003E-7,6.4E-7,M1,4.4E-7,2.295E-5,2.4000000000000003E-7,6.4E-7,M1,1.674E-5,1.805E-6,3.44E-6,1.6E-7,M1,2.1735E-5,2.0E-8,6.4E-7,2.4000000000000003E-7,M1,2.445E-5,3.59E-6,6.4E-7,2.4000000000000003E-7,M1,3.624E-5,2.295E-5,2.4000000000000003E-7,6.4E-7,M1,3.65E-5,1.899E-5,2.4000000000000003E-7,6.4E-7,M1,8.52E-6,4.7300000000000005E-6,2.4000000000000003E-7,6.4E-7,M1,1.163E-5,9.25E-7,2.4000000000000003E-7,6.4E-7,M1,1.177E-5,1.499E-5,1.6E-7,7.0200000000000006E-6,M1,1.153E-5,2.185E-5,4.0E-7,1.6E-7,M1,2.374E-5,1.2630000000000001E-5,6.4E-7,2.4000000000000003E-7,M1,2.411E-5,1.047E-5,2.4000000000000003E-7,6.4E-7,M1,2.415E-5,1.025E-5,1.6E-7,6.2E-7,M1,2.5E-5,1.319E-5,2.4000000000000003E-7,6.4E-7,M1,2.4750000000000002E-5,1.2630000000000001E-5,6.4E-7,2.4000000000000003E-7,M1,3.044E-5,3.4700000000000002E-6,6.4E-7,2.4000000000000003E-7,M1,1.568E-5,2.31E-6,6.4E-7,2.4000000000000003E-7,M1,1.4545E-5,2.0E-8,6.4E-7,2.4000000000000003E-7,M1,1.183E-5,3.59E-6,6.4E-7,2.4000000000000003E-7,M1,1.94E-5,2.462E-5,2.4000000000000003E-7,6.4E-7,M1,4.4E-7,2.295E-5,2.4000000000000003E-7,6.4E-7,M1,1.254E-5,1.2630000000000001E-5,6.4E-7,2.4000000000000003E-7,M1,1.257E-5,1.047E-5,2.4000000000000003E-7,6.4E-7,M1,1.261E-5,1.025E-5,1.6E-7,6.2E-7,M1,1.093E-5,1.2630000000000001E-5,6.4E-7,2.4000000000000003E-7,M1,1.338E-5,1.319E-5,2.4000000000000003E-7,6.4E-7,M1,2.82E-5,4.65E-6,1.6E-7,2.8E-7,M1,2.82E-5,4.65E-6,1.9200000000000003E-6,1.6E-7,M1,3.503E-5,2.251E-5,2.4000000000000003E-7,6.4E-7,M1,3.423E-5,5.05E-7,1.04E-6,2.4000000000000003E-7,M1,3.503E-5,5.05E-7,2.4000000000000003E-7,1.04E-6,M1,3.481E-5,5.45E-7,4.2E-7,1.6E-7,M1,2.064E-5,2.35E-6,1.6E-7,7.15E-7,M1,7.075E-6,2.905E-6,1.3725E-5,1.6E-7,M1,6.835E-6,2.865E-6,6.4E-7,2.4000000000000003E-7,M1,5.84E-6,3.4700000000000002E-6,6.4E-7,2.4000000000000003E-7,M1,2.798E-5,1.363E-5,2.4000000000000003E-7,6.4E-7,M1,3.65E-5,1.18E-5,2.4000000000000003E-7,6.4E-7,M1,2.356E-5,1.805E-6,4.56E-6,1.6E-7,M1,2.796E-5,1.745E-6,1.6E-7,2.2E-7,M1,8.8E-6,1.805E-6,4.56E-6,1.6E-7,M1,8.8E-6,1.745E-6,1.6E-7,2.2E-7,M1,2.816E-5,4.7300000000000005E-6,2.4000000000000003E-7,6.4E-7,M1,2.505E-5,9.25E-7,2.4000000000000003E-7,6.4E-7,M1,1.65E-6,2.251E-5,2.4000000000000003E-7,6.4E-7,M1,1.65E-6,5.05E-7,2.4000000000000003E-7,1.04E-6,M1,1.65E-6,5.05E-7,1.04E-6,2.4000000000000003E-7,M1,1.6900000000000001E-6,5.45E-7,4.2E-7,1.6E-7,M1,2.499E-5,1.499E-5,1.6E-7,7.0200000000000006E-6,M1,2.499E-5,2.185E-5,4.0E-7,1.6E-7,M1,1.8E-7,1.18E-5,2.4000000000000003E-7,6.4E-7,M1,8.7E-6,1.363E-5,2.4000000000000003E-7,6.4E-7,M2,4.9950000000000005E-6,-2.0E-8,7.2E-7,3.2E-7,M2,2.9755000000000002E-5,-2.0E-8,7.2E-7,3.2E-7,M2,1.4E-7,1.895E-5,3.2E-7,7.2E-7,M2,4.0E-7,2.291E-5,3.2E-7,7.2E-7,M2,2.1695E-5,-2.0E-8,7.2E-7,3.2E-7,M2,2.4410000000000002E-5,3.55E-6,7.2E-7,3.2E-7,M2,3.62E-5,2.291E-5,3.2E-7,7.2E-7,M2,3.646E-5,1.895E-5,3.2E-7,7.2E-7,M2,8.48E-6,4.69E-6,3.2E-7,7.2E-7,M2,1.159E-5,8.85E-7,3.2E-7,7.2E-7,M2,2.376E-5,1.2650000000000001E-5,6.0E-7,2.0E-7,M2,2.376E-5,1.2650000000000001E-5,5.7E-7,2.0E-7,M2,2.413E-5,1.0690000000000001E-5,2.0E-7,2.16E-6,M2,2.413E-5,1.049E-5,2.0E-7,6.0E-7,M2,2.502E-5,1.321E-5,2.0E-7,6.0E-7,M2,2.497E-5,1.321E-5,2.5E-7,2.0E-7,M2,2.491E-5,1.315E-5,1.12E-6,3.2E-7,M2,2.491E-5,1.235E-5,3.2E-7,1.12E-6,M2,2.471E-5,1.259E-5,7.2E-7,3.2E-7,M2,3.04E-5,3.43E-6,7.2E-7,3.2E-7,M2,1.564E-5,2.27E-6,7.2E-7,3.2E-7,M2,1.4505000000000001E-5,-2.0E-8,7.2E-7,3.2E-7,M2,1.179E-5,3.55E-6,7.2E-7,3.2E-7,M2,1.936E-5,2.4580000000000002E-5,3.2E-7,7.2E-7,M2,4.0E-7,2.498E-5,1.12E-6,3.2E-7,M2,4.0E-7,2.418E-5,3.2E-7,1.12E-6,M2,4.6E-7,2.2970000000000002E-5,2.0E-7,2.27E-6,M2,4.6E-7,2.2970000000000002E-5,2.0E-7,6.0E-7,M2,1.256E-5,1.2650000000000001E-5,6.0E-7,2.0E-7,M2,1.259E-5,1.2650000000000001E-5,5.7E-7,2.0E-7,M2,1.259E-5,1.0690000000000001E-5,2.0E-7,2.16E-6,M2,1.259E-5,1.049E-5,2.0E-7,6.0E-7,M2,1.095E-5,1.2650000000000001E-5,6.0E-7,2.0E-7,M2,1.115E-5,1.2650000000000001E-5,2.4500000000000003E-6,2.0E-7,M2,1.254E-5,1.259E-5,1.12E-6,3.2E-7,M2,1.3340000000000001E-5,1.259E-5,3.2E-7,1.12E-6,M2,1.3340000000000001E-5,1.315E-5,3.2E-7,7.2E-7,M2,3.505E-5,2.253E-5,2.0E-7,6.0E-7,M2,3.505E-5,1.6250000000000002E-5,2.0E-7,6.48E-6,M2,3.505E-5,5.250000000000001E-7,2.0E-7,1.5925E-5,M2,3.425E-5,5.250000000000001E-7,1.0E-6,2.0E-7,M2,3.505E-5,5.250000000000001E-7,2.0E-7,1.0E-6,M2,6.8550000000000004E-6,2.885E-6,6.0E-7,2.0E-7,M2,6.26E-6,2.885E-6,9.95E-7,2.0E-7,M2,6.26E-6,2.885E-6,2.0E-7,8.05E-7,M2,5.86E-6,3.49E-6,6.0E-7,2.0E-7,M2,2.794E-5,1.359E-5,3.2E-7,7.2E-7,M2,3.646E-5,1.1760000000000001E-5,3.2E-7,7.2E-7,M2,2.8120000000000002E-5,4.69E-6,3.2E-7,7.2E-7,M2,2.501E-5,8.85E-7,3.2E-7,7.2E-7,M2,1.67E-6,2.253E-5,2.0E-7,6.0E-7,M2,1.67E-6,1.6250000000000002E-5,2.0E-7,6.48E-6,M2,1.67E-6,5.250000000000001E-7,2.0E-7,1.5925E-5,M2,1.67E-6,5.250000000000001E-7,2.0E-7,1.0E-6,M2,1.67E-6,5.250000000000001E-7,1.0E-6,2.0E-7,M2,1.4E-7,1.1760000000000001E-5,3.2E-7,7.2E-7,M2,8.66E-6,1.359E-5,3.2E-7,7.2E-7,M3,4.9950000000000005E-6,-2.0E-8,7.2E-7,3.2E-7,M3,2.9755000000000002E-5,-2.0E-8,7.2E-7,3.2E-7,M3,2.0E-7,1.901E-5,2.0E-7,6.0E-7,M3,2.0E-7,1.941E-5,2.0E-7,3.76E-6,M3,2.0E-7,2.2970000000000002E-5,4.6E-7,2.0E-7,M3,4.6E-7,2.2970000000000002E-5,2.0E-7,6.0E-7,M3,2.1755E-5,4.0E-8,6.0E-7,2.0E-7,M3,2.1955E-5,4.0E-8,2.0E-7,3.77E-6,M3,2.1955E-5,3.61E-6,2.7150000000000003E-6,2.0E-7,M3,2.447E-5,3.61E-6,6.0E-7,2.0E-7,M3,3.626E-5,2.2970000000000002E-5,2.0E-7,6.0E-7,M3,3.626E-5,1.941E-5,2.0E-7,3.76E-6,M3,3.626E-5,1.941E-5,4.6E-7,2.0E-7,M3,3.652E-5,1.901E-5,2.0E-7,6.0E-7,M3,8.48E-6,4.69E-6,3.2E-7,7.2E-7,M3,1.159E-5,8.85E-7,3.2E-7,7.2E-7,M3,2.491E-5,1.315E-5,1.12E-6,3.2E-7,M3,2.491E-5,1.235E-5,3.2E-7,1.12E-6,M3,2.471E-5,1.259E-5,7.2E-7,3.2E-7,M3,3.046E-5,3.49E-6,6.0E-7,2.0E-7,M3,3.046E-5,2.885E-6,2.0E-7,8.05E-7,M3,2.96E-5,2.825E-6,1.12E-6,3.2E-7,M3,3.04E-5,2.825E-6,3.2E-7,1.12E-6,M3,1.564E-5,2.27E-6,7.2E-7,3.2E-7,M3,1.4565E-5,4.0E-8,6.0E-7,2.0E-7,M3,1.4765E-5,4.0E-8,2.0E-7,3.77E-6,M3,1.225E-5,3.61E-6,2.7150000000000003E-6,2.0E-7,M3,1.185E-5,3.61E-6,6.0E-7,2.0E-7,M3,1.942E-5,2.464E-5,2.0E-7,6.0E-7,M3,4.6E-7,2.504E-5,1.916E-5,2.0E-7,M3,4.6E-7,2.504E-5,1.0E-6,2.0E-7,M3,4.6E-7,2.4240000000000002E-5,2.0E-7,1.0E-6,M3,1.254E-5,1.259E-5,1.12E-6,3.2E-7,M3,1.3340000000000001E-5,1.259E-5,3.2E-7,1.12E-6,M3,1.3340000000000001E-5,1.315E-5,3.2E-7,7.2E-7,M3,2.8E-5,1.365E-5,2.0E-7,6.0E-7,M3,2.8E-5,1.365E-5,6.2350000000000004E-6,2.0E-7,M3,3.4035E-5,1.202E-5,2.0E-7,1.83E-6,M3,3.4035E-5,1.202E-5,2.685E-6,2.0E-7,M3,3.652E-5,1.182E-5,2.0E-7,6.0E-7,M3,2.8120000000000002E-5,4.69E-6,3.2E-7,7.2E-7,M3,2.501E-5,8.85E-7,3.2E-7,7.2E-7,M3,2.0E-7,1.182E-5,2.0E-7,6.0E-7,M3,2.0E-7,1.202E-5,2.685E-6,2.0E-7,M3,2.685E-6,1.202E-5,2.0E-7,1.83E-6,M3,2.685E-6,1.365E-5,6.2350000000000004E-6,2.0E-7,M3,8.72E-6,1.365E-5,2.0E-7,6.0E-7,M4,4.9950000000000005E-6,-2.0E-8,7.2E-7,3.2E-7,M4,2.9755000000000002E-5,-2.0E-8,7.2E-7,3.2E-7,M4,8.54E-6,4.75E-6,2.0E-7,6.0E-7,M4,8.54E-6,1.345E-6,2.0E-7,3.6050000000000002E-6,M4,8.54E-6,1.345E-6,3.31E-6,2.0E-7,M4,1.165E-5,9.450000000000001E-7,2.0E-7,6.0E-7,M4,2.497E-5,1.321E-5,1.0E-6,2.0E-7,M4,2.497E-5,1.241E-5,2.0E-7,1.0E-6,M4,2.497E-5,1.2650000000000001E-5,2.0E-7,7.6E-7,M4,2.4770000000000002E-5,1.2650000000000001E-5,6.0E-7,2.0E-7,M4,2.966E-5,2.885E-6,1.0E-6,2.0E-7,M4,3.046E-5,2.885E-6,2.0E-7,1.0E-6,M4,3.0005E-5,2.885E-6,6.55E-7,2.0E-7,M4,2.9745E-5,2.825E-6,7.2E-7,3.2E-7,M4,2.22E-5,2.825E-6,1.12E-6,3.2E-7,M4,2.22E-5,2.025E-6,3.2E-7,1.12E-6,M4,2.226E-5,2.33E-6,2.0E-7,7.55E-7,M4,2.1400000000000002E-5,2.27E-6,1.12E-6,3.2E-7,M4,2.22E-5,2.27E-6,3.2E-7,1.12E-6,M4,1.564E-5,2.27E-6,7.2E-7,3.2E-7,M4,1.26E-5,1.2650000000000001E-5,1.0E-6,2.0E-7,M4,1.34E-5,1.2650000000000001E-5,2.0E-7,1.0E-6,M4,1.34E-5,1.2650000000000001E-5,2.0E-7,7.6E-7,M4,1.34E-5,1.321E-5,2.0E-7,6.0E-7,M4,2.818E-5,4.75E-6,2.0E-7,6.0E-7,M4,2.818E-5,1.345E-6,2.0E-7,3.6050000000000002E-6,M4,2.507E-5,1.345E-6,3.31E-6,2.0E-7,M4,2.507E-5,9.450000000000001E-7,2.0E-7,6.0E-7,M5,5.055E-6,4.0E-8,6.0E-7,2.0E-7,M5,5.2550000000000005E-6,4.0E-8,2.496E-5,2.0E-7,M5,2.9815E-5,4.0E-8,6.0E-7,2.0E-7,M5,2.9745E-5,2.825E-6,7.2E-7,3.2E-7,M5,2.22E-5,2.825E-6,1.12E-6,3.2E-7,M5,2.22E-5,2.025E-6,3.2E-7,1.12E-6,M5,2.146E-5,2.33E-6,1.0E-6,2.0E-7,M5,2.226E-5,2.33E-6,2.0E-7,1.0E-6,M5,1.6100000000000002E-5,2.33E-6,6.36E-6,2.0E-7,M5,1.57E-5,2.33E-6,6.0E-7,2.0E-7,M6,2.9505E-5,2.785E-6,1.2E-6,4.0E-7,M6,2.216E-5,2.785E-6,2.0E-6,4.0E-7,M6,2.216E-5,1.185E-6,4.0E-7,2.0E-6,M7,2.9505E-5,2.785E-6,1.2E-6,4.0E-7,M7,2.216E-5,2.785E-6,8.145E-6,4.0E-7,M7,2.216E-5,2.785E-6,2.0E-6,4.0E-7,M7,2.216E-5,1.185E-6,4.0E-7,2.0E-6,
M1,3.202E-5,1.513E-5,3.32E-6,1.6E-7,M1,3.978E-5,1.82E-6,2.4000000000000003E-7,6.4E-7,M1,3.419E-5,1.365E-6,2.4000000000000003E-7,6.4E-7,M1,3.274E-5,5.65E-7,2.4000000000000003E-7,6.4E-7,M1,3.227E-5,2.935E-6,2.4000000000000003E-7,6.4E-7,M1,3.231E-5,3.175E-6,1.6E-7,1.7550000000000001E-6,M1,5.034E-5,1.623E-5,2.4000000000000003E-7,6.4E-7,M1,5.0195E-5,1.267E-5,6.4E-7,2.4000000000000003E-7,M1,5.0435E-5,1.271E-5,3.65E-7,1.6E-7,M1,3.748E-5,2.92E-6,6.4E-7,2.4000000000000003E-7,M1,1.29E-5,2.92E-6,6.4E-7,2.4000000000000003E-7,M1,3.179E-5,2.35E-6,1.6E-7,1.44E-6,M1,3.167E-5,2.35E-6,2.8E-7,1.6E-7,M1,3.231E-5,5.38E-6,1.9200000000000003E-6,1.6E-7,M1,3.231E-5,4.77E-6,1.6E-7,7.7E-7,M1,4.4E-7,1.623E-5,2.4000000000000003E-7,6.4E-7,M1,1.85E-7,1.267E-5,6.4E-7,2.4000000000000003E-7,M1,2.2E-7,1.271E-5,3.65E-7,1.6E-7,M1,3.6965E-5,1.381E-5,6.4E-7,2.4000000000000003E-7,M1,2.385E-5,8.15E-6,6.4E-7,2.4000000000000003E-7,M1,4.2420000000000004E-5,7.2E-7,2.4000000000000003E-7,6.4E-7,M1,4.152E-5,1.579E-5,2.4000000000000003E-7,6.4E-7,M1,3.091E-5,4.2900000000000004E-6,2.4000000000000003E-7,6.4E-7,M1,3.06E-5,1.509E-5,6.4E-7,2.4000000000000003E-7,M1,3.155E-5,1.513E-5,2.7E-7,1.6E-7,M1,3.166E-5,1.513E-5,1.6E-7,8.6E-7,M1,1.62E-5,1.6270000000000002E-5,2.28E-6,1.6E-7,M1,2.657E-5,8.19E-6,1.6E-7,5.82E-6,M1,1.3655E-5,1.385E-5,1.3075000000000001E-5,1.6E-7,M1,1.659E-5,1.365E-6,2.4000000000000003E-7,6.4E-7,M1,1.1E-5,1.82E-6,2.4000000000000003E-7,6.4E-7,M1,8.36E-6,7.2E-7,2.4000000000000003E-7,6.4E-7,M1,9.26E-6,1.579E-5,2.4000000000000003E-7,6.4E-7,M1,1.99E-5,1.7055000000000002E-5,1.1220000000000001E-5,1.6E-7,M1,1.679E-5,5.38E-6,1.9200000000000003E-6,1.6E-7,M1,1.855E-5,4.77E-6,1.6E-7,7.7E-7,M1,1.92E-5,1.583E-5,2.7E-7,1.6E-7,M1,1.931E-5,1.513E-5,1.6E-7,8.6E-7,M1,1.804E-5,5.65E-7,2.4000000000000003E-7,6.4E-7,M1,1.851E-5,2.935E-6,2.4000000000000003E-7,6.4E-7,M1,1.855E-5,3.175E-6,1.6E-7,1.7550000000000001E-6,M1,1.9810000000000002E-5,1.805E-6,1.1400000000000001E-5,1.6E-7,M1,1.978E-5,1.509E-5,6.4E-7,2.4000000000000003E-7,M1,1.987E-5,4.2900000000000004E-6,2.4000000000000003E-7,6.4E-7,M1,3.2540000000000004E-5,1.6270000000000002E-5,2.28E-6,1.6E-7,M1,1.568E-5,1.513E-5,3.32E-6,1.6E-7,M1,1.9070000000000002E-5,2.35E-6,1.6E-7,1.44E-6,M1,1.9070000000000002E-5,2.35E-6,2.8E-7,1.6E-7,M2,3.98E-5,1.84E-6,2.0E-7,6.0E-7,M2,3.98E-5,1.785E-6,2.0E-7,6.55E-7,M2,3.421E-5,1.785E-6,5.7900000000000005E-6,2.0E-7,M2,3.421E-5,1.385E-6,2.0E-7,6.0E-7,M2,3.276E-5,5.85E-7,2.0E-7,6.0E-7,M2,3.229E-5,5.85E-7,6.7E-7,2.0E-7,M2,3.229E-5,5.85E-7,2.0E-7,2.77E-6,M2,3.229E-5,2.955E-6,2.0E-7,6.0E-7,M2,5.036E-5,1.6250000000000002E-5,2.0E-7,6.0E-7,M2,5.036E-5,1.269E-5,2.0E-7,3.76E-6,M2,5.036E-5,1.269E-5,2.55E-7,2.0E-7,M2,5.0215E-5,1.269E-5,6.0E-7,2.0E-7,M2,3.744E-5,2.88E-6,7.2E-7,3.2E-7,M2,1.286E-5,2.88E-6,7.2E-7,3.2E-7,M2,4.6E-7,1.6250000000000002E-5,2.0E-7,6.0E-7,M2,4.6E-7,1.269E-5,2.0E-7,3.76E-6,M2,4.05E-7,1.269E-5,2.55E-7,2.0E-7,M2,2.05E-7,1.269E-5,6.0E-7,2.0E-7,M2,3.6925E-5,1.377E-5,7.2E-7,3.2E-7,M2,3.6325E-5,8.11E-6,1.12E-6,3.2E-7,M2,3.7125E-5,8.11E-6,3.2E-7,1.12E-6,M2,2.427E-5,8.17E-6,1.3115E-5,2.0E-7,M2,2.387E-5,8.17E-6,6.0E-7,2.0E-7,M2,4.244E-5,7.4E-7,2.0E-7,6.0E-7,M2,4.244E-5,7.4E-7,2.0E-7,1.527E-5,M2,4.2380000000000004E-5,1.4950000000000001E-5,3.2E-7,1.12E-6,M2,4.158E-5,1.575E-5,1.12E-6,3.2E-7,M2,4.148E-5,1.575E-5,3.2E-7,7.2E-7,M2,3.087E-5,4.25E-6,3.2E-7,7.2E-7,M2,3.087E-5,1.425E-5,3.2E-7,1.12E-6,M2,3.0070000000000002E-5,1.505E-5,1.12E-6,3.2E-7,M2,3.082E-5,1.5110000000000001E-5,3.1E-7,2.0E-7,M2,3.062E-5,1.5110000000000001E-5,6.0E-7,2.0E-7,M2,1.6610000000000002E-5,1.385E-6,2.0E-7,6.0E-7,M2,1.6610000000000002E-5,1.785E-6,2.0E-7,6.55E-7,M2,1.102E-5,2.24E-6,5.7900000000000005E-6,2.0E-7,M2,1.102E-5,1.84E-6,2.0E-7,6.0E-7,M2,8.38E-6,7.4E-7,2.0E-7,6.0E-7,M2,8.38E-6,7.4E-7,2.0E-7,1.527E-5,M2,8.32E-6,1.575E-5,1.12E-6,3.2E-7,M2,8.32E-6,1.4950000000000001E-5,3.2E-7,1.12E-6,M2,9.22E-6,1.575E-5,3.2E-7,7.2E-7,M2,1.806E-5,5.85E-7,2.0E-7,6.0E-7,M2,1.806E-5,5.85E-7,6.7E-7,2.0E-7,M2,1.853E-5,5.85E-7,2.0E-7,2.77E-6,M2,1.853E-5,2.955E-6,2.0E-7,6.0E-7,M2,1.98E-5,1.5110000000000001E-5,6.0E-7,2.0E-7,M2,1.989E-5,1.5110000000000001E-5,3.1E-7,2.0E-7,M2,1.989E-5,4.31E-6,2.0E-7,1.1E-5,M2,1.989E-5,4.31E-6,2.0E-7,6.0E-7,M3,3.7500000000000003E-5,2.9400000000000002E-6,6.0E-7,2.0E-7,M3,1.332E-5,2.9400000000000002E-6,2.438E-5,2.0E-7,M3,1.292E-5,2.9400000000000002E-6,6.0E-7,2.0E-7,M3,3.6925E-5,1.377E-5,7.2E-7,3.2E-7,M3,3.6325E-5,8.11E-6,1.12E-6,3.2E-7,M3,3.7125E-5,8.11E-6,3.2E-7,1.12E-6,M3,4.244E-5,1.501E-5,2.0E-7,1.0E-6,M3,4.164E-5,1.581E-5,1.0E-6,2.0E-7,M3,4.154E-5,1.581E-5,1.1E-6,2.0E-7,M3,4.154E-5,1.581E-5,2.0E-7,6.0E-7,M3,3.0930000000000004E-5,4.31E-6,2.0E-7,6.0E-7,M3,3.0930000000000004E-5,4.31E-6,2.0E-7,1.1E-5,M3,3.0930000000000004E-5,1.431E-5,2.0E-7,1.0E-6,M3,3.013E-5,1.5110000000000001E-5,1.0E-6,2.0E-7,M3,8.38E-6,1.581E-5,1.0E-6,2.0E-7,M3,8.38E-6,1.501E-5,2.0E-7,1.0E-6,M3,8.38E-6,1.581E-5,1.1E-6,2.0E-7,M3,9.280000000000001E-6,1.581E-5,2.0E-7,6.0E-7,M4,3.6925E-5,1.377E-5,7.2E-7,3.2E-7,M4,3.6325E-5,8.11E-6,1.12E-6,3.2E-7,M4,3.7125E-5,8.11E-6,3.2E-7,1.12E-6,M5,3.6925E-5,1.377E-5,7.2E-7,3.2E-7,M5,3.6325E-5,8.11E-6,1.12E-6,3.2E-7,M5,3.7125E-5,8.11E-6,3.2E-7,1.12E-6,M6,3.6985E-5,1.383E-5,6.0E-7,2.0E-7,M6,3.7185000000000004E-5,8.17E-6,2.0E-7,5.86E-6,M6,3.6385E-5,8.17E-6,1.0E-6,2.0E-7,M6,3.7185000000000004E-5,8.17E-6,2.0E-7,1.0E-6,
M1,1.821E-5,1.805E-6,1.9200000000000003E-6,1.6E-7,M1,8.9E-6,2.199E-5,7.55E-7,1.6E-7,M1,9.455E-6,2.115E-5,2.4000000000000003E-7,1.04E-6,M1,8.655000000000001E-6,2.195E-5,1.04E-6,2.4000000000000003E-7,M1,9.255E-6,1.4185E-5,6.4E-7,2.4000000000000003E-7,M1,3.138E-5,4.65E-6,1.6E-7,2.8E-7,M1,2.962E-5,4.77E-6,1.9200000000000003E-6,1.6E-7,M1,1.8E-7,1.913E-5,2.4000000000000003E-7,6.4E-7,M1,4.4E-7,2.309E-5,2.4000000000000003E-7,6.4E-7,M1,1.5795E-5,2.35E-6,1.6E-7,8.13E-6,M1,1.003E-5,1.032E-5,5.925E-6,1.6E-7,M1,1.11E-5,9.62E-6,2.62E-6,1.6E-7,M1,1.356E-5,1.365E-6,1.6E-7,8.415E-6,M1,2.8685E-5,1.4225E-5,1.6E-7,7.925E-6,M1,2.8645E-5,2.195E-5,1.04E-6,2.4000000000000003E-7,M1,2.8645E-5,2.115E-5,2.4000000000000003E-7,1.04E-6,M1,2.904E-5,2.195E-5,6.4E-7,2.4000000000000003E-7,M1,1.195E-5,2.265E-5,2.4000000000000003E-7,6.4E-7,M1,1.1920000000000001E-5,5.05E-7,2.4000000000000003E-7,6.4E-7,M1,2.2385E-5,2.35E-6,1.6E-7,8.13E-6,M1,2.2385E-5,1.032E-5,5.925E-6,1.6E-7,M1,2.845E-5,1.16E-5,2.7E-7,1.6E-7,M1,2.856E-5,1.16E-5,1.6E-7,8.6E-7,M1,2.7720000000000002E-5,1.305E-6,2.4000000000000003E-7,6.4E-7,M1,2.319E-5,1.365E-6,2.4000000000000003E-7,6.4E-7,M1,3.792E-5,1.913E-5,2.4000000000000003E-7,6.4E-7,M1,3.766E-5,2.309E-5,2.4000000000000003E-7,6.4E-7,M1,1.732E-5,2.5450000000000002E-5,3.7E-6,1.6E-7,M1,2.059E-5,2.35E-6,1.6E-7,1.852E-5,M1,6.28E-6,2.071E-5,1.447E-5,1.6E-7,M1,3.186E-5,2.067E-5,6.4E-7,2.4000000000000003E-7,M1,1.715E-5,2.31E-6,6.4E-7,2.4000000000000003E-7,M1,2.94E-5,1.27E-5,2.4000000000000003E-7,6.4E-7,M1,3.792E-5,1.187E-5,2.4000000000000003E-7,6.4E-7,M1,2.586E-5,8.740000000000001E-6,2.4000000000000003E-7,6.4E-7,M1,2.746E-5,1.156E-5,6.4E-7,2.4000000000000003E-7,M1,1.491E-5,1.365E-6,2.4000000000000003E-7,6.4E-7,M1,1.038E-5,1.305E-6,2.4000000000000003E-7,6.4E-7,M1,1.108E-5,2.0E-8,6.4E-7,2.4000000000000003E-7,M1,2.819E-5,2.0E-8,6.4E-7,2.4000000000000003E-7,M1,9.62E-6,1.23E-5,2.7E-7,1.6E-7,M1,9.73E-6,1.16E-5,1.6E-7,8.6E-7,M1,1.224E-5,8.740000000000001E-6,2.4000000000000003E-7,6.4E-7,M1,1.024E-5,1.156E-5,6.4E-7,2.4000000000000003E-7,M1,6.8E-6,4.65E-6,1.6E-7,2.8E-7,M1,6.8E-6,4.77E-6,1.9200000000000003E-6,1.6E-7,M1,2.462E-5,9.62E-6,2.62E-6,1.6E-7,M1,2.462E-5,1.365E-6,1.6E-7,8.415E-6,M1,1.8E-7,1.187E-5,2.4000000000000003E-7,6.4E-7,M1,8.7E-6,1.27E-5,2.4000000000000003E-7,6.4E-7,M1,2.6150000000000002E-5,2.265E-5,2.4000000000000003E-7,6.4E-7,M1,2.618E-5,5.05E-7,2.4000000000000003E-7,6.4E-7,M2,9.475E-6,2.117E-5,2.0E-7,1.0E-6,M2,8.675E-6,2.197E-5,1.0E-6,2.0E-7,M2,9.475E-6,1.4205E-5,2.0E-7,7.965E-6,M2,9.275E-6,1.4205E-5,6.0E-7,2.0E-7,M2,2.0E-7,1.915E-5,2.0E-7,6.0E-7,M2,2.0E-7,1.955E-5,4.6E-7,2.0E-7,M2,4.6E-7,1.955E-5,2.0E-7,3.76E-6,M2,4.6E-7,2.311E-5,2.0E-7,6.0E-7,M2,2.8605E-5,2.1910000000000002E-5,1.12E-6,3.2E-7,M2,2.8605E-5,2.111E-5,3.2E-7,1.12E-6,M2,2.9E-5,2.1910000000000002E-5,7.2E-7,3.2E-7,M2,1.191E-5,2.2610000000000002E-5,3.2E-7,7.2E-7,M2,1.188E-5,4.65E-7,3.2E-7,7.2E-7,M2,2.7740000000000002E-5,1.325E-6,2.0E-7,6.0E-7,M2,2.321E-5,1.725E-6,4.7300000000000005E-6,2.0E-7,M2,2.321E-5,1.725E-6,2.0E-7,2.6E-7,M2,2.321E-5,1.385E-6,2.0E-7,6.0E-7,M2,3.794E-5,1.915E-5,2.0E-7,6.0E-7,M2,3.768E-5,1.955E-5,4.6E-7,2.0E-7,M2,3.768E-5,1.955E-5,2.0E-7,3.76E-6,M2,3.768E-5,2.311E-5,2.0E-7,6.0E-7,M2,3.1820000000000004E-5,2.063E-5,7.2E-7,3.2E-7,M2,1.711E-5,2.27E-6,7.2E-7,3.2E-7,M2,2.936E-5,1.266E-5,3.2E-7,7.2E-7,M2,3.788E-5,1.183E-5,3.2E-7,7.2E-7,M2,2.588E-5,8.76E-6,2.0E-7,6.0E-7,M2,2.588E-5,9.16E-6,1.8000000000000001E-6,2.0E-7,M2,2.748E-5,9.16E-6,2.0E-7,2.62E-6,M2,2.748E-5,1.1580000000000001E-5,6.0E-7,2.0E-7,M2,1.487E-5,1.325E-6,3.2E-7,7.2E-7,M2,1.0340000000000001E-5,1.265E-6,3.2E-7,7.2E-7,M2,1.11E-5,4.0E-8,6.0E-7,2.0E-7,M2,1.15E-5,4.0E-8,1.711E-5,2.0E-7,M2,2.821E-5,4.0E-8,6.0E-7,2.0E-7,M2,1.226E-5,8.76E-6,2.0E-7,6.0E-7,M2,1.066E-5,9.16E-6,1.8000000000000001E-6,2.0E-7,M2,1.066E-5,9.16E-6,2.0E-7,2.62E-6,M2,1.026E-5,1.1580000000000001E-5,6.0E-7,2.0E-7,M2,1.4E-7,1.183E-5,3.2E-7,7.2E-7,M2,8.66E-6,1.266E-5,3.2E-7,7.2E-7,M2,2.611E-5,2.2610000000000002E-5,3.2E-7,7.2E-7,M2,2.614E-5,4.65E-7,3.2E-7,7.2E-7,M3,2.8665E-5,2.197E-5,1.0E-6,2.0E-7,M3,2.8665E-5,2.117E-5,2.0E-7,1.0E-6,M3,2.8665E-5,2.197E-5,7.95E-7,2.0E-7,M3,2.906E-5,2.197E-5,6.0E-7,2.0E-7,M3,1.197E-5,2.267E-5,2.0E-7,6.0E-7,M3,1.1940000000000001E-5,2.267E-5,2.3E-7,2.0E-7,M3,1.188E-5,2.2610000000000002E-5,1.12E-6,3.2E-7,M3,1.188E-5,2.181E-5,3.2E-7,1.12E-6,M3,1.188E-5,4.65E-7,3.2E-7,7.2E-7,M3,3.1820000000000004E-5,2.063E-5,7.2E-7,3.2E-7,M3,1.751E-5,2.063E-5,1.12E-6,3.2E-7,M3,1.751E-5,1.983E-5,3.2E-7,1.12E-6,M3,1.757E-5,2.33E-6,2.0E-7,1.8560000000000002E-5,M3,1.717E-5,2.33E-6,6.0E-7,2.0E-7,M3,2.942E-5,1.272E-5,2.0E-7,6.0E-7,M3,2.942E-5,1.209E-5,2.0E-7,8.3E-7,M3,2.942E-5,1.209E-5,8.72E-6,2.0E-7,M3,3.794E-5,1.189E-5,2.0E-7,6.0E-7,M3,1.4930000000000001E-5,1.385E-6,2.0E-7,6.0E-7,M3,1.4930000000000001E-5,1.725E-6,2.0E-7,2.6E-7,M3,1.04E-5,1.725E-6,4.7300000000000005E-6,2.0E-7,M3,1.04E-5,1.325E-6,2.0E-7,6.0E-7,M3,2.0E-7,1.189E-5,2.0E-7,6.0E-7,M3,2.0E-7,1.209E-5,2.0E-7,8.3E-7,M3,2.0E-7,1.272E-5,8.72E-6,2.0E-7,M3,8.72E-6,1.272E-5,2.0E-7,6.0E-7,M3,2.6170000000000002E-5,2.267E-5,2.0E-7,6.0E-7,M3,2.6170000000000002E-5,2.267E-5,2.3E-7,2.0E-7,M3,2.614E-5,2.181E-5,3.2E-7,1.12E-6,M3,2.534E-5,2.2610000000000002E-5,1.12E-6,3.2E-7,M3,2.614E-5,4.65E-7,3.2E-7,7.2E-7,M4,1.1940000000000001E-5,2.267E-5,1.0E-6,2.0E-7,M4,1.1940000000000001E-5,2.187E-5,2.0E-7,1.0E-6,M4,1.1940000000000001E-5,5.250000000000001E-7,2.0E-7,2.2345E-5,M4,1.1940000000000001E-5,5.250000000000001E-7,2.0E-7,6.0E-7,M4,3.1820000000000004E-5,2.063E-5,7.2E-7,3.2E-7,M4,1.751E-5,2.063E-5,1.12E-6,3.2E-7,M4,1.751E-5,1.983E-5,3.2E-7,1.12E-6,M4,2.62E-5,2.187E-5,2.0E-7,1.0E-6,M4,2.54E-5,2.267E-5,1.0E-6,2.0E-7,M4,2.62E-5,5.250000000000001E-7,2.0E-7,2.2345E-5,M4,2.62E-5,5.250000000000001E-7,2.0E-7,6.0E-7,M5,3.1820000000000004E-5,2.063E-5,7.2E-7,3.2E-7,M5,1.751E-5,2.063E-5,1.12E-6,3.2E-7,M5,1.751E-5,1.983E-5,3.2E-7,1.12E-6,M6,3.188E-5,2.069E-5,6.0E-7,2.0E-7,M6,1.757E-5,2.069E-5,1.451E-5,2.0E-7,M6,1.757E-5,2.069E-5,1.0E-6,2.0E-7,M6,1.757E-5,1.989E-5,2.0E-7,1.0E-6,
M1,4.0980000000000004E-5,1.32E-6,2.4000000000000003E-7,6.4E-7,M1,4.0980000000000004E-5,9.65E-7,2.4000000000000003E-7,1.04E-6,M1,4.018E-5,1.765E-6,1.04E-6,2.4000000000000003E-7,M1,3.548E-5,1.805E-6,5.7000000000000005E-6,1.6E-7,M1,1.8E-7,1.1410000000000001E-5,2.4000000000000003E-7,6.4E-7,M1,9.5E-8,1.537E-5,6.4E-7,2.4000000000000003E-7,M1,3.35E-7,1.541E-5,3.05E-7,1.6E-7,M1,4.619E-5,1.641E-5,2.4000000000000003E-7,6.4E-7,M1,1.629E-5,1.641E-5,2.4000000000000003E-7,6.4E-7,M1,1.397E-5,1.427E-5,3.04E-6,1.6E-7,M1,3.278E-5,2.35E-6,1.6E-7,1.08E-5,M1,1.341E-5,1.2990000000000001E-5,1.953E-5,1.6E-7,M1,4.333E-5,3.5E-6,6.4E-7,2.4000000000000003E-7,M1,3.438E-5,2.0E-8,6.4E-7,2.4000000000000003E-7,M1,2.77E-5,2.0E-8,6.4E-7,2.4000000000000003E-7,M1,1.8750000000000002E-5,3.5E-6,6.4E-7,2.4000000000000003E-7,M1,1.336E-5,1.711E-5,2.4000000000000003E-7,6.4E-7,M1,1.629E-5,1.641E-5,2.4000000000000003E-7,6.4E-7,M1,1.681E-5,1.4230000000000001E-5,6.4E-7,2.4000000000000003E-7,M1,1.717E-5,1.4930000000000001E-5,2.4000000000000003E-7,6.4E-7,M1,4.619E-5,1.641E-5,2.4000000000000003E-7,6.4E-7,M1,4.9120000000000004E-5,1.711E-5,2.4000000000000003E-7,6.4E-7,M1,6.23E-5,1.1410000000000001E-5,2.4000000000000003E-7,6.4E-7,M1,6.1985E-5,1.537E-5,6.4E-7,2.4000000000000003E-7,M1,6.208E-5,1.541E-5,3.05E-7,1.6E-7,M1,4.571E-5,1.427E-5,3.04E-6,1.6E-7,M1,4.267E-5,1.427E-5,3.195E-6,1.6E-7,M1,4.2630000000000004E-5,1.4230000000000001E-5,1.04E-6,2.4000000000000003E-7,M1,4.2630000000000004E-5,1.343E-5,2.4000000000000003E-7,1.04E-6,M1,4.2630000000000004E-5,1.0350000000000001E-5,2.4000000000000003E-7,6.4E-7,M1,1.393E-5,4.68E-6,1.9200000000000003E-6,1.6E-7,M1,1.565E-5,4.6400000000000005E-6,2.4000000000000003E-7,6.4E-7,M1,2.5620000000000002E-5,5.65E-7,2.4000000000000003E-7,6.4E-7,M1,3.1600000000000002E-6,5.2E-7,2.4000000000000003E-7,6.4E-7,M1,3.35E-6,1.4930000000000001E-5,2.4000000000000003E-7,6.4E-7,M1,2.154E-5,1.805E-6,5.7000000000000005E-6,1.6E-7,M1,2.15E-5,1.765E-6,1.04E-6,2.4000000000000003E-7,M1,2.15E-5,9.65E-7,2.4000000000000003E-7,1.04E-6,M1,2.15E-5,1.32E-6,2.4000000000000003E-7,6.4E-7,M1,2.318E-5,2.0E-8,6.4E-7,2.4000000000000003E-7,M1,3.8900000000000004E-5,2.0E-8,6.4E-7,2.4000000000000003E-7,M1,2.934E-5,2.31E-6,6.4E-7,2.4000000000000003E-7,M1,4.911E-5,1.295E-5,6.4E-7,2.4000000000000003E-7,M1,4.531E-5,1.4930000000000001E-5,2.4000000000000003E-7,6.4E-7,M1,4.565E-5,1.4230000000000001E-5,6.4E-7,2.4000000000000003E-7,M1,1.985E-5,1.0350000000000001E-5,2.4000000000000003E-7,6.4E-7,M1,1.6615E-5,1.4230000000000001E-5,6.4E-7,2.4000000000000003E-7,M1,4.6870000000000004E-5,4.68E-6,1.9200000000000003E-6,1.6E-7,M1,3.686E-5,5.65E-7,2.4000000000000003E-7,6.4E-7,M1,4.6830000000000004E-5,4.6400000000000005E-6,2.4000000000000003E-7,6.4E-7,M1,3.04E-5,1.045E-6,1.9200000000000003E-6,1.6E-7,M1,5.932E-5,5.2E-7,2.4000000000000003E-7,6.4E-7,M1,5.913E-5,1.4930000000000001E-5,2.4000000000000003E-7,6.4E-7,M2,4.1E-5,1.34E-6,2.0E-7,6.0E-7,M2,4.1E-5,1.74E-6,2.0E-7,2.45E-7,M2,4.1E-5,9.85E-7,2.0E-7,1.0E-6,M2,4.02E-5,1.785E-6,1.0E-6,2.0E-7,M2,2.0E-7,1.143E-5,2.0E-7,6.0E-7,M2,2.0E-7,1.183E-5,2.0E-7,3.76E-6,M2,2.0E-7,1.539E-5,3.15E-7,2.0E-7,M2,1.15E-7,1.539E-5,6.0E-7,2.0E-7,M2,4.621E-5,1.643E-5,2.0E-7,6.0E-7,M2,1.631E-5,1.683E-5,3.01E-5,2.0E-7,M2,1.631E-5,1.643E-5,2.0E-7,6.0E-7,M2,4.329E-5,3.46E-6,7.2E-7,3.2E-7,M2,3.454E-5,3.46E-6,1.12E-6,3.2E-7,M2,3.454E-5,2.66E-6,3.2E-7,1.12E-6,M2,3.46E-5,4.0E-8,2.0E-7,3.68E-6,M2,3.44E-5,4.0E-8,6.0E-7,2.0E-7,M2,2.7720000000000002E-5,4.0E-8,6.0E-7,2.0E-7,M2,2.792E-5,4.0E-8,2.0E-7,3.68E-6,M2,2.786E-5,2.66E-6,3.2E-7,1.12E-6,M2,2.7060000000000002E-5,3.46E-6,1.12E-6,3.2E-7,M2,1.871E-5,3.46E-6,7.2E-7,3.2E-7,M2,1.332E-5,1.707E-5,3.2E-7,7.2E-7,M2,1.6250000000000002E-5,1.637E-5,3.2E-7,7.2E-7,M2,1.683E-5,1.425E-5,6.0E-7,2.0E-7,M2,1.683E-5,1.425E-5,5.6E-7,2.0E-7,M2,1.719E-5,1.425E-5,2.0E-7,9.000000000000001E-7,M2,1.719E-5,1.4950000000000001E-5,2.0E-7,6.0E-7,M2,4.6150000000000004E-5,1.637E-5,3.2E-7,7.2E-7,M2,4.908E-5,1.707E-5,3.2E-7,7.2E-7,M2,6.232E-5,1.143E-5,2.0E-7,6.0E-7,M2,6.232E-5,1.183E-5,2.0E-7,3.76E-6,M2,6.2205E-5,1.539E-5,3.15E-7,2.0E-7,M2,6.2005E-5,1.539E-5,6.0E-7,2.0E-7,M2,4.2590000000000004E-5,1.419E-5,1.12E-6,3.2E-7,M2,4.2590000000000004E-5,1.339E-5,3.2E-7,1.12E-6,M2,4.2590000000000004E-5,1.031E-5,3.2E-7,7.2E-7,M2,1.561E-5,4.6E-6,3.2E-7,7.2E-7,M2,2.558E-5,5.250000000000001E-7,3.2E-7,7.2E-7,M2,3.18E-6,5.4E-7,2.0E-7,6.0E-7,M2,3.18E-6,5.4E-7,2.0E-7,1.461E-5,M2,3.18E-6,1.4950000000000001E-5,3.9E-7,2.0E-7,M2,3.37E-6,1.4950000000000001E-5,2.0E-7,6.0E-7,M2,2.152E-5,1.785E-6,1.0E-6,2.0E-7,M2,2.152E-5,9.85E-7,2.0E-7,1.0E-6,M2,2.152E-5,1.74E-6,2.0E-7,2.45E-7,M2,2.152E-5,1.34E-6,2.0E-7,6.0E-7,M2,2.3140000000000002E-5,-2.0E-8,7.2E-7,3.2E-7,M2,3.8860000000000004E-5,-2.0E-8,7.2E-7,3.2E-7,M2,2.936E-5,2.33E-6,6.0E-7,2.0E-7,M2,2.976E-5,2.33E-6,2.0E-7,1.084E-5,M2,2.976E-5,1.297E-5,1.957E-5,2.0E-7,M2,4.913E-5,1.297E-5,6.0E-7,2.0E-7,M2,4.533E-5,1.4950000000000001E-5,2.0E-7,6.0E-7,M2,4.533E-5,1.4950000000000001E-5,5.4E-7,2.0E-7,M2,4.567E-5,1.425E-5,2.0E-7,9.000000000000001E-7,M2,4.567E-5,1.425E-5,6.0E-7,2.0E-7,M2,1.9810000000000002E-5,1.031E-5,3.2E-7,7.2E-7,M2,1.6575E-5,1.419E-5,7.2E-7,3.2E-7,M2,3.688E-5,5.85E-7,2.0E-7,6.0E-7,M2,3.688E-5,5.85E-7,1.0170000000000001E-5,2.0E-7,M2,4.685E-5,5.85E-7,2.0E-7,4.275E-6,M2,4.685E-5,4.66E-6,2.0E-7,6.0E-7,M2,5.9340000000000004E-5,5.4E-7,2.0E-7,6.0E-7,M2,5.9340000000000004E-5,5.4E-7,2.0E-7,1.461E-5,M2,5.915E-5,1.4950000000000001E-5,3.9E-7,2.0E-7,M2,5.915E-5,1.4950000000000001E-5,2.0E-7,6.0E-7,M3,4.335E-5,3.52E-6,6.0E-7,2.0E-7,M3,3.46E-5,3.52E-6,9.15E-6,2.0E-7,M3,3.46E-5,3.52E-6,1.0E-6,2.0E-7,M3,3.46E-5,2.7200000000000002E-6,2.0E-7,1.0E-6,M3,2.792E-5,2.7200000000000002E-6,2.0E-7,1.0E-6,M3,2.712E-5,3.52E-6,1.0E-6,2.0E-7,M3,1.897E-5,3.52E-6,9.15E-6,2.0E-7,M3,1.877E-5,3.52E-6,6.0E-7,2.0E-7,M3,1.338E-5,1.713E-5,2.0E-7,6.0E-7,M3,1.338E-5,1.753E-5,3.13E-6,2.0E-7,M3,1.631E-5,1.683E-5,2.0E-7,9.000000000000001E-7,M3,1.631E-5,1.643E-5,2.0E-7,6.0E-7,M3,4.621E-5,1.643E-5,2.0E-7,6.0E-7,M3,4.621E-5,1.683E-5,2.0E-7,9.000000000000001E-7,M3,4.621E-5,1.753E-5,3.13E-6,2.0E-7,M3,4.914E-5,1.713E-5,2.0E-7,6.0E-7,M3,4.265E-5,1.425E-5,1.0E-6,2.0E-7,M3,4.265E-5,1.345E-5,2.0E-7,1.0E-6,M3,4.265E-5,1.077E-5,2.0E-7,3.68E-6,M3,4.265E-5,1.037E-5,2.0E-7,6.0E-7,M3,1.567E-5,4.66E-6,2.0E-7,6.0E-7,M3,1.567E-5,5.85E-7,2.0E-7,4.275E-6,M3,1.567E-5,5.85E-7,1.0170000000000001E-5,2.0E-7,M3,2.5640000000000002E-5,5.85E-7,2.0E-7,6.0E-7,M3,2.32E-5,4.0E-8,6.0E-7,2.0E-7,M3,2.36E-5,4.0E-8,1.552E-5,2.0E-7,M3,3.892E-5,4.0E-8,6.0E-7,2.0E-7,M3,1.987E-5,1.037E-5,2.0E-7,6.0E-7,M3,1.987E-5,1.077E-5,2.0E-7,3.68E-6,M3,1.6835E-5,1.425E-5,3.235E-6,2.0E-7,M3,1.6635E-5,1.425E-5,6.0E-7,2.0E-7,
M1,2.2440000000000002E-5,7.85E-6,1.6E-7,4.405E-6,M1,2.2440000000000002E-5,7.85E-6,1.02E-6,1.6E-7,M1,1.1050000000000001E-5,4.6400000000000005E-6,1.6E-7,2.6E-7,M1,8.23E-6,4.74E-6,2.9800000000000003E-6,1.6E-7,M1,3.434E-5,1.2755E-5,2.4000000000000003E-7,6.4E-7,M1,3.597E-5,5.5E-7,2.4000000000000003E-7,6.4E-7,M1,1.648E-5,1.4220000000000001E-5,5.06E-6,1.6E-7,M1,2.959E-5,4.7E-6,2.4000000000000003E-7,6.4E-7,M1,2.879E-5,4.6E-6,1.04E-6,2.4000000000000003E-7,M1,2.959E-5,4.6E-6,2.4000000000000003E-7,1.04E-6,M1,2.681E-5,4.6400000000000005E-6,2.9800000000000003E-6,1.6E-7,M1,1.8E-7,9.235E-6,2.4000000000000003E-7,6.4E-7,M1,4.4E-7,1.3195E-5,2.4000000000000003E-7,6.4E-7,M1,1.225E-5,1.74E-6,1.6E-7,2.1E-7,M1,8.2E-6,1.79E-6,4.21E-6,1.6E-7,M1,3.734E-5,1.3195E-5,2.4000000000000003E-7,6.4E-7,M1,3.76E-5,9.235E-6,2.4000000000000003E-7,6.4E-7,M1,1.49E-5,1.4220000000000001E-5,1.6E-7,2.155E-6,M1,1.1940000000000001E-5,1.6215E-5,3.12E-6,1.6E-7,M1,1.254E-5,1.2095E-5,3.5100000000000003E-6,1.6E-7,M1,1.3180000000000001E-5,2.18E-6,6.4E-7,2.4000000000000003E-7,M1,3.011E-5,3.5600000000000002E-6,6.4E-7,2.4000000000000003E-7,M1,2.962E-5,1.35E-6,2.4000000000000003E-7,6.4E-7,M1,2.557E-5,1.3E-6,2.4000000000000003E-7,6.4E-7,M1,1.3095E-5,3.46E-6,6.4E-7,2.4000000000000003E-7,M1,1.3180000000000001E-5,2.18E-6,6.4E-7,2.4000000000000003E-7,M1,2.173E-5,1.2095E-5,5.1E-7,1.6E-7,M1,2.2080000000000002E-5,1.2095E-5,1.6E-7,8.6E-7,M1,1.578E-5,1.2095E-5,5.1E-7,1.6E-7,M1,1.578E-5,1.2095E-5,1.6E-7,8.6E-7,M1,1.452E-5,7.41E-6,2.4000000000000003E-7,6.4E-7,M1,1.4580000000000001E-5,7.81E-6,1.04E-6,2.4000000000000003E-7,M1,1.5380000000000002E-5,7.81E-6,2.4000000000000003E-7,1.04E-6,M1,1.542E-5,7.85E-6,1.6E-7,4.405E-6,M1,3.44E-6,1.2755E-5,2.4000000000000003E-7,6.4E-7,M1,1.81E-6,5.5E-7,2.4000000000000003E-7,6.4E-7,M1,2.588E-5,1.5775E-5,2.4000000000000003E-7,6.4E-7,M1,2.292E-5,1.378E-5,2.4000000000000003E-7,6.4E-7,M1,2.444E-5,2.22E-6,1.6E-7,8.95E-7,M1,7.71E-6,2.955E-6,1.689E-5,1.6E-7,M1,7.71E-6,2.955E-6,1.6E-7,8.05E-7,M1,2.889E-5,2.0E-8,6.4E-7,2.4000000000000003E-7,M1,8.49E-6,2.0E-8,6.4E-7,2.4000000000000003E-7,M1,1.093E-5,8.6E-7,2.4000000000000003E-7,6.4E-7,M1,1.101E-5,4.6E-6,2.4000000000000003E-7,6.4E-7,M1,2.6850000000000002E-5,8.6E-7,2.4000000000000003E-7,6.4E-7,M1,2.677E-5,4.6E-6,2.4000000000000003E-7,6.4E-7,M1,2.4200000000000002E-5,2.18E-6,6.4E-7,2.4000000000000003E-7,M1,2.4285000000000002E-5,3.46E-6,6.4E-7,2.4000000000000003E-7,M1,1.805E-5,1.74E-6,1.9200000000000003E-6,1.6E-7,M1,2.197E-5,1.2095E-5,3.5100000000000003E-6,1.6E-7,M2,3.436E-5,1.2775E-5,2.0E-7,6.0E-7,M2,3.436E-5,1.2775E-5,1.83E-6,2.0E-7,M2,3.599E-5,5.7E-7,2.0E-7,1.2405E-5,M2,3.599E-5,5.7E-7,2.0E-7,6.0E-7,M2,2.961E-5,4.72E-6,2.0E-7,6.0E-7,M2,2.961E-5,4.62E-6,2.0E-7,3.0E-7,M2,2.881E-5,4.62E-6,1.0E-6,2.0E-7,M2,2.961E-5,4.62E-6,2.0E-7,1.0E-6,M2,1.4E-7,9.195000000000001E-6,3.2E-7,7.2E-7,M2,4.0E-7,1.3155E-5,3.2E-7,7.2E-7,M2,3.73E-5,1.3155E-5,3.2E-7,7.2E-7,M2,3.756E-5,9.195000000000001E-6,3.2E-7,7.2E-7,M2,1.32E-5,2.2E-6,6.0E-7,2.0E-7,M2,1.34E-5,2.2E-6,2.0E-7,9.35E-7,M2,1.34E-5,2.935E-6,1.693E-5,2.0E-7,M2,3.013E-5,2.935E-6,2.0E-7,8.450000000000001E-7,M2,3.013E-5,3.58E-6,6.0E-7,2.0E-7,M2,2.964E-5,1.37E-6,2.0E-7,6.0E-7,M2,2.559E-5,1.77E-6,4.25E-6,2.0E-7,M2,2.559E-5,1.72E-6,2.0E-7,2.5E-7,M2,2.559E-5,1.32E-6,2.0E-7,6.0E-7,M2,1.3115E-5,3.48E-6,6.0E-7,2.0E-7,M2,1.3315E-5,2.2E-6,2.0E-7,1.48E-6,M2,1.3315E-5,2.2E-6,2.85E-7,2.0E-7,M2,1.32E-5,2.2E-6,6.0E-7,2.0E-7,M2,1.454E-5,7.43E-6,2.0E-7,6.0E-7,M2,1.454E-5,7.83E-6,1.06E-6,2.0E-7,M2,1.46E-5,7.83E-6,1.0E-6,2.0E-7,M2,1.54E-5,7.83E-6,2.0E-7,1.0E-6,M2,3.46E-6,1.2775E-5,2.0E-7,6.0E-7,M2,1.83E-6,1.2775E-5,1.83E-6,2.0E-7,M2,1.83E-6,5.7E-7,2.0E-7,1.2405E-5,M2,1.83E-6,5.7E-7,2.0E-7,6.0E-7,M2,2.59E-5,1.5795E-5,2.0E-7,6.0E-7,M2,2.294E-5,1.6195E-5,3.1600000000000002E-6,2.0E-7,M2,2.294E-5,1.42E-5,2.0E-7,2.195E-6,M2,2.294E-5,1.38E-5,2.0E-7,6.0E-7,M2,2.885E-5,-2.0E-8,7.2E-7,3.2E-7,M2,8.45E-6,-2.0E-8,7.2E-7,3.2E-7,M2,1.089E-5,8.2E-7,3.2E-7,7.2E-7,M2,1.097E-5,4.56E-6,3.2E-7,7.2E-7,M2,2.681E-5,8.2E-7,3.2E-7,7.2E-7,M2,2.673E-5,4.56E-6,3.2E-7,7.2E-7,M2,2.416E-5,2.14E-6,7.2E-7,3.2E-7,M2,2.4245E-5,3.42E-6,7.2E-7,3.2E-7,M3,2.0E-7,9.255E-6,2.0E-7,6.0E-7,M3,2.0E-7,9.655E-6,4.6E-7,2.0E-7,M3,4.6E-7,9.655E-6,2.0E-7,3.76E-6,M3,4.6E-7,1.3215E-5,2.0E-7,6.0E-7,M3,3.736E-5,1.3215E-5,2.0E-7,6.0E-7,M3,3.736E-5,9.655E-6,2.0E-7,3.76E-6,M3,3.736E-5,9.655E-6,4.6E-7,2.0E-7,M3,3.762E-5,9.255E-6,2.0E-7,6.0E-7,M3,2.891E-5,4.0E-8,6.0E-7,2.0E-7,M3,8.91E-6,4.0E-8,2.02E-5,2.0E-7,M3,8.51E-6,4.0E-8,6.0E-7,2.0E-7,M3,1.095E-5,8.8E-7,2.0E-7,6.0E-7,M3,1.095E-5,1.28E-6,2.8E-7,2.0E-7,M3,1.103E-5,1.28E-6,2.0E-7,3.54E-6,M3,1.103E-5,4.62E-6,2.0E-7,6.0E-7,M3,2.6870000000000002E-5,8.8E-7,2.0E-7,6.0E-7,M3,2.679E-5,1.28E-6,2.8E-7,2.0E-7,M3,2.679E-5,1.28E-6,2.0E-7,3.54E-6,M3,2.679E-5,4.62E-6,2.0E-7,6.0E-7,M3,2.416E-5,2.14E-6,7.2E-7,3.2E-7,M3,2.4245E-5,3.42E-6,7.2E-7,3.2E-7,M4,2.4220000000000002E-5,2.2E-6,6.0E-7,2.0E-7,M4,2.442E-5,2.2E-6,2.0E-7,1.48E-6,M4,2.442E-5,3.48E-6,2.85E-7,2.0E-7,M4,2.4305000000000002E-5,3.48E-6,6.0E-7,2.0E-7,
M1,3.2900000000000003E-6,7.2E-7,2.4000000000000003E-7,6.4E-7,M1,3.32E-6,1.8195E-5,2.4000000000000003E-7,6.4E-7,M1,2.1720000000000002E-5,1.9585E-5,2.4000000000000003E-7,6.4E-7,M1,2.184E-5,1.2395E-5,2.4000000000000003E-7,6.4E-7,M1,1.827E-5,8.210000000000001E-6,2.4000000000000003E-7,6.4E-7,M1,1.94E-5,1.103E-5,6.4E-7,2.4000000000000003E-7,M1,1.024E-5,4.225E-6,6.4E-7,2.4000000000000003E-7,M1,1.861E-5,3.59E-6,6.4E-7,2.4000000000000003E-7,M1,1.296E-5,4.77E-6,1.6E-7,7.95E-7,M1,1.12E-5,5.405E-6,1.9200000000000003E-6,1.6E-7,M1,1.12E-5,6.05E-7,1.6E-7,4.96E-6,M1,7.75E-6,6.05E-7,3.61E-6,1.6E-7,M1,2.611E-5,2.0E-8,6.4E-7,2.4000000000000003E-7,M1,2.11E-5,3.59E-6,6.4E-7,2.4000000000000003E-7,M1,2.382E-5,6.05E-7,1.6E-7,4.96E-6,M1,2.382E-5,6.05E-7,3.61E-6,1.6E-7,M1,4.4E-7,1.8635E-5,2.4000000000000003E-7,6.4E-7,M1,1.8E-7,1.4675000000000001E-5,2.4000000000000003E-7,6.4E-7,M1,2.869E-5,1.365E-6,2.4000000000000003E-7,6.4E-7,M1,3.26E-5,1.8450000000000001E-6,2.4000000000000003E-7,6.4E-7,M1,3.1990000000000004E-5,2.945E-6,6.4E-7,2.4000000000000003E-7,M1,2.385E-6,2.945E-6,6.4E-7,2.4000000000000003E-7,M1,1.514E-5,1.103E-5,6.4E-7,2.4000000000000003E-7,M1,1.667E-5,8.210000000000001E-6,2.4000000000000003E-7,6.4E-7,M1,1.4365E-5,1.107E-5,1.6E-7,7.2E-7,M1,1.4365E-5,1.163E-5,1.815E-6,1.6E-7,M1,3.476E-5,1.4675000000000001E-5,2.4000000000000003E-7,6.4E-7,M1,3.45E-5,1.8635E-5,2.4000000000000003E-7,6.4E-7,M1,2.43E-5,4.225E-6,6.4E-7,2.4000000000000003E-7,M1,1.593E-5,3.59E-6,6.4E-7,2.4000000000000003E-7,M1,2.206E-5,4.77E-6,1.6E-7,7.95E-7,M1,2.206E-5,5.405E-6,1.9200000000000003E-6,1.6E-7,M1,2.34E-6,1.8450000000000001E-6,2.4000000000000003E-7,6.4E-7,M1,6.25E-6,1.365E-6,2.4000000000000003E-7,6.4E-7,M1,2.0700000000000002E-5,1.107E-5,1.6E-7,7.2E-7,M1,2.035E-5,1.107E-5,5.1E-7,1.6E-7,M1,1.376E-5,1.3395E-5,1.6E-7,4.3E-6,M1,1.376E-5,1.7535E-5,2.2E-7,1.6E-7,M1,2.549E-5,1.365E-6,2.4000000000000003E-7,6.4E-7,M1,9.450000000000001E-6,1.365E-6,2.4000000000000003E-7,6.4E-7,M1,2.12E-5,1.3395E-5,1.6E-7,4.3E-6,M1,2.12E-5,1.3395E-5,2.2E-7,1.6E-7,M1,1.322E-5,1.9585E-5,2.4000000000000003E-7,6.4E-7,M1,1.31E-5,1.2395E-5,2.4000000000000003E-7,6.4E-7,M1,1.522E-5,1.2835E-5,4.74E-6,1.6E-7,M1,3.1650000000000004E-5,7.2E-7,2.4000000000000003E-7,6.4E-7,M1,3.162E-5,1.8195E-5,2.4000000000000003E-7,6.4E-7,M1,1.344E-5,3.59E-6,6.4E-7,2.4000000000000003E-7,M1,8.43E-6,2.0E-8,6.4E-7,2.4000000000000003E-7,M2,3.2500000000000002E-6,6.800000000000001E-7,3.2E-7,7.2E-7,M2,3.28E-6,1.8155E-5,3.2E-7,7.2E-7,M2,2.1740000000000002E-5,1.9605E-5,2.0E-7,6.0E-7,M2,2.1740000000000002E-5,1.2815E-5,2.0E-7,7.39E-6,M2,2.1740000000000002E-5,1.2815E-5,3.2E-7,2.0E-7,M2,2.186E-5,1.2415E-5,2.0E-7,6.0E-7,M2,1.823E-5,8.17E-6,3.2E-7,7.2E-7,M2,1.936E-5,1.099E-5,7.2E-7,3.2E-7,M2,1.026E-5,4.245E-6,6.0E-7,2.0E-7,M2,1.066E-5,4.245E-6,8.17E-6,2.0E-7,M2,1.863E-5,3.61E-6,2.0E-7,8.35E-7,M2,1.863E-5,3.61E-6,6.0E-7,2.0E-7,M2,2.6130000000000002E-5,4.0E-8,6.0E-7,2.0E-7,M2,2.152E-5,4.0E-8,4.81E-6,2.0E-7,M2,2.146E-5,-2.0E-8,3.2E-7,1.12E-6,M2,2.146E-5,-2.0E-8,1.12E-6,3.2E-7,M2,2.106E-5,3.55E-6,7.2E-7,3.2E-7,M2,4.0E-7,1.8595E-5,3.2E-7,7.2E-7,M2,1.4E-7,1.4635E-5,3.2E-7,7.2E-7,M2,2.871E-5,1.385E-6,2.0E-7,6.0E-7,M2,2.871E-5,1.785E-6,2.0E-7,6.800000000000001E-7,M2,2.871E-5,2.265E-6,4.1100000000000005E-6,2.0E-7,M2,3.262E-5,1.8650000000000001E-6,2.0E-7,6.0E-7,M2,3.201E-5,2.965E-6,6.0E-7,2.0E-7,M2,2.605E-6,2.965E-6,2.9605000000000002E-5,2.0E-7,M2,2.405E-6,2.965E-6,6.0E-7,2.0E-7,M2,1.5100000000000001E-5,1.099E-5,7.2E-7,3.2E-7,M2,1.6630000000000002E-5,8.17E-6,3.2E-7,7.2E-7,M2,3.472E-5,1.4635E-5,3.2E-7,7.2E-7,M2,3.446E-5,1.8595E-5,3.2E-7,7.2E-7,M2,2.426E-5,4.185E-6,7.2E-7,3.2E-7,M2,1.5890000000000002E-5,3.55E-6,7.2E-7,3.2E-7,M2,2.36E-6,1.8650000000000001E-6,2.0E-7,6.0E-7,M2,2.36E-6,2.265E-6,4.1100000000000005E-6,2.0E-7,M2,6.27E-6,1.785E-6,2.0E-7,6.800000000000001E-7,M2,6.27E-6,1.385E-6,2.0E-7,6.0E-7,M2,2.551E-5,1.385E-6,2.0E-7,6.0E-7,M2,9.47E-6,1.785E-6,1.624E-5,2.0E-7,M2,9.47E-6,1.385E-6,2.0E-7,6.0E-7,M2,1.324E-5,1.9605E-5,2.0E-7,6.0E-7,M2,1.324E-5,1.2815E-5,2.0E-7,7.39E-6,M2,1.312E-5,1.2815E-5,3.2E-7,2.0E-7,M2,1.312E-5,1.2415E-5,2.0E-7,6.0E-7,M2,3.1610000000000004E-5,6.800000000000001E-7,3.2E-7,7.2E-7,M2,3.158E-5,1.8155E-5,3.2E-7,7.2E-7,M2,1.34E-5,3.55E-6,7.2E-7,3.2E-7,M2,8.390000000000001E-6,-2.0E-8,7.2E-7,3.2E-7,M3,3.31E-6,7.4E-7,2.0E-7,6.0E-7,M3,3.31E-6,7.4E-7,2.0E-7,1.7675E-5,M3,3.31E-6,1.8215E-5,2.3E-7,2.0E-7,M3,3.34E-6,1.8215E-5,2.0E-7,6.0E-7,M3,1.829E-5,8.23E-6,2.0E-7,6.0E-7,M3,1.829E-5,8.63E-6,1.33E-6,2.0E-7,M3,1.942E-5,8.63E-6,2.0E-7,2.62E-6,M3,1.942E-5,1.1050000000000001E-5,6.0E-7,2.0E-7,M3,2.146E-5,-2.0E-8,3.2E-7,1.12E-6,M3,2.146E-5,-2.0E-8,1.12E-6,3.2E-7,M3,2.106E-5,3.55E-6,7.2E-7,3.2E-7,M3,4.6E-7,1.8655E-5,2.0E-7,6.0E-7,M3,2.0E-7,1.8655E-5,4.6E-7,2.0E-7,M3,2.0E-7,1.5095E-5,2.0E-7,3.76E-6,M3,2.0E-7,1.4695E-5,2.0E-7,6.0E-7,M3,1.516E-5,1.1050000000000001E-5,6.0E-7,2.0E-7,M3,1.556E-5,8.63E-6,2.0E-7,2.62E-6,M3,1.556E-5,8.63E-6,1.33E-6,2.0E-7,M3,1.669E-5,8.23E-6,2.0E-7,6.0E-7,M3,3.478E-5,1.4695E-5,2.0E-7,6.0E-7,M3,3.478E-5,1.5095E-5,2.0E-7,3.76E-6,M3,3.452E-5,1.8655E-5,4.6E-7,2.0E-7,M3,3.452E-5,1.8655E-5,2.0E-7,6.0E-7,M3,2.432E-5,4.245E-6,6.0E-7,2.0E-7,M3,1.635E-5,4.245E-6,8.17E-6,2.0E-7,M3,1.635E-5,3.61E-6,2.0E-7,8.35E-7,M3,1.595E-5,3.61E-6,6.0E-7,2.0E-7,M3,3.167E-5,7.4E-7,2.0E-7,6.0E-7,M3,3.167E-5,7.4E-7,2.0E-7,1.7675E-5,M3,3.164E-5,1.8215E-5,2.3E-7,2.0E-7,M3,3.164E-5,1.8215E-5,2.0E-7,6.0E-7,M3,1.34E-5,3.55E-6,7.2E-7,3.2E-7,M3,8.390000000000001E-6,-2.0E-8,7.2E-7,3.2E-7,M4,2.146E-5,-2.0E-8,3.2E-7,1.12E-6,M4,2.146E-5,-2.0E-8,1.12E-6,3.2E-7,M4,2.106E-5,3.55E-6,7.2E-7,3.2E-7,M4,1.346E-5,3.61E-6,6.0E-7,2.0E-7,M4,1.346E-5,4.0E-8,2.0E-7,3.77E-6,M4,8.85E-6,4.0E-8,4.81E-6,2.0E-7,M4,8.45E-6,4.0E-8,6.0E-7,2.0E-7,M5,2.152E-5,4.0E-8,2.0E-7,1.0E-6,M5,2.152E-5,4.0E-8,1.0E-6,2.0E-7,M5,2.152E-5,4.0E-8,2.0E-7,3.77E-6,M5,2.112E-5,3.61E-6,6.0E-7,2.0E-7,
M1,2.2E-7,1.6825E-5,1.6E-7,3.72E-6,M1,2.2E-7,2.0385E-5,4.2E-7,1.6E-7,M1,2.216E-5,1.0690000000000001E-5,1.9200000000000003E-6,1.6E-7,M1,2.392E-5,1.0690000000000001E-5,1.6E-7,4.4E-7,M1,9.5E-6,1.365E-6,1.6E-7,3.915E-6,M1,9.5E-6,1.365E-6,7.900000000000001E-7,1.6E-7,M1,2.489E-5,7.6E-7,1.6E-7,1.9345000000000002E-5,M1,2.489E-5,1.9945E-5,3.8E-7,1.6E-7,M1,1.344E-5,1.2630000000000001E-5,6.4E-7,2.4000000000000003E-7,M1,1.587E-5,9.810000000000001E-6,2.4000000000000003E-7,6.4E-7,M1,1.2665E-5,1.267E-5,1.6E-7,7.900000000000001E-7,M1,1.262E-5,1.33E-5,2.05E-7,1.6E-7,M1,8.19E-6,2.7E-6,1.72E-5,1.6E-7,M1,1.3880000000000001E-5,1.513E-5,1.6E-7,4.145E-6,M1,1.384E-5,1.8875E-5,2.4000000000000003E-7,6.4E-7,M1,1.348E-5,1.9205E-5,6.4E-7,2.4000000000000003E-7,M1,2.189E-5,1.805E-6,1.6E-7,3.55E-7,M1,2.189E-5,2.0E-6,4.77E-6,1.6E-7,M1,2.392E-5,1.365E-6,1.6E-7,3.915E-6,M1,2.329E-5,1.365E-6,7.900000000000001E-7,1.6E-7,M1,2.44E-5,3.94E-6,6.4E-7,2.4000000000000003E-7,M1,1.513E-5,3.59E-6,6.4E-7,2.4000000000000003E-7,M1,3.32E-5,1.6825E-5,1.6E-7,3.72E-6,M1,3.294E-5,2.0385E-5,4.2E-7,1.6E-7,M1,1.178E-5,2.35E-6,1.6E-7,1.44E-6,M1,1.481E-5,1.045E-6,3.96E-6,1.6E-7,M1,1.444E-5,1.45E-5,1.6E-7,6.045E-6,M1,1.3520000000000001E-5,1.45E-5,1.08E-6,1.6E-7,M1,1.444E-5,2.168E-5,4.7E-6,1.6E-7,M1,1.3520000000000001E-5,1.45E-5,6.54E-6,1.6E-7,M1,2.08E-5,1.267E-5,1.6E-7,7.900000000000001E-7,M1,2.0755E-5,1.267E-5,2.05E-7,1.6E-7,M1,9.5E-6,1.0690000000000001E-5,1.9200000000000003E-6,1.6E-7,M1,9.5E-6,1.0690000000000001E-5,1.6E-7,4.4E-7,M1,8.53E-6,7.6E-7,1.6E-7,1.9345000000000002E-5,M1,8.31E-6,1.9945E-5,3.8E-7,1.6E-7,M1,2.164E-5,2.35E-6,1.6E-7,1.44E-6,M1,2.0755E-5,1.267E-5,1.6E-7,6.735E-6,M1,2.0755E-5,1.9245E-5,7.52E-6,1.6E-7,M1,1.781E-5,3.59E-6,6.4E-7,2.4000000000000003E-7,M1,8.54E-6,3.94E-6,6.4E-7,2.4000000000000003E-7,M1,1.747E-5,9.810000000000001E-6,2.4000000000000003E-7,6.4E-7,M1,1.95E-5,1.2630000000000001E-5,6.4E-7,2.4000000000000003E-7,M1,1.153E-5,1.805E-6,1.6E-7,3.55E-7,M1,6.92E-6,2.0E-6,4.77E-6,1.6E-7,M2,1.34E-5,1.259E-5,7.2E-7,3.2E-7,M2,1.583E-5,9.77E-6,3.2E-7,7.2E-7,M2,1.3860000000000001E-5,1.8895E-5,2.0E-7,6.0E-7,M2,1.3860000000000001E-5,1.9095E-5,2.0E-7,3.3E-7,M2,1.3860000000000001E-5,1.9225E-5,2.4000000000000003E-7,2.0E-7,M2,1.35E-5,1.9225E-5,6.0E-7,2.0E-7,M2,2.436E-5,3.9E-6,7.2E-7,3.2E-7,M2,1.509E-5,3.55E-6,7.2E-7,3.2E-7,M2,1.783E-5,3.61E-6,6.0E-7,2.0E-7,M2,1.783E-5,3.61E-6,2.0E-7,5.5E-7,M2,8.96E-6,3.96E-6,9.07E-6,2.0E-7,M2,8.56E-6,3.96E-6,6.0E-7,2.0E-7,M2,1.743E-5,9.77E-6,3.2E-7,7.2E-7,M2,1.946E-5,1.259E-5,7.2E-7,3.2E-7,M3,1.346E-5,1.2650000000000001E-5,6.0E-7,2.0E-7,M3,1.3860000000000001E-5,1.2650000000000001E-5,2.2300000000000002E-6,2.0E-7,M3,1.5890000000000002E-5,1.023E-5,2.0E-7,2.62E-6,M3,1.5890000000000002E-5,9.83E-6,2.0E-7,6.0E-7,M3,2.442E-5,3.96E-6,6.0E-7,2.0E-7,M3,2.442E-5,3.61E-6,2.0E-7,5.5E-7,M3,1.5550000000000002E-5,3.61E-6,9.07E-6,2.0E-7,M3,1.515E-5,3.61E-6,6.0E-7,2.0E-7,M3,1.749E-5,9.83E-6,2.0E-7,6.0E-7,M3,1.749E-5,1.023E-5,2.0E-7,2.62E-6,M3,1.749E-5,1.2650000000000001E-5,2.2300000000000002E-6,2.0E-7,M3,1.952E-5,1.2650000000000001E-5,6.0E-7,2.0E-7,
M1,1.674E-5,9.7E-6,2.4000000000000003E-7,6.4E-7,M1,1.674E-5,1.252E-5,1.04E-6,2.4000000000000003E-7,M1,1.674E-5,1.172E-5,2.4000000000000003E-7,1.04E-6,M1,1.6780000000000002E-5,1.256E-5,2.03E-6,1.6E-7,M1,1.804E-5,1.5185000000000001E-5,1.6E-7,4.835E-6,M1,1.804E-5,1.5185000000000001E-5,1.01E-6,1.6E-7,M1,1.9600000000000002E-5,1.326E-5,2.7E-7,1.6E-7,M1,1.9600000000000002E-5,1.256E-5,1.6E-7,8.6E-7,M1,2.301E-5,1.8540000000000002E-5,6.4E-7,2.4000000000000003E-7,M1,1.251E-5,1.124E-5,6.4E-7,2.4000000000000003E-7,M1,1.244E-5,1.0E-6,2.4000000000000003E-7,6.4E-7,M1,1.115E-5,4.72E-6,2.4000000000000003E-7,6.4E-7,M1,2.077E-5,4.76E-6,1.7E-6,1.6E-7,M1,2.231E-5,4.76E-6,3.8E-7,1.6E-7,M1,1.8685E-5,2.14E-6,1.6E-7,1.64E-6,M1,1.866E-5,2.14E-6,1.85E-7,1.6E-7,M1,2.62E-6,5.6E-7,2.4000000000000003E-7,6.4E-7,M1,1.4700000000000001E-6,2.052E-5,2.4000000000000003E-7,6.4E-7,M1,3.1440000000000004E-5,2.096E-5,2.4000000000000003E-7,6.4E-7,M1,3.1440000000000004E-5,1.7445E-5,2.4000000000000003E-7,6.4E-7,M1,3.1480000000000004E-5,1.744E-5,1.6E-7,4.05E-7,M1,3.1480000000000004E-5,1.744E-5,4.2E-7,1.6E-7,M1,1.4060000000000001E-5,1.44E-6,4.0E-6,1.6E-7,M1,4.4E-7,2.096E-5,2.4000000000000003E-7,6.4E-7,M1,4.4E-7,1.7445E-5,2.4000000000000003E-7,6.4E-7,M1,4.800000000000001E-7,1.744E-5,1.6E-7,4.05E-7,M1,2.2E-7,1.744E-5,4.2E-7,1.6E-7,M1,9.43E-6,4.76E-6,1.9200000000000003E-6,1.6E-7,M1,1.306E-5,2.1000000000000002E-6,6.4E-7,2.4000000000000003E-7,M1,1.3035E-5,3.58E-6,6.4E-7,2.4000000000000003E-7,M1,1.0E-5,2.0E-8,6.4E-7,2.4000000000000003E-7,M1,2.148E-5,2.0E-8,6.4E-7,2.4000000000000003E-7,M1,1.331E-5,1.256E-5,2.03E-6,1.6E-7,M1,1.514E-5,1.172E-5,2.4000000000000003E-7,1.04E-6,M1,1.434E-5,1.252E-5,1.04E-6,2.4000000000000003E-7,M1,1.514E-5,9.7E-6,2.4000000000000003E-7,6.4E-7,M1,1.225E-5,1.256E-5,2.7E-7,1.6E-7,M1,1.225E-5,1.256E-5,1.6E-7,8.6E-7,M1,1.2120000000000001E-5,1.252E-5,6.4E-7,2.4000000000000003E-7,M1,7.22E-6,1.982E-5,6.4E-7,2.4000000000000003E-7,M1,2.302E-5,1.3600000000000001E-6,2.4000000000000003E-7,6.4E-7,M1,1.7860000000000002E-5,1.0E-6,2.4000000000000003E-7,6.4E-7,M1,1.402E-5,1.0E-6,2.4000000000000003E-7,6.4E-7,M1,8.86E-6,1.3600000000000001E-6,2.4000000000000003E-7,6.4E-7,M1,8.47E-6,1.8540000000000002E-5,6.4E-7,2.4000000000000003E-7,M1,1.897E-5,1.124E-5,6.4E-7,2.4000000000000003E-7,M1,2.073E-5,4.92E-6,2.4000000000000003E-7,6.4E-7,M1,1.944E-5,8.0E-7,2.4000000000000003E-7,6.4E-7,M1,1.295E-5,1.4485000000000001E-5,6.22E-6,1.6E-7,M1,1.752E-5,1.4485000000000001E-5,1.6E-7,8.405E-6,M1,1.752E-5,1.4485000000000001E-5,1.65E-6,1.6E-7,M1,1.444E-5,2.273E-5,3.24E-6,1.6E-7,M1,3.0410000000000002E-5,2.052E-5,2.4000000000000003E-7,6.4E-7,M1,2.926E-5,5.6E-7,2.4000000000000003E-7,6.4E-7,M2,1.676E-5,9.72E-6,2.0E-7,6.0E-7,M2,1.676E-5,1.012E-5,2.0E-7,2.62E-6,M2,1.676E-5,1.254E-5,1.0E-6,2.0E-7,M2,1.676E-5,1.174E-5,2.0E-7,1.0E-6,M2,2.2970000000000002E-5,1.85E-5,7.2E-7,3.2E-7,M2,1.2470000000000001E-5,1.12E-5,7.2E-7,3.2E-7,M2,1.2460000000000001E-5,1.02E-6,2.0E-7,6.0E-7,M2,1.117E-5,1.42E-6,1.4900000000000001E-6,2.0E-7,M2,1.117E-5,1.42E-6,2.0E-7,3.52E-6,M2,1.117E-5,4.74E-6,2.0E-7,6.0E-7,M2,2.58E-6,5.2E-7,3.2E-7,7.2E-7,M2,1.43E-6,2.048E-5,3.2E-7,7.2E-7,M2,3.146E-5,2.098E-5,2.0E-7,6.0E-7,M2,3.146E-5,1.7665E-5,2.0E-7,3.5150000000000002E-6,M2,3.146E-5,1.7465E-5,2.0E-7,6.0E-7,M2,4.6E-7,2.098E-5,2.0E-7,6.0E-7,M2,4.6E-7,1.7665E-5,2.0E-7,3.5150000000000002E-6,M2,4.6E-7,1.7465E-5,2.0E-7,6.0E-7,M2,1.302E-5,2.06E-6,7.2E-7,3.2E-7,M2,1.2995E-5,3.54E-6,7.2E-7,3.2E-7,M2,1.002E-5,4.0E-8,6.0E-7,2.0E-7,M2,1.042E-5,4.0E-8,1.128E-5,2.0E-7,M2,2.15E-5,4.0E-8,6.0E-7,2.0E-7,M2,1.516E-5,1.174E-5,2.0E-7,1.0E-6,M2,1.436E-5,1.254E-5,1.0E-6,2.0E-7,M2,1.516E-5,1.012E-5,2.0E-7,2.62E-6,M2,1.516E-5,9.72E-6,2.0E-7,6.0E-7,M2,1.208E-5,1.248E-5,7.2E-7,3.2E-7,M2,7.18E-6,1.978E-5,7.2E-7,3.2E-7,M2,2.298E-5,1.32E-6,3.2E-7,7.2E-7,M2,1.782E-5,9.600000000000001E-7,3.2E-7,7.2E-7,M2,1.398E-5,9.600000000000001E-7,3.2E-7,7.2E-7,M2,8.82E-6,1.32E-6,3.2E-7,7.2E-7,M2,8.49E-6,1.8560000000000002E-5,6.0E-7,2.0E-7,M2,8.89E-6,1.8560000000000002E-5,9.725000000000001E-6,2.0E-7,M2,1.8415E-5,1.126E-5,2.0E-7,7.5E-6,M2,1.8415E-5,1.126E-5,9.75E-7,2.0E-7,M2,1.899E-5,1.126E-5,6.0E-7,2.0E-7,M2,2.069E-5,4.88E-6,3.2E-7,7.2E-7,M2,1.94E-5,7.6E-7,3.2E-7,7.2E-7,M2,3.0430000000000002E-5,2.054E-5,2.0E-7,6.0E-7,M2,2.928E-5,2.054E-5,1.35E-6,2.0E-7,M2,2.928E-5,5.800000000000001E-7,2.0E-7,2.016E-5,M2,2.928E-5,5.800000000000001E-7,2.0E-7,6.0E-7,M3,2.303E-5,1.8560000000000002E-5,6.0E-7,2.0E-7,M3,1.3505E-5,1.8560000000000002E-5,9.725000000000001E-6,2.0E-7,M3,1.3505E-5,1.126E-5,2.0E-7,7.5E-6,M3,1.273E-5,1.126E-5,9.75E-7,2.0E-7,M3,1.253E-5,1.126E-5,6.0E-7,2.0E-7,M3,2.58E-6,5.2E-7,3.2E-7,7.2E-7,M3,1.43E-6,2.048E-5,3.2E-7,7.2E-7,M3,1.308E-5,2.12E-6,6.0E-7,2.0E-7,M3,1.3255000000000001E-5,2.12E-6,2.2500000000000002E-7,2.0E-7,M3,1.3255000000000001E-5,2.12E-6,2.0E-7,1.68E-6,M3,1.3055E-5,3.6000000000000003E-6,6.0E-7,2.0E-7,M3,1.214E-5,1.254E-5,6.0E-7,2.0E-7,M3,7.44E-6,1.254E-5,5.1E-6,2.0E-7,M3,7.3800000000000005E-6,1.248E-5,3.2E-7,1.12E-6,M3,7.3800000000000005E-6,1.248E-5,1.12E-6,3.2E-7,M3,7.18E-6,1.978E-5,7.2E-7,3.2E-7,M3,2.304E-5,1.3800000000000001E-6,2.0E-7,6.0E-7,M3,2.304E-5,1.68E-6,2.0E-7,3.0E-7,M3,1.788E-5,1.68E-6,5.36E-6,2.0E-7,M3,1.788E-5,1.42E-6,2.0E-7,4.6E-7,M3,1.788E-5,1.02E-6,2.0E-7,6.0E-7,M3,1.4040000000000001E-5,1.02E-6,2.0E-7,6.0E-7,M3,1.4040000000000001E-5,1.42E-6,2.0E-7,4.6E-7,M3,8.88E-6,1.68E-6,5.36E-6,2.0E-7,M3,8.88E-6,1.68E-6,2.0E-7,3.0E-7,M3,8.88E-6,1.3800000000000001E-6,2.0E-7,6.0E-7,M3,2.069E-5,4.88E-6,3.2E-7,7.2E-7,M3,1.94E-5,7.6E-7,3.2E-7,7.2E-7,M4,2.64E-6,5.800000000000001E-7,2.0E-7,6.0E-7,M4,2.64E-6,5.800000000000001E-7,2.0E-7,2.016E-5,M4,1.4900000000000001E-6,2.054E-5,1.35E-6,2.0E-7,M4,1.4900000000000001E-6,2.054E-5,2.0E-7,6.0E-7,M4,7.44E-6,1.254E-5,2.0E-7,1.0E-6,M4,7.44E-6,1.254E-5,1.0E-6,2.0E-7,M4,7.44E-6,1.254E-5,2.0E-7,7.5E-6,M4,7.24E-6,1.984E-5,6.0E-7,2.0E-7,M4,2.069E-5,4.88E-6,3.2E-7,7.2E-7,M4,1.94E-5,7.6E-7,3.2E-7,7.2E-7,M5,2.069E-5,4.88E-6,3.2E-7,7.2E-7,M5,1.94E-5,7.6E-7,3.2E-7,7.2E-7,M6,2.065E-5,4.6400000000000005E-6,4.0E-7,1.2E-6,M6,1.936E-5,5.2E-7,4.0E-7,1.2E-6,M7,2.065E-5,4.6400000000000005E-6,4.0E-7,1.2E-6,M7,1.905E-5,1.32E-6,2.0E-6,4.0E-7,M7,2.065E-5,1.32E-6,4.0E-7,2.0E-6,M7,1.936E-5,1.32E-6,1.6900000000000001E-6,4.0E-7,M7,1.936E-5,5.2E-7,4.0E-7,1.2E-6,M8,2.065E-5,4.6400000000000005E-6,4.0E-7,1.2E-6,M8,2.065E-5,1.32E-6,4.0E-7,3.72E-6,M8,1.905E-5,1.32E-6,2.0E-6,4.0E-7,M8,2.065E-5,1.32E-6,4.0E-7,2.0E-6,
M1,3.104E-5,2.0605E-5,2.4000000000000003E-7,6.4E-7,M1,3.029E-5,6.3E-7,2.4000000000000003E-7,6.4E-7,M1,1.178E-5,2.35E-6,1.6E-7,1.575E-6,M1,1.13E-5,2.35E-6,6.4E-7,1.6E-7,M1,2.134E-5,2.35E-6,1.6E-7,1.575E-6,M1,2.086E-5,3.765E-6,6.4E-7,1.6E-7,M1,2.1380000000000002E-5,4.9050000000000005E-6,1.9200000000000003E-6,1.6E-7,M1,1.3520000000000001E-5,1.5115E-5,5.76E-6,1.6E-7,M1,1.8E-7,1.7085E-5,2.4000000000000003E-7,6.4E-7,M1,4.4E-7,2.1045E-5,2.4000000000000003E-7,6.4E-7,M1,1.262E-5,1.3335E-5,2.05E-7,1.6E-7,M1,1.262E-5,1.3335E-5,1.6E-7,7.4E-7,M1,3.212E-5,2.1045E-5,2.4000000000000003E-7,6.4E-7,M1,3.238E-5,1.7085E-5,2.4000000000000003E-7,6.4E-7,M1,1.1920000000000001E-5,1.045E-6,8.96E-6,1.6E-7,M1,1.437E-5,1.2015000000000001E-5,6.4E-7,2.4000000000000003E-7,M1,2.362E-5,3.725E-6,6.4E-7,2.4000000000000003E-7,M1,1.326E-5,2.2355000000000002E-5,6.28E-6,1.6E-7,M1,7.23E-6,5.65E-7,2.4000000000000003E-7,6.4E-7,M1,9.460000000000001E-6,4.865E-6,2.4000000000000003E-7,6.4E-7,M1,1.2120000000000001E-5,1.3295E-5,6.4E-7,2.4000000000000003E-7,M1,1.232E-5,1.9905E-5,1.04E-6,2.4000000000000003E-7,M1,1.232E-5,1.9105E-5,2.4000000000000003E-7,1.04E-6,M1,1.236E-5,1.9945E-5,1.62E-6,1.6E-7,M1,2.27E-6,6.3E-7,2.4000000000000003E-7,6.4E-7,M1,1.415E-6,2.0605E-5,6.4E-7,2.4000000000000003E-7,M1,1.56E-6,2.0645E-5,2.55E-7,1.6E-7,M1,1.872E-5,1.3295E-5,6.4E-7,2.4000000000000003E-7,M1,1.708E-5,1.0475E-5,2.4000000000000003E-7,6.4E-7,M1,1.779E-5,1.2015000000000001E-5,6.4E-7,2.4000000000000003E-7,M1,8.54E-6,3.725E-6,6.4E-7,2.4000000000000003E-7,M1,9.5E-6,4.9050000000000005E-6,1.9200000000000003E-6,1.6E-7,M1,2.31E-5,4.865E-6,2.4000000000000003E-7,6.4E-7,M1,2.533E-5,5.65E-7,2.4000000000000003E-7,6.4E-7,M1,8.66E-6,1.805E-6,1.6E-7,2.3E-7,M1,4.04E-6,1.875E-6,4.78E-6,1.6E-7,M1,2.856E-5,1.435E-6,2.4000000000000003E-7,6.4E-7,M1,2.394E-5,1.365E-6,2.4000000000000003E-7,6.4E-7,M1,2.737E-5,2.0E-8,6.4E-7,2.4000000000000003E-7,M1,4.79E-6,2.0E-8,6.4E-7,2.4000000000000003E-7,M1,1.548E-5,1.0475E-5,2.4000000000000003E-7,6.4E-7,M1,1.548E-5,1.2495E-5,2.4000000000000003E-7,1.04E-6,M1,1.468E-5,1.3295E-5,1.04E-6,2.4000000000000003E-7,M1,1.3945E-5,1.3335E-5,1.7350000000000001E-6,1.6E-7,M1,1.3705E-5,1.3295E-5,6.4E-7,2.4000000000000003E-7,M1,1.344E-5,1.3295E-5,6.4E-7,2.4000000000000003E-7,M1,1.9975E-5,1.3915E-5,2.05E-7,1.6E-7,M1,1.9975E-5,1.3335E-5,1.6E-7,7.4E-7,M1,2.116E-5,1.4675000000000001E-5,2.4000000000000003E-7,6.4E-7,M1,2.116E-5,2.2315E-5,1.04E-6,2.4000000000000003E-7,M1,2.116E-5,2.1515E-5,2.4000000000000003E-7,1.04E-6,M1,2.12E-5,2.2355000000000002E-5,1.94E-6,1.6E-7,M1,1.876E-5,1.9945E-5,2.2E-7,1.6E-7,M1,1.876E-5,1.5695E-5,1.6E-7,4.41E-6,M2,3.1E-5,2.0565E-5,3.2E-7,7.2E-7,M2,3.025E-5,5.9E-7,3.2E-7,7.2E-7,M2,1.4E-7,1.7045E-5,3.2E-7,7.2E-7,M2,4.0E-7,2.1005E-5,3.2E-7,7.2E-7,M2,3.208E-5,2.1005E-5,3.2E-7,7.2E-7,M2,3.234E-5,1.7045E-5,3.2E-7,7.2E-7,M2,1.433E-5,1.1975E-5,7.2E-7,3.2E-7,M2,2.358E-5,3.685E-6,7.2E-7,3.2E-7,M2,7.19E-6,5.250000000000001E-7,3.2E-7,7.2E-7,M2,7.19E-6,4.825E-6,1.12E-6,3.2E-7,M2,7.19E-6,4.0250000000000004E-6,3.2E-7,1.12E-6,M2,7.25E-6,4.885E-6,2.43E-6,2.0E-7,M2,9.48E-6,4.885E-6,2.0E-7,6.0E-7,M2,1.214E-5,1.3315E-5,6.0E-7,2.0E-7,M2,1.234E-5,1.3315E-5,2.0E-7,6.81E-6,M2,1.234E-5,1.9925E-5,1.0E-6,2.0E-7,M2,1.234E-5,1.9125E-5,2.0E-7,1.0E-6,M2,2.29E-6,6.5E-7,2.0E-7,6.0E-7,M2,2.29E-6,6.5E-7,2.0E-7,2.0175E-5,M2,2.2300000000000002E-6,1.9765E-5,3.2E-7,1.12E-6,M2,1.43E-6,2.0565E-5,1.12E-6,3.2E-7,M2,1.375E-6,2.0565E-5,7.2E-7,3.2E-7,M2,1.868E-5,1.3255000000000001E-5,7.2E-7,3.2E-7,M2,1.704E-5,1.0435000000000001E-5,3.2E-7,7.2E-7,M2,1.775E-5,1.1975E-5,7.2E-7,3.2E-7,M2,8.5E-6,3.685E-6,7.2E-7,3.2E-7,M2,2.306E-5,4.825E-6,3.2E-7,7.2E-7,M2,2.529E-5,5.250000000000001E-7,3.2E-7,7.2E-7,M2,2.858E-5,1.455E-6,2.0E-7,6.0E-7,M2,2.396E-5,1.855E-6,4.8200000000000004E-6,2.0E-7,M2,2.396E-5,1.785E-6,2.0E-7,2.7E-7,M2,2.396E-5,1.385E-6,2.0E-7,6.0E-7,M2,2.739E-5,4.0E-8,6.0E-7,2.0E-7,M2,5.21E-6,4.0E-8,2.238E-5,2.0E-7,M2,4.81E-6,4.0E-8,6.0E-7,2.0E-7,M2,1.55E-5,1.0495E-5,2.0E-7,6.0E-7,M2,1.55E-5,1.0895E-5,2.0E-7,2.62E-6,M2,1.55E-5,1.2515E-5,2.0E-7,1.0E-6,M2,1.47E-5,1.3315E-5,1.0E-6,2.0E-7,M2,1.3725E-5,1.3315E-5,6.0E-7,2.0E-7,M2,1.3860000000000001E-5,1.3315E-5,2.65E-7,2.0E-7,M2,1.346E-5,1.3315E-5,6.0E-7,2.0E-7,M2,2.118E-5,1.4695E-5,2.0E-7,6.0E-7,M2,2.118E-5,1.5095E-5,2.0E-7,7.44E-6,M2,2.118E-5,2.2335000000000002E-5,1.0E-6,2.0E-7,M2,2.118E-5,2.1535E-5,2.0E-7,1.0E-6,M3,3.106E-5,2.0625E-5,2.0E-7,6.0E-7,M3,3.031E-5,2.0625E-5,9.5E-7,2.0E-7,M3,3.031E-5,6.5E-7,2.0E-7,2.0175E-5,M3,3.031E-5,6.5E-7,2.0E-7,6.0E-7,M3,2.0E-7,1.7105E-5,2.0E-7,6.0E-7,M3,2.0E-7,1.7505E-5,4.6E-7,2.0E-7,M3,4.6E-7,1.7505E-5,2.0E-7,3.76E-6,M3,4.6E-7,2.1065E-5,2.0E-7,6.0E-7,M3,3.214E-5,2.1065E-5,2.0E-7,6.0E-7,M3,3.214E-5,1.7505E-5,2.0E-7,3.76E-6,M3,3.214E-5,1.7505E-5,4.6E-7,2.0E-7,M3,3.24E-5,1.7105E-5,2.0E-7,6.0E-7,M3,1.433E-5,1.1975E-5,7.2E-7,3.2E-7,M3,2.358E-5,3.685E-6,7.2E-7,3.2E-7,M3,7.19E-6,5.250000000000001E-7,3.2E-7,7.2E-7,M3,7.19E-6,4.825E-6,1.12E-6,3.2E-7,M3,7.19E-6,4.0250000000000004E-6,3.2E-7,1.12E-6,M3,2.29E-6,1.9825E-5,2.0E-7,1.0E-6,M3,1.4900000000000001E-6,2.0625E-5,1.0E-6,2.0E-7,M3,1.635E-6,2.0625E-5,8.55E-7,2.0E-7,M3,1.435E-6,2.0625E-5,6.0E-7,2.0E-7,M3,1.868E-5,1.3255000000000001E-5,7.2E-7,3.2E-7,M3,1.704E-5,1.0435000000000001E-5,3.2E-7,7.2E-7,M3,1.781E-5,1.2035E-5,6.0E-7,2.0E-7,M3,1.8010000000000002E-5,3.745E-6,2.0E-7,8.49E-6,M3,8.96E-6,3.745E-6,9.25E-6,2.0E-7,M3,8.56E-6,3.745E-6,6.0E-7,2.0E-7,M3,2.312E-5,4.885E-6,2.0E-7,6.0E-7,M3,2.312E-5,4.885E-6,2.43E-6,2.0E-7,M3,2.529E-5,4.0250000000000004E-6,3.2E-7,1.12E-6,M3,2.449E-5,4.825E-6,1.12E-6,3.2E-7,M3,2.529E-5,5.250000000000001E-7,3.2E-7,7.2E-7,M4,1.4390000000000001E-5,1.2035E-5,6.0E-7,2.0E-7,M4,1.4590000000000001E-5,3.745E-6,2.0E-7,8.49E-6,M4,1.4590000000000001E-5,3.745E-6,9.25E-6,2.0E-7,M4,2.364E-5,3.745E-6,6.0E-7,2.0E-7,M4,7.25E-6,5.85E-7,2.0E-7,6.0E-7,M4,7.25E-6,5.85E-7,2.0E-7,4.5E-6,M4,7.25E-6,4.885E-6,1.0E-6,2.0E-7,M4,7.25E-6,4.085E-6,2.0E-7,1.0E-6,M4,1.874E-5,1.3315E-5,6.0E-7,2.0E-7,M4,1.71E-5,1.3315E-5,1.84E-6,2.0E-7,M4,1.71E-5,1.0895E-5,2.0E-7,2.62E-6,M4,1.71E-5,1.0495E-5,2.0E-7,6.0E-7,M4,2.535E-5,4.085E-6,2.0E-7,1.0E-6,M4,2.455E-5,4.885E-6,1.0E-6,2.0E-7,M4,2.535E-5,5.85E-7,2.0E-7,4.5E-6,M4,2.535E-5,5.85E-7,2.0E-7,6.0E-7,
M1,2.462E-5,1.48E-6,2.4000000000000003E-7,6.4E-7,M1,2.421E-5,2.061E-5,6.4E-7,2.4000000000000003E-7,M1,2.3880000000000002E-5,2.065E-5,7.3E-7,1.6E-7,M1,1.2120000000000001E-5,1.3870000000000001E-5,6.4E-7,2.4000000000000003E-7,M1,1.338E-5,1.991E-5,6.4E-7,2.4000000000000003E-7,M1,2.612E-5,1.9200000000000003E-6,2.4000000000000003E-7,6.4E-7,M1,2.163E-5,1.365E-6,2.4000000000000003E-7,6.4E-7,M1,2.1380000000000002E-5,5.48E-6,1.9200000000000003E-6,1.6E-7,M1,1.3520000000000001E-5,1.569E-5,5.76E-6,1.6E-7,M1,1.262E-5,1.391E-5,1.6E-7,7.4E-7,M1,1.262E-5,1.391E-5,2.05E-7,1.6E-7,M1,2.306E-5,1.365E-6,1.6E-7,4.275E-6,M1,2.306E-5,5.48E-6,2.4000000000000003E-7,1.6E-7,M1,4.4E-7,2.105E-5,2.4000000000000003E-7,6.4E-7,M1,1.8E-7,1.709E-5,2.4000000000000003E-7,6.4E-7,M1,1.178E-5,2.35E-6,1.95E-7,1.6E-7,M1,1.178E-5,2.35E-6,1.6E-7,2.15E-6,M1,7.94E-6,1.48E-6,2.4000000000000003E-7,6.4E-7,M1,7.95E-6,2.061E-5,6.4E-7,2.4000000000000003E-7,M1,8.19E-6,2.065E-5,7.3E-7,1.6E-7,M1,1.872E-5,1.3870000000000001E-5,6.4E-7,2.4000000000000003E-7,M1,1.7255E-5,1.145E-5,6.4E-7,2.4000000000000003E-7,M1,1.712E-5,1.149E-5,5.35E-7,1.6E-7,M1,3.238E-5,1.709E-5,2.4000000000000003E-7,6.4E-7,M1,3.212E-5,2.105E-5,2.4000000000000003E-7,6.4E-7,M1,1.9975E-5,1.391E-5,1.6E-7,7.4E-7,M1,1.9975E-5,1.449E-5,2.05E-7,1.6E-7,M1,2.0825E-5,2.35E-6,1.95E-7,1.6E-7,M1,2.086E-5,2.35E-6,1.6E-7,2.15E-6,M1,2.0055E-5,1.259E-5,6.4E-7,2.4000000000000003E-7,M1,8.54E-6,4.3E-6,6.4E-7,2.4000000000000003E-7,M1,9.5E-6,5.48E-6,1.9200000000000003E-6,1.6E-7,M1,2.294E-5,2.192E-5,2.4000000000000003E-7,6.4E-7,M1,2.116E-5,1.525E-5,2.4000000000000003E-7,6.4E-7,M1,1.093E-5,1.365E-6,2.4000000000000003E-7,6.4E-7,M1,6.44E-6,1.9200000000000003E-6,2.4000000000000003E-7,6.4E-7,M1,9.58E-6,1.365E-6,1.6E-7,4.275E-6,M1,9.5E-6,5.48E-6,2.4000000000000003E-7,1.6E-7,M1,7.2000000000000005E-6,2.0E-8,6.4E-7,2.4000000000000003E-7,M1,2.59E-5,2.0E-8,6.4E-7,2.4000000000000003E-7,M1,1.344E-5,1.3870000000000001E-5,6.4E-7,2.4000000000000003E-7,M1,1.4905E-5,1.145E-5,6.4E-7,2.4000000000000003E-7,M1,1.5145E-5,1.149E-5,5.35E-7,1.6E-7,M1,1.876E-5,1.6270000000000002E-5,1.6E-7,3.8400000000000005E-6,M1,1.876E-5,1.995E-5,2.2E-7,1.6E-7,M1,2.362E-5,4.3E-6,6.4E-7,2.4000000000000003E-7,M1,1.2105E-5,1.259E-5,6.4E-7,2.4000000000000003E-7,M1,1.326E-5,2.236E-5,6.28E-6,1.6E-7,M1,1.4230000000000001E-5,1.805E-6,4.34E-6,1.6E-7,M2,2.464E-5,1.5E-6,2.0E-7,6.0E-7,M2,2.464E-5,1.9E-6,2.0E-7,1.893E-5,M2,2.443E-5,2.063E-5,4.1E-7,2.0E-7,M2,2.423E-5,2.063E-5,6.0E-7,2.0E-7,M2,1.214E-5,1.389E-5,6.0E-7,2.0E-7,M2,1.234E-5,1.389E-5,1.66E-6,2.0E-7,M2,1.38E-5,1.389E-5,2.0E-7,6.24E-6,M2,1.34E-5,1.993E-5,6.0E-7,2.0E-7,M2,2.608E-5,1.88E-6,3.2E-7,7.2E-7,M2,2.159E-5,1.325E-6,3.2E-7,7.2E-7,M2,4.0E-7,2.101E-5,3.2E-7,7.2E-7,M2,1.4E-7,1.705E-5,3.2E-7,7.2E-7,M2,7.96E-6,1.5E-6,2.0E-7,6.0E-7,M2,7.96E-6,1.9E-6,2.0E-7,1.893E-5,M2,7.96E-6,2.063E-5,4.1E-7,2.0E-7,M2,7.97E-6,2.063E-5,6.0E-7,2.0E-7,M2,1.874E-5,1.389E-5,6.0E-7,2.0E-7,M2,1.874E-5,1.147E-5,2.0E-7,2.62E-6,M2,1.7475E-5,1.147E-5,1.465E-6,2.0E-7,M2,1.7275E-5,1.147E-5,6.0E-7,2.0E-7,M2,3.234E-5,1.705E-5,3.2E-7,7.2E-7,M2,3.208E-5,2.101E-5,3.2E-7,7.2E-7,M2,2.0075E-5,1.261E-5,6.0E-7,2.0E-7,M2,2.0275E-5,4.32E-6,2.0E-7,8.49E-6,M2,1.9415E-5,4.26E-6,1.12E-6,3.2E-7,M2,2.0215E-5,4.26E-6,3.2E-7,1.12E-6,M2,8.5E-6,4.26E-6,7.2E-7,3.2E-7,M2,2.29E-5,2.188E-5,3.2E-7,7.2E-7,M2,2.112E-5,1.521E-5,3.2E-7,7.2E-7,M2,1.089E-5,1.325E-6,3.2E-7,7.2E-7,M2,6.4E-6,1.88E-6,3.2E-7,7.2E-7,M2,7.22E-6,4.0E-8,6.0E-7,2.0E-7,M2,7.62E-6,4.0E-8,1.87E-5,2.0E-7,M2,2.592E-5,4.0E-8,6.0E-7,2.0E-7,M2,1.346E-5,1.389E-5,6.0E-7,2.0E-7,M2,1.3860000000000001E-5,1.147E-5,2.0E-7,2.62E-6,M2,1.3860000000000001E-5,1.147E-5,1.465E-6,2.0E-7,M2,1.4925E-5,1.147E-5,6.0E-7,2.0E-7,M2,2.358E-5,4.26E-6,7.2E-7,3.2E-7,M2,1.2065E-5,1.255E-5,7.2E-7,3.2E-7,M3,2.614E-5,1.94E-6,2.0E-7,6.0E-7,M3,2.614E-5,1.785E-6,2.0E-7,7.55E-7,M3,2.165E-5,1.785E-6,4.69E-6,2.0E-7,M3,2.165E-5,1.385E-6,2.0E-7,6.0E-7,M3,4.6E-7,2.107E-5,2.0E-7,6.0E-7,M3,4.6E-7,1.751E-5,2.0E-7,3.76E-6,M3,2.0E-7,1.751E-5,4.6E-7,2.0E-7,M3,2.0E-7,1.711E-5,2.0E-7,6.0E-7,M3,3.24E-5,1.711E-5,2.0E-7,6.0E-7,M3,3.214E-5,1.751E-5,4.6E-7,2.0E-7,M3,3.214E-5,1.751E-5,2.0E-7,3.76E-6,M3,3.214E-5,2.107E-5,2.0E-7,6.0E-7,M3,1.9415E-5,4.26E-6,1.12E-6,3.2E-7,M3,2.0215E-5,4.26E-6,3.2E-7,1.12E-6,M3,8.5E-6,4.26E-6,7.2E-7,3.2E-7,M3,2.29E-5,2.188E-5,3.2E-7,7.2E-7,M3,2.112E-5,1.521E-5,3.2E-7,7.2E-7,M3,1.095E-5,1.385E-6,2.0E-7,6.0E-7,M3,6.46E-6,1.785E-6,4.69E-6,2.0E-7,M3,6.46E-6,1.785E-6,2.0E-7,7.55E-7,M3,6.46E-6,1.94E-6,2.0E-7,6.0E-7,M3,2.364E-5,4.32E-6,6.0E-7,2.0E-7,M3,2.364E-5,4.32E-6,2.0E-7,8.49E-6,M3,2.358E-5,1.1750000000000001E-5,3.2E-7,1.12E-6,M3,2.2780000000000002E-5,1.255E-5,1.12E-6,3.2E-7,M3,1.2065E-5,1.255E-5,7.2E-7,3.2E-7,M4,1.9415E-5,4.26E-6,1.12E-6,3.2E-7,M4,2.0215E-5,4.26E-6,3.2E-7,1.12E-6,M4,8.5E-6,4.26E-6,7.2E-7,3.2E-7,M4,2.296E-5,2.194E-5,2.0E-7,6.0E-7,M4,2.296E-5,1.567E-5,2.0E-7,6.87E-6,M4,2.17E-5,1.567E-5,1.46E-6,2.0E-7,M4,2.118E-5,1.567E-5,7.2E-7,2.0E-7,M4,2.118E-5,1.527E-5,2.0E-7,6.0E-7,M4,2.364E-5,1.181E-5,2.0E-7,1.0E-6,M4,2.284E-5,1.261E-5,1.0E-6,2.0E-7,M4,1.2325E-5,1.261E-5,1.1515E-5,2.0E-7,M4,1.2125E-5,1.261E-5,6.0E-7,2.0E-7,M5,1.9415E-5,4.26E-6,1.12E-6,3.2E-7,M5,2.0215E-5,4.26E-6,3.2E-7,1.12E-6,M5,8.5E-6,4.26E-6,7.2E-7,3.2E-7,M6,1.9475E-5,4.32E-6,1.0E-6,2.0E-7,M6,2.0275E-5,4.32E-6,2.0E-7,1.0E-6,M6,8.96E-6,4.32E-6,1.1515E-5,2.0E-7,M6,8.56E-6,4.32E-6,6.0E-7,2.0E-7,
M1,3.51E-5,1.8195E-5,2.4000000000000003E-7,6.4E-7,M1,3.51E-5,7.2E-7,2.4000000000000003E-7,6.4E-7,M1,2.508E-5,4.225E-6,6.4E-7,2.4000000000000003E-7,M1,1.677E-5,3.59E-6,6.4E-7,2.4000000000000003E-7,M1,1.52E-6,7.2E-7,2.4000000000000003E-7,6.4E-7,M1,1.52E-6,1.8195E-5,2.4000000000000003E-7,6.4E-7,M1,1.8E-7,1.4675000000000001E-5,2.4000000000000003E-7,6.4E-7,M1,4.4E-7,1.8635E-5,2.4000000000000003E-7,6.4E-7,M1,2.1435E-5,1.107E-5,1.6E-7,7.2E-7,M1,2.1435E-5,1.163E-5,2.05E-7,1.6E-7,M1,2.995E-5,1.365E-6,2.4000000000000003E-7,6.4E-7,M1,3.402E-5,1.8450000000000001E-6,2.4000000000000003E-7,6.4E-7,M1,1.2100000000000001E-5,4.77E-6,1.9200000000000003E-6,1.6E-7,M1,1.2100000000000001E-5,4.77E-6,1.6E-7,7.95E-7,M1,3.618E-5,1.8635E-5,2.4000000000000003E-7,6.4E-7,M1,3.6440000000000003E-5,1.4675000000000001E-5,2.4000000000000003E-7,6.4E-7,M1,8.91E-6,2.0E-8,6.4E-7,2.4000000000000003E-7,M1,1.461E-5,3.59E-6,6.4E-7,2.4000000000000003E-7,M1,9.97E-6,1.805E-6,1.692E-5,1.6E-7,M1,1.322E-5,1.9585E-5,2.4000000000000003E-7,6.4E-7,M1,1.3445000000000001E-5,1.2795E-5,6.4E-7,2.4000000000000003E-7,M1,1.3685E-5,1.2835E-5,5.15E-7,1.6E-7,M1,2.6E-6,1.8450000000000001E-6,2.4000000000000003E-7,6.4E-7,M1,6.6700000000000005E-6,1.365E-6,2.4000000000000003E-7,6.4E-7,M1,1.612E-5,1.2835E-5,4.62E-6,1.6E-7,M1,1.911E-5,8.210000000000001E-6,2.4000000000000003E-7,6.4E-7,M1,1.984E-5,1.103E-5,6.4E-7,2.4000000000000003E-7,M1,2.008E-5,1.107E-5,3.0E-7,1.6E-7,M1,2.284E-5,4.77E-6,1.9200000000000003E-6,1.6E-7,M1,2.46E-5,4.77E-6,1.6E-7,7.95E-7,M1,1.522E-5,1.107E-5,1.6E-7,7.2E-7,M1,1.522E-5,1.107E-5,2.05E-7,1.6E-7,M1,1.382E-5,1.3395E-5,1.6E-7,4.3E-6,M1,1.382E-5,1.3395E-5,1.0E-6,1.6E-7,M1,2.34E-5,1.9585E-5,2.4000000000000003E-7,6.4E-7,M1,2.2775E-5,1.2795E-5,6.4E-7,2.4000000000000003E-7,M1,2.266E-5,1.2835E-5,5.15E-7,1.6E-7,M1,2.4560000000000002E-5,5.365E-6,2.4000000000000003E-7,6.4E-7,M1,2.8460000000000002E-5,5.65E-7,2.4000000000000003E-7,6.4E-7,M1,1.751E-5,8.210000000000001E-6,2.4000000000000003E-7,6.4E-7,M1,1.638E-5,1.103E-5,6.4E-7,2.4000000000000003E-7,M1,1.648E-5,1.107E-5,3.0E-7,1.6E-7,M1,1.206E-5,5.365E-6,2.4000000000000003E-7,6.4E-7,M1,8.16E-6,5.65E-7,2.4000000000000003E-7,6.4E-7,M1,3.3800000000000002E-6,2.9850000000000002E-6,3.01E-5,1.6E-7,M1,2.161E-5,3.59E-6,6.4E-7,2.4000000000000003E-7,M1,2.731E-5,2.0E-8,6.4E-7,2.4000000000000003E-7,M1,2.288E-5,1.3395E-5,1.6E-7,4.3E-6,M1,2.204E-5,1.3395E-5,1.0E-6,1.6E-7,M1,1.9450000000000002E-5,3.59E-6,6.4E-7,2.4000000000000003E-7,M1,1.114E-5,4.225E-6,6.4E-7,2.4000000000000003E-7,M2,3.512E-5,1.8215E-5,2.0E-7,6.0E-7,M2,3.512E-5,7.4E-7,2.0E-7,1.7675E-5,M2,3.512E-5,7.4E-7,2.0E-7,6.0E-7,M2,2.504E-5,4.185E-6,7.2E-7,3.2E-7,M2,1.673E-5,3.55E-6,7.2E-7,3.2E-7,M2,1.54E-6,7.4E-7,2.0E-7,6.0E-7,M2,1.54E-6,7.4E-7,2.0E-7,1.7675E-5,M2,1.54E-6,1.8215E-5,2.0E-7,6.0E-7,M2,1.4E-7,1.4635E-5,3.2E-7,7.2E-7,M2,4.0E-7,1.8595E-5,3.2E-7,7.2E-7,M2,2.991E-5,1.325E-6,3.2E-7,7.2E-7,M2,3.398E-5,1.805E-6,3.2E-7,7.2E-7,M2,3.614E-5,1.8595E-5,3.2E-7,7.2E-7,M2,3.6400000000000004E-5,1.4635E-5,3.2E-7,7.2E-7,M2,8.930000000000001E-6,4.0E-8,6.0E-7,2.0E-7,M2,9.33E-6,4.0E-8,5.7000000000000005E-6,2.0E-7,M2,1.483E-5,4.0E-8,2.0E-7,3.77E-6,M2,1.463E-5,3.61E-6,6.0E-7,2.0E-7,M2,1.324E-5,1.9605E-5,2.0E-7,6.0E-7,M2,1.324E-5,1.2815E-5,2.0E-7,7.39E-6,M2,1.324E-5,1.2815E-5,6.25E-7,2.0E-7,M2,1.3465E-5,1.2815E-5,6.0E-7,2.0E-7,M2,2.56E-6,1.805E-6,3.2E-7,7.2E-7,M2,6.63E-6,1.325E-6,3.2E-7,7.2E-7,M2,1.913E-5,8.23E-6,2.0E-7,6.0E-7,M2,1.913E-5,8.63E-6,2.0E-7,2.62E-6,M2,1.913E-5,1.1050000000000001E-5,1.13E-6,2.0E-7,M2,1.986E-5,1.1050000000000001E-5,6.0E-7,2.0E-7,M2,2.342E-5,1.9605E-5,2.0E-7,6.0E-7,M2,2.342E-5,1.2815E-5,2.0E-7,7.39E-6,M2,2.2995E-5,1.2815E-5,6.25E-7,2.0E-7,M2,2.2795E-5,1.2815E-5,6.0E-7,2.0E-7,M2,2.452E-5,5.325E-6,3.2E-7,7.2E-7,M2,2.842E-5,5.250000000000001E-7,3.2E-7,7.2E-7,M2,1.753E-5,8.23E-6,2.0E-7,6.0E-7,M2,1.753E-5,8.63E-6,2.0E-7,2.62E-6,M2,1.66E-5,1.1050000000000001E-5,1.13E-6,2.0E-7,M2,1.64E-5,1.1050000000000001E-5,6.0E-7,2.0E-7,M2,1.202E-5,5.325E-6,3.2E-7,7.2E-7,M2,8.12E-6,5.250000000000001E-7,3.2E-7,7.2E-7,M2,2.163E-5,3.61E-6,6.0E-7,2.0E-7,M2,2.183E-5,4.0E-8,2.0E-7,3.77E-6,M2,2.177E-5,-2.0E-8,3.2E-7,1.12E-6,M2,2.177E-5,-2.0E-8,1.12E-6,3.2E-7,M2,2.727E-5,-2.0E-8,7.2E-7,3.2E-7,M2,1.941E-5,3.55E-6,7.2E-7,3.2E-7,M2,1.11E-5,4.185E-6,7.2E-7,3.2E-7,M3,2.504E-5,4.185E-6,7.2E-7,3.2E-7,M3,1.673E-5,3.55E-6,7.2E-7,3.2E-7,M3,2.0E-7,1.4695E-5,2.0E-7,6.0E-7,M3,2.0E-7,1.5095E-5,4.6E-7,2.0E-7,M3,4.6E-7,1.5095E-5,2.0E-7,3.76E-6,M3,4.6E-7,1.8655E-5,2.0E-7,6.0E-7,M3,2.997E-5,1.385E-6,2.0E-7,6.0E-7,M3,2.997E-5,1.785E-6,2.0E-7,6.800000000000001E-7,M3,2.997E-5,2.265E-6,4.27E-6,2.0E-7,M3,3.404E-5,1.8650000000000001E-6,2.0E-7,6.0E-7,M3,3.62E-5,1.8655E-5,2.0E-7,6.0E-7,M3,3.62E-5,1.5095E-5,2.0E-7,3.76E-6,M3,3.62E-5,1.5095E-5,4.6E-7,2.0E-7,M3,3.646E-5,1.4695E-5,2.0E-7,6.0E-7,M3,2.62E-6,1.8650000000000001E-6,2.0E-7,6.0E-7,M3,2.62E-6,2.265E-6,4.27E-6,2.0E-7,M3,6.69E-6,1.785E-6,2.0E-7,6.800000000000001E-7,M3,6.69E-6,1.385E-6,2.0E-7,6.0E-7,M3,2.4580000000000002E-5,5.385E-6,2.0E-7,6.0E-7,M3,2.4580000000000002E-5,5.385E-6,4.1E-6,2.0E-7,M3,2.8480000000000002E-5,5.85E-7,2.0E-7,5.0E-6,M3,2.8480000000000002E-5,5.85E-7,2.0E-7,6.0E-7,M3,1.208E-5,5.385E-6,2.0E-7,6.0E-7,M3,8.18E-6,5.385E-6,4.1E-6,2.0E-7,M3,8.18E-6,5.85E-7,2.0E-7,5.0E-6,M3,8.18E-6,5.85E-7,2.0E-7,6.0E-7,M3,2.177E-5,-2.0E-8,3.2E-7,1.12E-6,M3,2.177E-5,-2.0E-8,1.12E-6,3.2E-7,M3,2.727E-5,-2.0E-8,7.2E-7,3.2E-7,M3,1.941E-5,3.55E-6,7.2E-7,3.2E-7,M3,1.4745E-5,4.185E-6,7.2E-7,3.2E-7,M3,1.156E-5,4.245E-6,3.6450000000000003E-6,2.0E-7,M3,1.116E-5,4.245E-6,6.0E-7,2.0E-7,M4,2.51E-5,4.245E-6,6.0E-7,2.0E-7,M4,1.719E-5,4.245E-6,8.11E-6,2.0E-7,M4,1.719E-5,3.61E-6,2.0E-7,8.35E-7,M4,1.679E-5,3.61E-6,6.0E-7,2.0E-7,M4,2.183E-5,4.0E-8,2.0E-7,1.0E-6,M4,2.183E-5,4.0E-8,1.0E-6,2.0E-7,M4,2.183E-5,4.0E-8,5.7000000000000005E-6,2.0E-7,M4,2.733E-5,4.0E-8,6.0E-7,2.0E-7,M4,1.941E-5,3.55E-6,7.2E-7,3.2E-7,M4,1.4745E-5,4.185E-6,7.2E-7,3.2E-7,M5,1.947E-5,3.61E-6,6.0E-7,2.0E-7,M5,1.947E-5,3.61E-6,2.0E-7,8.35E-7,M5,1.5005E-5,4.245E-6,4.665E-6,2.0E-7,M5,1.4805E-5,4.245E-6,6.0E-7,2.0E-7,
M1,2.165E-5,1.5465000000000002E-5,2.4000000000000003E-7,6.4E-7,M1,2.098E-5,2.189E-5,2.4000000000000003E-7,6.4E-7,M1,1.4390000000000001E-5,1.805E-6,4.58E-6,1.6E-7,M1,2.217E-5,1.365E-6,2.4000000000000003E-7,6.4E-7,M1,2.6130000000000002E-5,1.77E-6,6.4E-7,2.4000000000000003E-7,M1,2.637E-5,1.81E-6,4.5000000000000003E-7,1.6E-7,M1,2.133E-5,2.35E-6,1.8E-7,1.6E-7,M1,2.135E-5,2.35E-6,1.6E-7,1.45E-6,M1,2.081E-5,1.398E-5,1.6E-7,8.6E-7,M1,2.0700000000000002E-5,1.398E-5,2.7E-7,1.6E-7,M1,1.309E-5,1.5905E-5,7.18E-6,1.6E-7,M1,2.046E-5,1.6605E-5,1.6E-7,2.445E-6,M1,2.042E-5,1.805E-5,2.4000000000000003E-7,1.04E-6,M1,1.9620000000000002E-5,1.885E-5,1.04E-6,2.4000000000000003E-7,M1,2.036E-5,1.885E-5,6.4E-7,2.4000000000000003E-7,M1,1.8E-7,1.603E-5,2.4000000000000003E-7,6.4E-7,M1,4.4E-7,1.999E-5,2.4000000000000003E-7,6.4E-7,M1,3.268E-5,1.999E-5,2.4000000000000003E-7,6.4E-7,M1,3.294E-5,1.603E-5,2.4000000000000003E-7,6.4E-7,M1,1.301E-5,1.394E-5,6.4E-7,2.4000000000000003E-7,M1,1.576E-5,1.112E-5,2.4000000000000003E-7,6.4E-7,M1,1.185E-5,2.35E-6,1.8E-7,1.6E-7,M1,1.185E-5,2.35E-6,1.6E-7,1.45E-6,M1,1.991E-5,1.266E-5,6.4E-7,2.4000000000000003E-7,M1,4.565E-6,3.6000000000000003E-6,6.4E-7,2.4000000000000003E-7,M1,1.147E-5,1.5465000000000002E-5,2.4000000000000003E-7,6.4E-7,M1,1.214E-5,2.189E-5,2.4000000000000003E-7,6.4E-7,M1,1.095E-5,1.365E-6,2.4000000000000003E-7,6.4E-7,M1,6.5900000000000004E-6,1.77E-6,6.4E-7,2.4000000000000003E-7,M1,6.54E-6,1.81E-6,4.5000000000000003E-7,1.6E-7,M1,3.109E-5,5.7E-7,2.4000000000000003E-7,6.4E-7,M1,3.154E-5,1.955E-5,2.4000000000000003E-7,6.4E-7,M1,2.8155E-5,3.6000000000000003E-6,6.4E-7,2.4000000000000003E-7,M1,1.2810000000000001E-5,1.266E-5,6.4E-7,2.4000000000000003E-7,M1,9.57E-6,4.78E-6,1.9200000000000003E-6,1.6E-7,M1,2.567E-5,2.3200000000000002E-6,6.4E-7,2.4000000000000003E-7,M1,7.05E-6,2.3200000000000002E-6,6.4E-7,2.4000000000000003E-7,M1,1.736E-5,1.112E-5,2.4000000000000003E-7,6.4E-7,M1,1.971E-5,1.394E-5,6.4E-7,2.4000000000000003E-7,M1,1.239E-5,1.398E-5,1.6E-7,8.6E-7,M1,1.239E-5,1.398E-5,2.7E-7,1.6E-7,M1,1.236E-5,1.885E-5,6.4E-7,2.4000000000000003E-7,M1,1.25E-5,1.6565E-5,6.4E-7,2.4000000000000003E-7,M1,9.53E-6,4.78E-6,2.0E-7,1.6E-7,M1,9.53E-6,1.365E-6,1.6E-7,3.575E-6,M1,2.187E-5,4.78E-6,1.9200000000000003E-6,1.6E-7,M1,2.03E-6,5.7E-7,2.4000000000000003E-7,6.4E-7,M1,1.5800000000000001E-6,1.955E-5,2.4000000000000003E-7,6.4E-7,M1,2.363E-5,4.78E-6,2.0E-7,1.6E-7,M1,2.3670000000000002E-5,1.365E-6,1.6E-7,3.575E-6,M2,2.167E-5,1.5485E-5,2.0E-7,6.0E-7,M2,2.167E-5,1.5885E-5,2.0E-7,6.625E-6,M2,2.1E-5,2.231E-5,8.7E-7,2.0E-7,M2,2.1E-5,2.1910000000000002E-5,2.0E-7,6.0E-7,M2,2.213E-5,1.325E-6,3.2E-7,7.2E-7,M2,2.609E-5,1.73E-6,7.2E-7,3.2E-7,M2,2.044E-5,1.807E-5,2.0E-7,1.0E-6,M2,1.9640000000000002E-5,1.887E-5,1.0E-6,2.0E-7,M2,2.038E-5,1.887E-5,2.6E-7,2.0E-7,M2,2.038E-5,1.887E-5,6.0E-7,2.0E-7,M2,1.4E-7,1.599E-5,3.2E-7,7.2E-7,M2,4.0E-7,1.995E-5,3.2E-7,7.2E-7,M2,3.264E-5,1.995E-5,3.2E-7,7.2E-7,M2,3.29E-5,1.599E-5,3.2E-7,7.2E-7,M2,1.303E-5,1.396E-5,6.0E-7,2.0E-7,M2,1.343E-5,1.396E-5,2.55E-6,2.0E-7,M2,1.578E-5,1.154E-5,2.0E-7,2.62E-6,M2,1.578E-5,1.114E-5,2.0E-7,6.0E-7,M2,1.987E-5,1.262E-5,7.2E-7,3.2E-7,M2,1.297E-5,3.5600000000000002E-6,1.12E-6,3.2E-7,M2,1.377E-5,3.5600000000000002E-6,3.2E-7,1.12E-6,M2,4.785E-6,3.62E-6,9.245E-6,2.0E-7,M2,4.585E-6,3.62E-6,6.0E-7,2.0E-7,M2,1.149E-5,1.5485E-5,2.0E-7,6.0E-7,M2,1.149E-5,1.5885E-5,2.0E-7,6.625E-6,M2,1.149E-5,2.231E-5,8.7E-7,2.0E-7,M2,1.216E-5,2.1910000000000002E-5,2.0E-7,6.0E-7,M2,1.091E-5,1.325E-6,3.2E-7,7.2E-7,M2,6.55E-6,1.73E-6,7.2E-7,3.2E-7,M2,3.105E-5,5.3E-7,3.2E-7,7.2E-7,M2,3.15E-5,1.951E-5,3.2E-7,7.2E-7,M2,2.8115E-5,3.5600000000000002E-6,7.2E-7,3.2E-7,M2,1.277E-5,1.262E-5,7.2E-7,3.2E-7,M2,2.569E-5,2.34E-6,6.0E-7,2.0E-7,M2,7.4700000000000005E-6,2.34E-6,1.842E-5,2.0E-7,M2,7.07E-6,2.34E-6,6.0E-7,2.0E-7,M2,1.732E-5,1.108E-5,3.2E-7,7.2E-7,M2,1.967E-5,1.39E-5,7.2E-7,3.2E-7,M2,1.232E-5,1.881E-5,7.2E-7,3.2E-7,M2,1.2460000000000001E-5,1.6525000000000002E-5,7.2E-7,3.2E-7,M2,1.99E-6,5.3E-7,3.2E-7,7.2E-7,M2,1.54E-6,1.951E-5,3.2E-7,7.2E-7,M3,2.219E-5,1.385E-6,2.0E-7,6.0E-7,M3,2.219E-5,1.785E-6,2.0E-7,2.05E-7,M3,2.219E-5,1.79E-6,4.36E-6,2.0E-7,M3,2.6150000000000002E-5,1.79E-6,6.0E-7,2.0E-7,M3,2.0E-7,1.605E-5,2.0E-7,6.0E-7,M3,2.0E-7,1.645E-5,4.6E-7,2.0E-7,M3,4.6E-7,1.645E-5,2.0E-7,3.76E-6,M3,4.6E-7,2.001E-5,2.0E-7,6.0E-7,M3,3.27E-5,2.001E-5,2.0E-7,6.0E-7,M3,3.27E-5,1.645E-5,2.0E-7,3.76E-6,M3,3.27E-5,1.645E-5,4.6E-7,2.0E-7,M3,3.296E-5,1.605E-5,2.0E-7,6.0E-7,M3,1.993E-5,1.268E-5,6.0E-7,2.0E-7,M3,1.383E-5,1.268E-5,6.5000000000000004E-6,2.0E-7,M3,1.377E-5,1.262E-5,1.12E-6,3.2E-7,M3,1.377E-5,1.182E-5,3.2E-7,1.12E-6,M3,1.297E-5,3.5600000000000002E-6,1.12E-6,3.2E-7,M3,1.377E-5,3.5600000000000002E-6,3.2E-7,1.12E-6,M3,1.097E-5,1.385E-6,2.0E-7,6.0E-7,M3,1.097E-5,1.785E-6,2.0E-7,2.05E-7,M3,6.81E-6,1.79E-6,4.36E-6,2.0E-7,M3,6.61E-6,1.79E-6,6.0E-7,2.0E-7,M3,3.111E-5,5.9E-7,2.0E-7,6.0E-7,M3,3.111E-5,5.9E-7,2.0E-7,1.918E-5,M3,3.111E-5,1.957E-5,6.5E-7,2.0E-7,M3,3.156E-5,1.957E-5,2.0E-7,6.0E-7,M3,2.8115E-5,3.5600000000000002E-6,7.2E-7,3.2E-7,M3,1.277E-5,1.262E-5,7.2E-7,3.2E-7,M3,1.732E-5,1.108E-5,3.2E-7,7.2E-7,M3,1.967E-5,1.39E-5,7.2E-7,3.2E-7,M3,1.238E-5,1.887E-5,6.0E-7,2.0E-7,M3,1.272E-5,1.887E-5,2.6E-7,2.0E-7,M3,1.272E-5,1.6585E-5,2.0E-7,2.485E-6,M3,1.252E-5,1.6585E-5,6.0E-7,2.0E-7,M3,2.05E-6,5.9E-7,2.0E-7,6.0E-7,M3,2.05E-6,5.9E-7,2.0E-7,1.918E-5,M3,1.6E-6,1.957E-5,6.5E-7,2.0E-7,M3,1.6E-6,1.957E-5,2.0E-7,6.0E-7,M4,1.377E-5,1.262E-5,1.12E-6,3.2E-7,M4,1.377E-5,1.182E-5,3.2E-7,1.12E-6,M4,1.297E-5,3.5600000000000002E-6,1.12E-6,3.2E-7,M4,1.377E-5,3.5600000000000002E-6,3.2E-7,1.12E-6,M4,2.8175E-5,3.62E-6,6.0E-7,2.0E-7,M4,2.231E-5,3.62E-6,6.265E-6,2.0E-7,M4,2.231E-5,3.62E-6,2.0E-7,9.26E-6,M4,1.8085E-5,1.268E-5,4.425E-6,2.0E-7,M4,1.7825E-5,1.262E-5,7.2E-7,3.2E-7,M4,1.277E-5,1.262E-5,7.2E-7,3.2E-7,M4,1.738E-5,1.114E-5,2.0E-7,6.0E-7,M4,1.738E-5,1.154E-5,2.0E-7,2.62E-6,M4,1.738E-5,1.396E-5,2.55E-6,2.0E-7,M4,1.973E-5,1.396E-5,6.0E-7,2.0E-7,M5,1.383E-5,1.268E-5,1.0E-6,2.0E-7,M5,1.383E-5,1.188E-5,2.0E-7,1.0E-6,M5,1.383E-5,3.62E-6,2.0E-7,9.26E-6,M5,1.303E-5,3.62E-6,1.0E-6,2.0E-7,M5,1.383E-5,3.62E-6,2.0E-7,1.0E-6,M5,1.7825E-5,1.262E-5,7.2E-7,3.2E-7,M5,1.277E-5,1.262E-5,7.2E-7,3.2E-7,M6,1.7585000000000002E-5,1.258E-5,1.2E-6,4.0E-7,M6,1.253E-5,1.258E-5,1.2E-6,4.0E-7,M7,1.7585000000000002E-5,1.258E-5,1.2E-6,4.0E-7,M7,1.293E-5,1.258E-5,5.455E-6,4.0E-7,M7,1.253E-5,1.258E-5,1.2E-6,4.0E-7,
M1,1.2735000000000001E-5,1.5975E-5,6.4E-7,2.4000000000000003E-7,M1,1.236E-5,2.307E-5,6.4E-7,2.4000000000000003E-7,M1,1.4390000000000001E-5,1.805E-6,4.58E-6,1.6E-7,M1,2.098E-5,2.197E-5,2.4000000000000003E-7,6.4E-7,M1,2.165E-5,1.4875E-5,2.4000000000000003E-7,6.4E-7,M1,1.309E-5,1.5315E-5,7.18E-6,1.6E-7,M1,3.272E-5,1.9485E-5,1.6E-7,7.85E-7,M1,3.272E-5,1.9485E-5,4.2E-7,1.6E-7,M1,3.294E-5,1.8645000000000002E-5,2.4000000000000003E-7,1.04E-6,M1,3.214E-5,1.9445E-5,1.04E-6,2.4000000000000003E-7,M1,3.294E-5,1.611E-5,2.4000000000000003E-7,6.4E-7,M1,4.800000000000001E-7,1.9485E-5,1.6E-7,7.85E-7,M1,2.2E-7,1.9485E-5,4.2E-7,1.6E-7,M1,1.8E-7,1.9445E-5,1.04E-6,2.4000000000000003E-7,M1,1.8E-7,1.8645000000000002E-5,2.4000000000000003E-7,1.04E-6,M1,1.8E-7,1.611E-5,2.4000000000000003E-7,6.4E-7,M1,1.095E-5,1.365E-6,2.4000000000000003E-7,6.4E-7,M1,6.5000000000000004E-6,1.41E-6,2.4000000000000003E-7,6.4E-7,M1,9.57E-6,4.86E-6,1.9200000000000003E-6,1.6E-7,M1,2.073E-5,1.3350000000000001E-5,6.4E-7,2.4000000000000003E-7,M1,2.077E-5,1.3350000000000001E-5,2.4000000000000003E-7,1.04E-6,M1,2.077E-5,1.3350000000000001E-5,1.04E-6,2.4000000000000003E-7,M1,2.081E-5,1.339E-5,1.6E-7,8.6E-7,M1,5.98E-6,3.68E-6,6.4E-7,2.4000000000000003E-7,M1,1.9305E-5,1.207E-5,6.4E-7,2.4000000000000003E-7,M1,9.57E-6,1.365E-6,1.6E-7,3.655E-6,M1,9.53E-6,1.365E-6,2.0E-7,1.6E-7,M1,2.363E-5,1.365E-6,1.6E-7,3.655E-6,M1,2.363E-5,1.365E-6,2.0E-7,1.6E-7,M1,1.214E-5,2.197E-5,2.4000000000000003E-7,6.4E-7,M1,1.147E-5,1.4875E-5,2.4000000000000003E-7,6.4E-7,M1,2.036E-5,2.307E-5,6.4E-7,2.4000000000000003E-7,M1,1.9985E-5,1.5975E-5,6.4E-7,2.4000000000000003E-7,M1,2.811E-5,6.1E-7,2.4000000000000003E-7,6.4E-7,M1,2.77E-5,1.963E-5,2.4000000000000003E-7,6.4E-7,M1,2.567E-5,2.0E-8,6.4E-7,2.4000000000000003E-7,M1,7.05E-6,2.0E-8,6.4E-7,2.4000000000000003E-7,M1,1.736E-5,1.053E-5,2.4000000000000003E-7,6.4E-7,M1,1.971E-5,1.3350000000000001E-5,6.4E-7,2.4000000000000003E-7,M1,1.181E-5,1.207E-5,6.4E-7,2.4000000000000003E-7,M1,1.163E-5,2.31E-6,6.4E-7,2.4000000000000003E-7,M1,1.3415E-5,1.207E-5,6.4E-7,2.4000000000000003E-7,M1,2.674E-5,3.68E-6,6.4E-7,2.4000000000000003E-7,M1,5.01E-6,6.1E-7,2.4000000000000003E-7,6.4E-7,M1,5.42E-6,1.963E-5,2.4000000000000003E-7,6.4E-7,M1,1.576E-5,1.053E-5,2.4000000000000003E-7,6.4E-7,M1,1.301E-5,1.3350000000000001E-5,6.4E-7,2.4000000000000003E-7,M1,1.375E-5,1.4050000000000001E-5,2.4000000000000003E-7,6.4E-7,M1,1.2460000000000001E-5,1.4050000000000001E-5,1.04E-6,2.4000000000000003E-7,M1,1.2460000000000001E-5,1.325E-5,2.4000000000000003E-7,1.04E-6,M1,1.25E-5,1.339E-5,1.6E-7,8.6E-7,M1,2.217E-5,1.365E-6,2.4000000000000003E-7,6.4E-7,M1,2.662E-5,1.41E-6,2.4000000000000003E-7,6.4E-7,M1,2.187E-5,4.86E-6,1.9200000000000003E-6,1.6E-7,M1,2.109E-5,2.31E-6,6.4E-7,2.4000000000000003E-7,M1,2.091E-5,1.207E-5,6.4E-7,2.4000000000000003E-7,M2,1.2695E-5,1.5935E-5,7.2E-7,3.2E-7,M2,1.232E-5,2.303E-5,7.2E-7,3.2E-7,M2,2.1E-5,2.199E-5,2.0E-7,6.0E-7,M2,2.1E-5,1.5295000000000002E-5,2.0E-7,7.2950000000000005E-6,M2,2.1E-5,1.5295000000000002E-5,8.7E-7,2.0E-7,M2,2.167E-5,1.4895E-5,2.0E-7,6.0E-7,M2,3.296E-5,1.8665000000000002E-5,2.0E-7,1.0E-6,M2,3.2160000000000004E-5,1.9465E-5,1.0E-6,2.0E-7,M2,3.296E-5,1.653E-5,2.0E-7,3.135E-6,M2,3.296E-5,1.613E-5,2.0E-7,6.0E-7,M2,2.0E-7,1.9465E-5,1.0E-6,2.0E-7,M2,2.0E-7,1.8665000000000002E-5,2.0E-7,1.0E-6,M2,2.0E-7,1.653E-5,2.0E-7,3.135E-6,M2,2.0E-7,1.613E-5,2.0E-7,6.0E-7,M2,1.097E-5,1.385E-6,2.0E-7,6.0E-7,M2,1.097E-5,1.785E-6,2.0E-7,2.45E-7,M2,6.52E-6,1.83E-6,4.65E-6,2.0E-7,M2,6.52E-6,1.43E-6,2.0E-7,6.0E-7,M2,2.075E-5,1.337E-5,6.0E-7,2.0E-7,M2,2.079E-5,1.337E-5,5.6E-7,2.0E-7,M2,2.079E-5,1.337E-5,2.0E-7,1.0E-6,M2,2.079E-5,1.337E-5,1.0E-6,2.0E-7,M2,6.0E-6,3.7E-6,6.0E-7,2.0E-7,M2,6.2E-6,3.7E-6,1.197E-5,2.0E-7,M2,1.711E-5,3.64E-6,1.12E-6,3.2E-7,M2,1.791E-5,3.64E-6,3.2E-7,1.12E-6,M2,1.9265E-5,1.203E-5,7.2E-7,3.2E-7,M2,1.216E-5,2.199E-5,2.0E-7,6.0E-7,M2,1.216E-5,1.5295000000000002E-5,2.0E-7,7.2950000000000005E-6,M2,1.149E-5,1.5295000000000002E-5,8.7E-7,2.0E-7,M2,1.149E-5,1.4895E-5,2.0E-7,6.0E-7,M2,2.0320000000000002E-5,2.303E-5,7.2E-7,3.2E-7,M2,2.0145E-5,2.303E-5,1.12E-6,3.2E-7,M2,2.0145E-5,2.223E-5,3.2E-7,1.12E-6,M2,2.0205E-5,1.5995000000000002E-5,2.0E-7,7.2950000000000005E-6,M2,2.0005E-5,1.5995000000000002E-5,6.0E-7,2.0E-7,M2,2.813E-5,6.3E-7,2.0E-7,6.0E-7,M2,2.7720000000000002E-5,6.3E-7,6.1E-7,2.0E-7,M2,2.7720000000000002E-5,6.3E-7,2.0E-7,1.922E-5,M2,2.7720000000000002E-5,1.965E-5,2.0E-7,6.0E-7,M2,2.569E-5,4.0E-8,6.0E-7,2.0E-7,M2,7.4700000000000005E-6,4.0E-8,1.842E-5,2.0E-7,M2,7.07E-6,4.0E-8,6.0E-7,2.0E-7,M2,1.738E-5,1.055E-5,2.0E-7,6.0E-7,M2,1.738E-5,1.095E-5,2.0E-7,2.62E-6,M2,1.738E-5,1.337E-5,2.55E-6,2.0E-7,M2,1.973E-5,1.337E-5,6.0E-7,2.0E-7,M2,1.177E-5,1.203E-5,7.2E-7,3.2E-7,M2,1.177E-5,2.27E-6,3.2E-7,1.12E-6,M2,1.177E-5,2.27E-6,1.12E-6,3.2E-7,M2,1.183E-5,2.33E-6,2.2E-7,2.0E-7,M2,1.165E-5,2.33E-6,6.0E-7,2.0E-7,M2,1.3375E-5,1.203E-5,7.2E-7,3.2E-7,M2,2.6700000000000002E-5,3.64E-6,7.2E-7,3.2E-7,M2,5.03E-6,6.3E-7,2.0E-7,6.0E-7,M2,5.03E-6,6.3E-7,6.1E-7,2.0E-7,M2,5.4400000000000004E-6,6.3E-7,2.0E-7,1.922E-5,M2,5.4400000000000004E-6,1.965E-5,2.0E-7,6.0E-7,M2,1.578E-5,1.055E-5,2.0E-7,6.0E-7,M2,1.578E-5,1.095E-5,2.0E-7,2.62E-6,M2,1.343E-5,1.337E-5,2.55E-6,2.0E-7,M2,1.303E-5,1.337E-5,6.0E-7,2.0E-7,M2,1.377E-5,1.407E-5,2.0E-7,6.0E-7,M2,1.248E-5,1.407E-5,1.4900000000000001E-6,2.0E-7,M2,1.248E-5,1.407E-5,1.0E-6,2.0E-7,M2,1.248E-5,1.327E-5,2.0E-7,1.0E-6,M2,2.219E-5,1.385E-6,2.0E-7,6.0E-7,M2,2.219E-5,1.785E-6,2.0E-7,2.45E-7,M2,2.219E-5,1.83E-6,4.65E-6,2.0E-7,M2,2.664E-5,1.43E-6,2.0E-7,6.0E-7,M2,2.105E-5,2.27E-6,7.2E-7,3.2E-7,M2,2.125E-5,1.203E-5,1.12E-6,3.2E-7,M2,2.125E-5,1.1230000000000001E-5,3.2E-7,1.12E-6,M2,2.131E-5,1.209E-5,2.2E-7,2.0E-7,M2,2.093E-5,1.209E-5,6.0E-7,2.0E-7,M3,1.2755E-5,1.5995000000000002E-5,6.0E-7,2.0E-7,M3,1.2955E-5,1.5995000000000002E-5,2.0E-7,7.2950000000000005E-6,M3,1.278E-5,2.309E-5,3.75E-7,2.0E-7,M3,1.238E-5,2.309E-5,6.0E-7,2.0E-7,M3,1.717E-5,3.7E-6,1.0E-6,2.0E-7,M3,1.797E-5,3.7E-6,2.0E-7,1.0E-6,M3,1.797E-5,3.7E-6,2.0E-7,8.59E-6,M3,1.791E-5,1.203E-5,1.12E-6,3.2E-7,M3,1.791E-5,1.1230000000000001E-5,3.2E-7,1.12E-6,M3,1.9265E-5,1.203E-5,7.2E-7,3.2E-7,M3,2.0320000000000002E-5,2.303E-5,7.2E-7,3.2E-7,M3,2.0145E-5,2.303E-5,1.12E-6,3.2E-7,M3,2.0145E-5,2.223E-5,3.2E-7,1.12E-6,M3,1.183E-5,1.209E-5,6.0E-7,2.0E-7,M3,1.183E-5,2.33E-6,2.0E-7,9.96E-6,M3,1.183E-5,2.33E-6,2.0E-7,1.0E-6,M3,1.183E-5,2.33E-6,1.0E-6,2.0E-7,M3,1.3435000000000001E-5,1.209E-5,6.0E-7,2.0E-7,M3,1.3635E-5,1.209E-5,1.7550000000000001E-6,2.0E-7,M3,1.519E-5,3.7E-6,2.0E-7,8.59E-6,M3,1.513E-5,3.64E-6,3.2E-7,1.12E-6,M3,1.513E-5,3.64E-6,1.12E-6,3.2E-7,M3,2.6700000000000002E-5,3.64E-6,7.2E-7,3.2E-7,M3,2.111E-5,2.33E-6,6.0E-7,2.0E-7,M3,2.131E-5,2.33E-6,2.0E-7,9.96E-6,M3,2.131E-5,1.209E-5,1.0E-6,2.0E-7,M3,2.131E-5,1.129E-5,2.0E-7,1.0E-6,M4,1.797E-5,1.209E-5,1.0E-6,2.0E-7,M4,1.797E-5,1.129E-5,2.0E-7,1.0E-6,M4,1.797E-5,1.209E-5,1.7550000000000001E-6,2.0E-7,M4,1.9325E-5,1.209E-5,6.0E-7,2.0E-7,M4,2.038E-5,2.309E-5,6.0E-7,2.0E-7,M4,2.0205E-5,2.309E-5,3.75E-7,2.0E-7,M4,2.0205E-5,2.309E-5,1.0E-6,2.0E-7,M4,2.0205E-5,2.2290000000000002E-5,2.0E-7,1.0E-6,M4,1.513E-5,3.64E-6,3.2E-7,1.12E-6,M4,1.513E-5,3.64E-6,1.12E-6,3.2E-7,M4,2.6700000000000002E-5,3.64E-6,7.2E-7,3.2E-7,M5,1.519E-5,3.7E-6,2.0E-7,1.0E-6,M5,1.519E-5,3.7E-6,1.0E-6,2.0E-7,M5,1.519E-5,3.7E-6,1.197E-5,2.0E-7,M5,2.676E-5,3.7E-6,6.0E-7,2.0E-7,
M1,5.315E-6,2.0E-8,6.4E-7,2.4000000000000003E-7,M1,2.553E-5,2.0E-8,6.4E-7,2.4000000000000003E-7,M1,1.7E-5,1.045E-6,1.9200000000000003E-6,1.6E-7,M1,1.525E-5,1.4995E-5,5.42E-6,1.6E-7,M1,4.89E-6,5.5E-7,2.4000000000000003E-7,6.4E-7,M1,5.57E-6,1.85E-5,2.4000000000000003E-7,6.4E-7,M1,1.391E-5,2.35E-6,1.6E-7,1.44E-6,M1,1.3875E-5,3.63E-6,1.95E-7,1.6E-7,M1,1.255E-5,1.3795000000000001E-5,2.0E-7,1.6E-7,M1,1.259E-5,1.3235E-5,1.6E-7,7.2E-7,M1,4.4E-7,1.894E-5,2.4000000000000003E-7,6.4E-7,M1,1.8E-7,1.498E-5,2.4000000000000003E-7,6.4E-7,M1,1.934E-5,2.31E-6,6.4E-7,2.4000000000000003E-7,M1,8.47E-6,3.5600000000000002E-6,6.4E-7,2.4000000000000003E-7,M1,2.947E-5,1.78E-5,6.4E-7,2.4000000000000003E-7,M1,2.1720000000000002E-5,1.3195E-5,6.4E-7,2.4000000000000003E-7,M1,2.317E-5,1.3795000000000001E-5,2.0E-7,1.6E-7,M1,2.317E-5,1.3235E-5,1.6E-7,7.2E-7,M1,1.664E-5,1.894E-5,2.4000000000000003E-7,6.4E-7,M1,1.521E-5,1.4555E-5,2.4000000000000003E-7,6.4E-7,M1,3.55E-5,1.498E-5,2.4000000000000003E-7,6.4E-7,M1,3.524E-5,1.894E-5,2.4000000000000003E-7,6.4E-7,M1,2.042E-5,1.0375E-5,2.4000000000000003E-7,6.4E-7,M1,2.011E-5,1.3195E-5,6.4E-7,2.4000000000000003E-7,M1,2.206E-5,1.365E-6,2.4000000000000003E-7,6.4E-7,M1,2.644E-5,1.35E-6,2.4000000000000003E-7,6.4E-7,M1,1.363E-5,1.5555E-5,1.6E-7,2.445E-6,M1,1.363E-5,1.5555E-5,3.3E-7,1.6E-7,M1,2.681E-5,3.5600000000000002E-6,6.4E-7,2.4000000000000003E-7,M1,1.594E-5,2.31E-6,6.4E-7,2.4000000000000003E-7,M1,1.119E-5,1.365E-6,1.6E-7,3.565E-6,M1,1.119E-5,1.365E-6,1.2E-6,1.6E-7,M1,1.115E-5,1.0815E-5,2.4000000000000003E-7,6.4E-7,M1,1.0350000000000001E-5,1.004E-5,1.04E-6,2.4000000000000003E-7,M1,1.115E-5,1.004E-5,2.4000000000000003E-7,1.04E-6,M1,9.43E-6,1.008E-5,1.9200000000000003E-6,1.6E-7,M1,2.457E-5,1.008E-5,1.9200000000000003E-6,1.6E-7,M1,2.457E-5,1.008E-5,1.6E-7,1.335E-6,M1,1.668E-5,2.0875E-5,2.56E-6,1.6E-7,M1,2.185E-5,2.35E-6,1.6E-7,1.44E-6,M1,2.185E-5,3.63E-6,1.95E-7,1.6E-7,M1,3.011E-5,1.85E-5,2.4000000000000003E-7,6.4E-7,M1,3.079E-5,5.5E-7,2.4000000000000003E-7,6.4E-7,M1,2.457E-5,1.365E-6,1.6E-7,3.565E-6,M1,2.353E-5,1.365E-6,1.2E-6,1.6E-7,M1,1.526E-5,1.0375E-5,2.4000000000000003E-7,6.4E-7,M1,1.517E-5,1.3195E-5,6.4E-7,2.4000000000000003E-7,M1,9.24E-6,1.35E-6,2.4000000000000003E-7,6.4E-7,M1,1.33E-5,1.765E-6,6.4E-7,2.4000000000000003E-7,M1,1.354E-5,1.805E-6,2.8E-7,1.6E-7,M2,5.335E-6,4.0E-8,6.0E-7,2.0E-7,M2,5.535E-6,4.0E-8,2.0215E-5,2.0E-7,M2,2.555E-5,4.0E-8,6.0E-7,2.0E-7,M2,4.85E-6,5.1E-7,3.2E-7,7.2E-7,M2,5.53E-6,1.846E-5,3.2E-7,7.2E-7,M2,4.0E-7,1.8900000000000002E-5,3.2E-7,7.2E-7,M2,1.4E-7,1.4940000000000001E-5,3.2E-7,7.2E-7,M2,1.93E-5,2.27E-6,7.2E-7,3.2E-7,M2,8.43E-6,3.52E-6,7.2E-7,3.2E-7,M2,2.943E-5,1.776E-5,7.2E-7,3.2E-7,M2,2.168E-5,1.3155E-5,7.2E-7,3.2E-7,M2,1.66E-5,1.8900000000000002E-5,3.2E-7,7.2E-7,M2,1.517E-5,1.4515E-5,3.2E-7,7.2E-7,M2,3.546E-5,1.4940000000000001E-5,3.2E-7,7.2E-7,M2,3.52E-5,1.8900000000000002E-5,3.2E-7,7.2E-7,M2,2.044E-5,1.0395E-5,2.0E-7,6.0E-7,M2,2.0130000000000002E-5,1.0795E-5,5.1E-7,2.0E-7,M2,2.0130000000000002E-5,1.0795E-5,2.0E-7,2.62E-6,M2,2.0130000000000002E-5,1.3215E-5,6.0E-7,2.0E-7,M2,2.2080000000000002E-5,1.385E-6,2.0E-7,6.0E-7,M2,2.2080000000000002E-5,1.785E-6,4.58E-6,2.0E-7,M2,2.64E-5,9.25E-7,3.2E-7,1.12E-6,M2,2.56E-5,1.725E-6,1.12E-6,3.2E-7,M2,2.64E-5,1.31E-6,3.2E-7,7.2E-7,M2,2.677E-5,3.52E-6,7.2E-7,3.2E-7,M2,2.597E-5,3.19E-6,1.12E-6,3.2E-7,M2,2.677E-5,3.19E-6,3.2E-7,1.12E-6,M2,1.636E-5,3.2500000000000002E-6,1.067E-5,2.0E-7,M2,1.63E-5,3.19E-6,1.12E-6,3.2E-7,M2,1.63E-5,2.39E-6,3.2E-7,1.12E-6,M2,1.59E-5,2.27E-6,7.2E-7,3.2E-7,M2,1.111E-5,1.0775000000000001E-5,3.2E-7,7.2E-7,M2,1.031E-5,1.0E-5,1.12E-6,3.2E-7,M2,1.111E-5,1.0E-5,3.2E-7,1.12E-6,M2,3.0070000000000002E-5,1.846E-5,3.2E-7,7.2E-7,M2,3.075E-5,5.1E-7,3.2E-7,7.2E-7,M2,1.528E-5,1.0395E-5,2.0E-7,6.0E-7,M2,1.528E-5,1.0795E-5,5.1E-7,2.0E-7,M2,1.559E-5,1.0795E-5,2.0E-7,2.62E-6,M2,1.519E-5,1.3215E-5,6.0E-7,2.0E-7,M2,9.2E-6,1.31E-6,3.2E-7,7.2E-7,M2,1.326E-5,1.725E-6,7.2E-7,3.2E-7,M3,4.85E-6,5.1E-7,3.2E-7,7.2E-7,M3,4.85E-6,1.846E-5,1.12E-6,3.2E-7,M3,4.85E-6,1.766E-5,3.2E-7,1.12E-6,M3,4.9100000000000004E-6,1.852E-5,8.8E-7,2.0E-7,M3,5.59E-6,1.852E-5,2.0E-7,6.0E-7,M3,4.6E-7,1.896E-5,2.0E-7,6.0E-7,M3,2.0E-7,1.896E-5,4.6E-7,2.0E-7,M3,2.0E-7,1.54E-5,2.0E-7,3.76E-6,M3,2.0E-7,1.5E-5,2.0E-7,6.0E-7,M3,1.93E-5,2.27E-6,7.2E-7,3.2E-7,M3,1.0025E-5,3.19E-6,3.2E-7,1.12E-6,M3,1.0025E-5,3.19E-6,1.12E-6,3.2E-7,M3,1.0085000000000001E-5,3.2500000000000002E-6,2.0E-7,5.3E-7,M3,8.89E-6,3.58E-6,1.395E-6,2.0E-7,M3,8.49E-6,3.58E-6,6.0E-7,2.0E-7,M3,2.949E-5,1.782E-5,6.0E-7,2.0E-7,M3,2.9690000000000002E-5,1.3215E-5,2.0E-7,4.805E-6,M3,2.194E-5,1.3215E-5,7.95E-6,2.0E-7,M3,2.1740000000000002E-5,1.3215E-5,6.0E-7,2.0E-7,M3,1.666E-5,1.896E-5,2.0E-7,6.0E-7,M3,1.666E-5,1.4975E-5,2.0E-7,4.185E-6,M3,1.523E-5,1.4975E-5,1.63E-6,2.0E-7,M3,1.523E-5,1.4575E-5,2.0E-7,6.0E-7,M3,3.552E-5,1.5E-5,2.0E-7,6.0E-7,M3,3.552E-5,1.54E-5,2.0E-7,3.76E-6,M3,3.526E-5,1.896E-5,4.6E-7,2.0E-7,M3,3.526E-5,1.896E-5,2.0E-7,6.0E-7,M3,2.646E-5,9.85E-7,2.0E-7,1.0E-6,M3,2.566E-5,1.785E-6,1.0E-6,2.0E-7,M3,2.646E-5,1.77E-6,2.0E-7,2.15E-7,M3,2.646E-5,1.37E-6,2.0E-7,6.0E-7,M3,2.677E-5,3.52E-6,7.2E-7,3.2E-7,M3,2.597E-5,3.19E-6,1.12E-6,3.2E-7,M3,2.677E-5,3.19E-6,3.2E-7,1.12E-6,M3,1.63E-5,3.19E-6,1.12E-6,3.2E-7,M3,1.63E-5,2.39E-6,3.2E-7,1.12E-6,M3,1.59E-5,2.27E-6,7.2E-7,3.2E-7,M3,1.117E-5,1.0835E-5,2.0E-7,6.0E-7,M3,1.117E-5,1.006E-5,2.0E-7,1.375E-6,M3,1.037E-5,1.006E-5,1.0E-6,2.0E-7,M3,1.117E-5,1.006E-5,2.0E-7,1.0E-6,M3,3.0070000000000002E-5,1.846E-5,3.2E-7,7.2E-7,M3,3.075E-5,5.1E-7,3.2E-7,7.2E-7,M3,9.26E-6,1.37E-6,2.0E-7,6.0E-7,M3,9.26E-6,1.77E-6,2.0E-7,2.15E-7,M3,9.26E-6,1.785E-6,4.4600000000000005E-6,2.0E-7,M3,1.332E-5,1.785E-6,6.0E-7,2.0E-7,M4,4.9100000000000004E-6,5.7E-7,2.0E-7,6.0E-7,M4,4.9100000000000004E-6,5.7E-7,2.0E-7,1.815E-5,M4,4.9100000000000004E-6,1.852E-5,1.0E-6,2.0E-7,M4,4.9100000000000004E-6,1.772E-5,2.0E-7,1.0E-6,M4,1.93E-5,2.27E-6,7.2E-7,3.2E-7,M4,1.0025E-5,3.19E-6,3.2E-7,1.12E-6,M4,1.0025E-5,3.19E-6,1.12E-6,3.2E-7,M4,2.677E-5,3.52E-6,7.2E-7,3.2E-7,M4,2.597E-5,3.19E-6,1.12E-6,3.2E-7,M4,2.677E-5,3.19E-6,3.2E-7,1.12E-6,M4,1.636E-5,3.2500000000000002E-6,1.0E-6,2.0E-7,M4,1.636E-5,2.4500000000000003E-6,2.0E-7,1.0E-6,M4,1.636E-5,2.33E-6,2.0E-7,1.12E-6,M4,1.596E-5,2.33E-6,6.0E-7,2.0E-7,M4,3.013E-5,1.852E-5,2.0E-7,6.0E-7,M4,3.013E-5,5.7E-7,2.0E-7,1.815E-5,M4,3.013E-5,5.7E-7,8.8E-7,2.0E-7,M4,3.081E-5,5.7E-7,2.0E-7,6.0E-7,M5,1.936E-5,2.33E-6,6.0E-7,2.0E-7,M5,1.936E-5,2.33E-6,2.0E-7,1.12E-6,M5,1.0085000000000001E-5,3.2500000000000002E-6,9.475E-6,2.0E-7,M5,1.0085000000000001E-5,3.2500000000000002E-6,2.0E-7,1.0E-6,M5,1.0085000000000001E-5,3.2500000000000002E-6,1.0E-6,2.0E-7,M5,2.677E-5,3.52E-6,7.2E-7,3.2E-7,M5,2.597E-5,3.19E-6,1.12E-6,3.2E-7,M5,2.677E-5,3.19E-6,3.2E-7,1.12E-6,M6,2.683E-5,3.58E-6,6.0E-7,2.0E-7,M6,2.683E-5,3.2500000000000002E-6,2.0E-7,5.3E-7,M6,2.603E-5,3.2500000000000002E-6,1.0E-6,2.0E-7,M6,2.683E-5,3.2500000000000002E-6,2.0E-7,1.0E-6,
M1,1.525E-5,1.3695E-5,5.14E-6,1.6E-7,M1,1.551E-5,1.805E-6,4.62E-6,1.6E-7,M1,2.6530000000000002E-5,4.385E-6,6.4E-7,2.4000000000000003E-7,M1,1.452E-5,3.59E-6,6.4E-7,2.4000000000000003E-7,M1,1.119E-5,4.77E-6,1.6E-7,9.55E-7,M1,9.43E-6,5.565E-6,1.9200000000000003E-6,1.6E-7,M1,3.4960000000000004E-5,2.0775E-5,2.4000000000000003E-7,6.4E-7,M1,3.522E-5,1.6815E-5,2.4000000000000003E-7,6.4E-7,M1,1.255E-5,1.1935E-5,1.6E-7,7.2E-7,M1,1.255E-5,1.1935E-5,2.0E-7,1.6E-7,M1,2.429E-5,4.77E-6,5.2E-7,1.6E-7,M1,2.465E-5,1.365E-6,1.6E-7,3.565E-6,M1,8.47E-6,4.385E-6,6.4E-7,2.4000000000000003E-7,M1,2.048E-5,3.59E-6,6.4E-7,2.4000000000000003E-7,M1,4.4E-7,2.0775E-5,2.4000000000000003E-7,6.4E-7,M1,1.8E-7,1.6815E-5,2.4000000000000003E-7,6.4E-7,M1,7.5500000000000006E-6,2.0335E-5,2.4000000000000003E-7,6.4E-7,M1,6.69E-6,7.2E-7,2.4000000000000003E-7,6.4E-7,M1,2.321E-5,1.365E-6,2.4000000000000003E-7,6.4E-7,M1,2.746E-5,2.005E-6,2.4000000000000003E-7,6.4E-7,M1,8.45E-6,3.105E-6,6.4E-7,2.4000000000000003E-7,M1,2.655E-5,3.105E-6,6.4E-7,2.4000000000000003E-7,M1,2.052E-5,2.35E-6,2.3E-7,1.6E-7,M1,2.052E-5,2.35E-6,1.6E-7,1.44E-6,M1,1.489E-5,2.35E-6,2.3E-7,1.6E-7,M1,1.496E-5,2.35E-6,1.6E-7,1.44E-6,M1,3.082E-5,2.2270000000000002E-5,2.4000000000000003E-7,6.4E-7,M1,2.407E-5,1.3255000000000001E-5,2.4000000000000003E-7,6.4E-7,M1,2.293E-5,1.1935E-5,1.6E-7,7.2E-7,M1,2.289E-5,1.1935E-5,2.0E-7,1.6E-7,M1,1.668E-5,2.271E-5,2.28E-6,1.6E-7,M1,2.014E-5,9.075E-6,2.4000000000000003E-7,6.4E-7,M1,1.982E-5,1.1895E-5,6.4E-7,2.4000000000000003E-7,M1,1.987E-5,1.1935E-5,3.5E-7,1.6E-7,M1,2.168E-5,1.9675E-5,3.3E-7,1.6E-7,M1,2.168E-5,1.4255E-5,1.6E-7,5.58E-6,M1,2.871E-5,7.2E-7,2.4000000000000003E-7,6.4E-7,M1,2.8080000000000002E-5,2.0335E-5,6.4E-7,2.4000000000000003E-7,M1,2.789E-5,2.0375E-5,5.9E-7,1.6E-7,M1,1.339E-5,1.9635E-5,6.4E-7,2.4000000000000003E-7,M1,1.235E-5,1.1895E-5,6.4E-7,2.4000000000000003E-7,M1,1.219E-5,1.365E-6,2.4000000000000003E-7,6.4E-7,M1,7.94E-6,2.005E-6,2.4000000000000003E-7,6.4E-7,M1,2.605E-5,4.77E-6,1.6E-7,9.55E-7,M1,2.429E-5,4.77E-6,1.9200000000000003E-6,1.6E-7,M1,1.083E-5,4.77E-6,5.2E-7,1.6E-7,M1,1.083E-5,1.365E-6,1.6E-7,3.565E-6,M1,1.526E-5,9.075E-6,2.4000000000000003E-7,6.4E-7,M1,1.518E-5,1.1895E-5,6.4E-7,2.4000000000000003E-7,M1,1.542E-5,1.1935E-5,3.5E-7,1.6E-7,M2,2.6490000000000002E-5,4.345E-6,7.2E-7,3.2E-7,M2,1.448E-5,3.55E-6,7.2E-7,3.2E-7,M2,3.498E-5,2.0795E-5,2.0E-7,6.0E-7,M2,3.498E-5,1.7235E-5,2.0E-7,3.76E-6,M2,3.498E-5,1.7235E-5,4.6E-7,2.0E-7,M2,3.524E-5,1.6835E-5,2.0E-7,6.0E-7,M2,8.49E-6,4.405E-6,6.0E-7,2.0E-7,M2,8.89E-6,4.405E-6,1.181E-5,2.0E-7,M2,2.05E-5,3.61E-6,2.0E-7,9.95E-7,M2,2.05E-5,3.61E-6,6.0E-7,2.0E-7,M2,4.6E-7,2.0795E-5,2.0E-7,6.0E-7,M2,4.6E-7,1.7235E-5,2.0E-7,3.76E-6,M2,2.0E-7,1.7235E-5,4.6E-7,2.0E-7,M2,2.0E-7,1.6835E-5,2.0E-7,6.0E-7,M2,7.57E-6,2.0355E-5,2.0E-7,6.0E-7,M2,6.71E-6,2.0355E-5,1.06E-6,2.0E-7,M2,6.65E-6,2.0295E-5,1.12E-6,3.2E-7,M2,6.65E-6,1.9495E-5,3.2E-7,1.12E-6,M2,6.65E-6,6.800000000000001E-7,3.2E-7,7.2E-7,M2,2.323E-5,1.385E-6,2.0E-7,6.0E-7,M2,2.323E-5,1.785E-6,2.0E-7,8.4E-7,M2,2.323E-5,2.425E-6,4.45E-6,2.0E-7,M2,2.748E-5,2.025E-6,2.0E-7,6.0E-7,M2,8.47E-6,3.125E-6,6.0E-7,2.0E-7,M2,8.87E-6,3.125E-6,1.79E-5,2.0E-7,M2,2.657E-5,3.125E-6,6.0E-7,2.0E-7,M2,3.078E-5,2.223E-5,3.2E-7,7.2E-7,M2,2.4030000000000002E-5,1.3215E-5,3.2E-7,7.2E-7,M2,2.016E-5,9.095E-6,2.0E-7,6.0E-7,M2,2.016E-5,9.495E-6,2.0E-7,2.62E-6,M2,2.004E-5,1.1915E-5,3.2E-7,2.0E-7,M2,1.984E-5,1.1915E-5,6.0E-7,2.0E-7,M2,2.873E-5,7.4E-7,2.0E-7,6.0E-7,M2,2.873E-5,7.4E-7,2.0E-7,1.9815E-5,M2,2.867E-5,1.9495E-5,3.2E-7,1.12E-6,M2,2.787E-5,2.0295E-5,1.12E-6,3.2E-7,M2,2.804E-5,2.0295E-5,7.2E-7,3.2E-7,M2,1.3350000000000001E-5,1.9595E-5,7.2E-7,3.2E-7,M2,1.231E-5,1.1855E-5,7.2E-7,3.2E-7,M2,1.221E-5,1.385E-6,2.0E-7,6.0E-7,M2,1.221E-5,1.785E-6,2.0E-7,8.4E-7,M2,7.96E-6,2.425E-6,4.45E-6,2.0E-7,M2,7.96E-6,2.025E-6,2.0E-7,6.0E-7,M2,1.528E-5,9.095E-6,2.0E-7,6.0E-7,M2,1.528E-5,9.495E-6,2.0E-7,2.62E-6,M2,1.528E-5,1.1915E-5,3.2E-7,2.0E-7,M2,1.52E-5,1.1915E-5,6.0E-7,2.0E-7,M3,2.655E-5,4.405E-6,6.0E-7,2.0E-7,M3,1.4940000000000001E-5,4.405E-6,1.181E-5,2.0E-7,M3,1.4940000000000001E-5,3.61E-6,2.0E-7,9.95E-7,M3,1.454E-5,3.61E-6,6.0E-7,2.0E-7,M3,6.71E-6,2.0355E-5,1.0E-6,2.0E-7,M3,6.71E-6,1.9555E-5,2.0E-7,1.0E-6,M3,6.71E-6,7.4E-7,2.0E-7,1.9815E-5,M3,6.71E-6,7.4E-7,2.0E-7,6.0E-7,M3,3.084E-5,2.2290000000000002E-5,2.0E-7,6.0E-7,M3,2.409E-5,2.269E-5,6.95E-6,2.0E-7,M3,2.409E-5,1.3675E-5,2.0E-7,9.215E-6,M3,2.409E-5,1.3275E-5,2.0E-7,6.0E-7,M3,2.867E-5,1.9495E-5,3.2E-7,1.12E-6,M3,2.787E-5,2.0295E-5,1.12E-6,3.2E-7,M3,2.804E-5,2.0295E-5,7.2E-7,3.2E-7,M3,1.341E-5,1.9655E-5,6.0E-7,2.0E-7,M3,1.257E-5,1.9655E-5,1.24E-6,2.0E-7,M3,1.257E-5,1.1915E-5,2.0E-7,7.94E-6,M3,1.237E-5,1.1915E-5,6.0E-7,2.0E-7,M4,2.873E-5,1.9555E-5,2.0E-7,1.0E-6,M4,2.7930000000000002E-5,2.0355E-5,1.0E-6,2.0E-7,M4,2.83E-5,2.0355E-5,6.3E-7,2.0E-7,M4,2.8100000000000002E-5,2.0355E-5,6.0E-7,2.0E-7,
M1,5.21E-6,7.2E-7,2.4000000000000003E-7,6.4E-7,M1,5.57E-6,1.99E-5,2.4000000000000003E-7,6.4E-7,M1,1.798E-5,1.805E-6,1.9200000000000003E-6,1.6E-7,M1,1.0520000000000001E-5,2.1885E-5,2.4000000000000003E-7,6.4E-7,M1,1.133E-5,1.4675000000000001E-5,2.4000000000000003E-7,6.4E-7,M1,8.47E-6,4.96E-6,6.4E-7,2.4000000000000003E-7,M1,2.0965E-5,3.59E-6,6.4E-7,2.4000000000000003E-7,M1,2.304E-5,1.365E-6,2.4000000000000003E-7,6.4E-7,M1,2.766E-5,2.58E-6,2.4000000000000003E-7,6.4E-7,M1,3.72E-5,2.0340000000000002E-5,2.4000000000000003E-7,6.4E-7,M1,3.7460000000000004E-5,1.6915E-5,2.4000000000000003E-7,6.4E-7,M1,3.7500000000000003E-5,1.682E-5,1.6E-7,4.95E-7,M1,3.207E-5,1.99E-5,2.4000000000000003E-7,6.4E-7,M1,3.243E-5,7.2E-7,2.4000000000000003E-7,6.4E-7,M1,4.4E-7,2.0340000000000002E-5,2.4000000000000003E-7,6.4E-7,M1,1.8E-7,1.6915E-5,2.4000000000000003E-7,6.4E-7,M1,2.2E-7,1.682E-5,1.6E-7,4.95E-7,M1,1.452E-5,2.2325E-5,8.84E-6,1.6E-7,M1,9.980000000000001E-6,2.58E-6,2.4000000000000003E-7,6.4E-7,M1,1.46E-5,1.365E-6,2.4000000000000003E-7,6.4E-7,M1,1.6275E-5,3.59E-6,6.4E-7,2.4000000000000003E-7,M1,2.877E-5,4.96E-6,6.4E-7,2.4000000000000003E-7,M1,2.443E-5,1.1255E-5,1.6E-7,3.85E-7,M1,2.443E-5,1.148E-5,4.0200000000000005E-6,1.6E-7,M1,2.641E-5,2.0E-8,6.4E-7,2.4000000000000003E-7,M1,1.083E-5,2.0E-8,6.4E-7,2.4000000000000003E-7,M1,2.482E-5,1.5795E-5,1.6E-7,3.6050000000000002E-6,M1,2.482E-5,1.924E-5,2.55E-7,1.6E-7,M1,1.321E-5,4.77E-6,2.4000000000000003E-7,1.6E-7,M1,1.321E-5,1.365E-6,1.6E-7,3.565E-6,M1,2.5125E-5,1.3235E-5,1.6E-7,8.4E-7,M1,2.5125E-5,1.3915E-5,2.05E-7,1.6E-7,M1,1.29E-5,1.5795E-5,1.6E-7,3.6050000000000002E-6,M1,1.2805E-5,1.924E-5,2.55E-7,1.6E-7,M1,2.387E-5,1.3195E-5,6.4E-7,2.4000000000000003E-7,M1,2.028E-5,1.1015E-5,2.4000000000000003E-7,6.4E-7,M1,2.0320000000000002E-5,1.0815E-5,1.6E-7,6.0E-7,M1,2.283E-5,2.35E-6,1.6E-7,1.44E-6,M1,1.489E-5,2.35E-6,1.6E-7,1.44E-6,M1,2.712E-5,2.1885E-5,2.4000000000000003E-7,6.4E-7,M1,2.631E-5,1.4675000000000001E-5,2.4000000000000003E-7,6.4E-7,M1,1.2595E-5,1.3235E-5,1.6E-7,8.4E-7,M1,1.255E-5,1.3915E-5,2.05E-7,1.6E-7,M1,1.337E-5,1.3195E-5,6.4E-7,2.4000000000000003E-7,M1,1.736E-5,1.1015E-5,2.4000000000000003E-7,6.4E-7,M1,1.74E-5,1.0815E-5,1.6E-7,6.0E-7,M1,2.443E-5,4.77E-6,2.4000000000000003E-7,1.6E-7,M1,2.451E-5,1.365E-6,1.6E-7,3.565E-6,M1,1.329E-5,1.1255E-5,1.6E-7,3.85E-7,M1,9.43E-6,1.148E-5,4.0200000000000005E-6,1.6E-7,M2,5.1700000000000005E-6,6.800000000000001E-7,3.2E-7,7.2E-7,M2,5.53E-6,1.986E-5,3.2E-7,7.2E-7,M2,1.048E-5,2.1845000000000002E-5,3.2E-7,7.2E-7,M2,1.129E-5,1.4635E-5,3.2E-7,7.2E-7,M2,8.43E-6,4.92E-6,7.2E-7,3.2E-7,M2,2.0925E-5,3.55E-6,7.2E-7,3.2E-7,M2,2.3E-5,1.325E-6,3.2E-7,7.2E-7,M2,2.762E-5,2.5400000000000002E-6,3.2E-7,7.2E-7,M2,3.722E-5,2.036E-5,2.0E-7,6.0E-7,M2,3.722E-5,2.036E-5,4.6E-7,2.0E-7,M2,3.748E-5,1.7135E-5,2.0E-7,3.4250000000000002E-6,M2,3.748E-5,1.6935E-5,2.0E-7,6.0E-7,M2,3.203E-5,1.986E-5,3.2E-7,7.2E-7,M2,3.239E-5,6.800000000000001E-7,3.2E-7,7.2E-7,M2,4.6E-7,2.036E-5,2.0E-7,6.0E-7,M2,2.0E-7,2.036E-5,4.6E-7,2.0E-7,M2,2.0E-7,1.7135E-5,2.0E-7,3.4250000000000002E-6,M2,2.0E-7,1.6935E-5,2.0E-7,6.0E-7,M2,9.94E-6,2.5400000000000002E-6,3.2E-7,7.2E-7,M2,1.456E-5,1.325E-6,3.2E-7,7.2E-7,M2,1.6235E-5,3.55E-6,7.2E-7,3.2E-7,M2,1.6435E-5,4.92E-6,1.12E-6,3.2E-7,M2,1.6435E-5,4.12E-6,3.2E-7,1.12E-6,M2,1.6495E-5,4.98E-6,1.2495E-5,2.0E-7,M2,2.879E-5,4.98E-6,6.0E-7,2.0E-7,M2,2.643E-5,4.0E-8,6.0E-7,2.0E-7,M2,1.125E-5,4.0E-8,1.5380000000000002E-5,2.0E-7,M2,1.085E-5,4.0E-8,6.0E-7,2.0E-7,M2,2.389E-5,1.3215E-5,6.0E-7,2.0E-7,M2,2.03E-5,1.3215E-5,3.79E-6,2.0E-7,M2,2.03E-5,1.1235E-5,2.0E-7,2.18E-6,M2,2.03E-5,1.1035E-5,2.0E-7,6.0E-7,M2,2.708E-5,2.1845000000000002E-5,3.2E-7,7.2E-7,M2,2.627E-5,1.4635E-5,3.2E-7,7.2E-7,M2,1.339E-5,1.3215E-5,6.0E-7,2.0E-7,M2,1.379E-5,1.3215E-5,3.79E-6,2.0E-7,M2,1.738E-5,1.1235E-5,2.0E-7,2.18E-6,M2,1.738E-5,1.1035E-5,2.0E-7,6.0E-7,M3,5.23E-6,7.4E-7,2.0E-7,6.0E-7,M3,5.23E-6,7.4E-7,2.0E-7,1.938E-5,M3,5.23E-6,1.992E-5,5.6E-7,2.0E-7,M3,5.59E-6,1.992E-5,2.0E-7,6.0E-7,M3,1.054E-5,2.1905E-5,2.0E-7,6.0E-7,M3,1.054E-5,2.2305E-5,1.01E-6,2.0E-7,M3,1.135E-5,1.5095E-5,2.0E-7,7.41E-6,M3,1.135E-5,1.4695E-5,2.0E-7,6.0E-7,M3,8.43E-6,4.92E-6,7.2E-7,3.2E-7,M3,2.1125000000000002E-5,3.46E-6,3.2E-7,7.2E-7,M3,2.1185E-5,3.61E-6,2.0E-7,3.1E-7,M3,2.0985E-5,3.61E-6,6.0E-7,2.0E-7,M3,2.306E-5,1.385E-6,2.0E-7,6.0E-7,M3,2.306E-5,1.785E-6,2.0E-7,1.415E-6,M3,2.306E-5,3.0E-6,4.8200000000000004E-6,2.0E-7,M3,2.768E-5,2.6E-6,2.0E-7,6.0E-7,M3,3.209E-5,1.992E-5,2.0E-7,6.0E-7,M3,3.209E-5,1.992E-5,5.6E-7,2.0E-7,M3,3.239E-5,1.906E-5,3.2E-7,1.12E-6,M3,3.159E-5,1.986E-5,1.12E-6,3.2E-7,M3,3.239E-5,6.800000000000001E-7,3.2E-7,7.2E-7,M3,1.0E-5,2.6E-6,2.0E-7,6.0E-7,M3,1.0E-5,3.0E-6,4.8200000000000004E-6,2.0E-7,M3,1.462E-5,1.785E-6,2.0E-7,1.415E-6,M3,1.462E-5,1.385E-6,2.0E-7,6.0E-7,M3,1.6235E-5,3.55E-6,7.2E-7,3.2E-7,M3,1.6435E-5,3.46E-6,3.2E-7,7.2E-7,M3,1.6495E-5,3.72E-6,2.0E-7,1.46E-6,M3,1.6495E-5,4.98E-6,1.0E-6,2.0E-7,M3,1.6495E-5,4.18E-6,2.0E-7,1.0E-6,M3,2.714E-5,2.1905E-5,2.0E-7,6.0E-7,M3,2.633E-5,2.2305E-5,1.01E-6,2.0E-7,M3,2.633E-5,1.5095E-5,2.0E-7,7.41E-6,M3,2.633E-5,1.4695E-5,2.0E-7,6.0E-7,M4,8.49E-6,4.98E-6,6.0E-7,2.0E-7,M4,8.89E-6,4.98E-6,1.2495E-5,2.0E-7,M4,2.1125000000000002E-5,4.12E-6,3.2E-7,1.12E-6,M4,2.0325E-5,4.92E-6,1.12E-6,3.2E-7,M4,2.1125000000000002E-5,3.46E-6,3.2E-7,7.2E-7,M4,3.245E-5,1.912E-5,2.0E-7,1.0E-6,M4,3.1650000000000004E-5,1.992E-5,1.0E-6,2.0E-7,M4,3.245E-5,7.4E-7,2.0E-7,1.938E-5,M4,3.245E-5,7.4E-7,2.0E-7,6.0E-7,M4,1.6295E-5,3.61E-6,6.0E-7,2.0E-7,M4,1.6495E-5,3.61E-6,2.0E-7,3.1E-7,M4,1.6495E-5,3.52E-6,2.0E-7,6.0E-7,M5,2.1185E-5,4.18E-6,2.0E-7,1.0E-6,M5,2.0385E-5,4.98E-6,1.0E-6,2.0E-7,M5,2.1185E-5,3.72E-6,2.0E-7,1.46E-6,M5,2.1185E-5,3.52E-6,2.0E-7,6.0E-7,
M1,2.461E-5,1.133E-5,6.4E-7,2.4000000000000003E-7,M1,2.574E-5,4.2900000000000004E-6,2.4000000000000003E-7,6.4E-7,M1,1.8E-7,1.3615000000000001E-5,2.4000000000000003E-7,6.4E-7,M1,4.4E-7,1.7575E-5,2.4000000000000003E-7,6.4E-7,M1,1.292E-5,1.6475E-5,8.15E-7,1.6E-7,M1,1.3575E-5,1.6475E-5,4.835E-6,1.6E-7,M1,1.821E-5,1.5635000000000002E-5,2.4000000000000003E-7,1.04E-6,M1,1.741E-5,1.6435E-5,1.04E-6,2.4000000000000003E-7,M1,1.821E-5,1.382E-5,6.4E-7,2.4000000000000003E-7,M1,4.4200000000000004E-5,1.7575E-5,2.4000000000000003E-7,6.4E-7,M1,4.446E-5,1.3615000000000001E-5,2.4000000000000003E-7,6.4E-7,M1,1.308E-5,2.31E-6,6.4E-7,2.4000000000000003E-7,M1,1.793E-5,3.59E-6,6.4E-7,2.4000000000000003E-7,M1,3.646E-5,1.7135E-5,2.4000000000000003E-7,6.4E-7,M1,3.7E-5,2.46E-6,2.4000000000000003E-7,6.4E-7,M1,3.3940000000000004E-5,1.365E-6,2.4000000000000003E-7,6.4E-7,M1,3.844E-5,2.9E-6,2.4000000000000003E-7,6.4E-7,M1,1.0700000000000001E-5,1.365E-6,2.4000000000000003E-7,6.4E-7,M1,6.2E-6,2.9E-6,2.4000000000000003E-7,6.4E-7,M1,2.5865E-5,1.137E-5,2.05E-7,1.6E-7,M1,2.591E-5,1.137E-5,1.6E-7,8.05E-7,M1,1.569E-5,6.05E-7,1.6E-7,6.015E-6,M1,1.23E-5,6.05E-7,3.55E-6,1.6E-7,M1,1.881E-5,1.2015000000000001E-5,2.05E-7,1.6E-7,M1,1.8855E-5,1.137E-5,1.6E-7,8.05E-7,M1,2.346E-5,3.59E-6,6.4E-7,2.4000000000000003E-7,M1,1.473E-5,5.28E-6,6.4E-7,2.4000000000000003E-7,M1,2.903E-5,6.05E-7,1.6E-7,6.015E-6,M1,2.903E-5,6.05E-7,3.55E-6,1.6E-7,M1,2.705E-5,1.2415E-5,2.4000000000000003E-7,6.4E-7,M1,3.056E-5,5.98E-6,2.4000000000000003E-7,6.4E-7,M1,1.971E-5,1.3215E-5,5.46E-6,1.6E-7,M1,2.603E-5,1.382E-5,6.4E-7,2.4000000000000003E-7,M1,2.643E-5,1.6435E-5,1.04E-6,2.4000000000000003E-7,M1,2.643E-5,1.5635000000000002E-5,2.4000000000000003E-7,1.04E-6,M1,2.647E-5,1.6475E-5,4.835E-6,1.6E-7,M1,3.1145E-5,1.6475E-5,8.15E-7,1.6E-7,M1,1.408E-5,5.98E-6,2.4000000000000003E-7,6.4E-7,M1,1.759E-5,1.2415E-5,2.4000000000000003E-7,6.4E-7,M1,1.41E-5,1.365E-6,2.4000000000000003E-7,6.4E-7,M1,3.054E-5,1.365E-6,2.4000000000000003E-7,6.4E-7,M1,1.569E-5,9.39E-6,1.6E-7,5.265E-6,M1,1.569E-5,9.39E-6,1.9200000000000003E-6,1.6E-7,M1,2.7230000000000002E-5,8.95E-6,2.4000000000000003E-7,6.4E-7,M1,2.819E-5,9.35E-6,1.04E-6,2.4000000000000003E-7,M1,2.8990000000000002E-5,9.35E-6,2.4000000000000003E-7,1.04E-6,M1,2.903E-5,9.39E-6,1.6E-7,5.265E-6,M1,1.8900000000000002E-5,4.2900000000000004E-6,2.4000000000000003E-7,6.4E-7,M1,1.963E-5,1.133E-5,6.4E-7,2.4000000000000003E-7,M1,2.951E-5,5.28E-6,6.4E-7,2.4000000000000003E-7,M1,2.078E-5,3.59E-6,6.4E-7,2.4000000000000003E-7,M1,8.18E-6,1.7135E-5,2.4000000000000003E-7,6.4E-7,M1,7.64E-6,2.46E-6,2.4000000000000003E-7,6.4E-7,M1,6.9E-6,2.0E-8,6.4E-7,2.4000000000000003E-7,M1,3.9315E-5,2.0E-8,6.4E-7,2.4000000000000003E-7,M1,2.675E-5,2.35E-6,1.6E-7,1.44E-6,M1,2.671E-5,2.31E-6,2.4000000000000003E-7,1.04E-6,M1,2.671E-5,2.31E-6,1.04E-6,2.4000000000000003E-7,M1,3.116E-5,2.31E-6,6.4E-7,2.4000000000000003E-7,M2,2.457E-5,1.129E-5,7.2E-7,3.2E-7,M2,2.57E-5,1.049E-5,3.2E-7,1.12E-6,M2,2.4900000000000002E-5,1.129E-5,1.12E-6,3.2E-7,M2,2.576E-5,4.31E-6,2.0E-7,7.24E-6,M2,2.576E-5,4.31E-6,2.0E-7,6.0E-7,M2,1.4E-7,1.3575E-5,3.2E-7,7.2E-7,M2,4.0E-7,1.7535E-5,3.2E-7,7.2E-7,M2,1.817E-5,1.5595E-5,3.2E-7,1.12E-6,M2,1.737E-5,1.6395E-5,1.12E-6,3.2E-7,M2,1.817E-5,1.378E-5,7.2E-7,3.2E-7,M2,4.4160000000000004E-5,1.7535E-5,3.2E-7,7.2E-7,M2,4.442E-5,1.3575E-5,3.2E-7,7.2E-7,M2,1.304E-5,2.27E-6,7.2E-7,3.2E-7,M2,1.789E-5,3.55E-6,7.2E-7,3.2E-7,M2,3.648E-5,1.7155E-5,2.0E-7,6.0E-7,M2,3.648E-5,2.88E-6,2.0E-7,1.4475E-5,M2,3.648E-5,2.88E-6,7.4E-7,2.0E-7,M2,3.702E-5,2.48E-6,2.0E-7,6.0E-7,M2,3.396E-5,1.385E-6,2.0E-7,6.0E-7,M2,3.396E-5,1.785E-6,4.7E-6,2.0E-7,M2,3.846E-5,1.785E-6,2.0E-7,1.7350000000000001E-6,M2,3.846E-5,2.92E-6,2.0E-7,6.0E-7,M2,1.072E-5,1.385E-6,2.0E-7,6.0E-7,M2,6.22E-6,1.785E-6,4.7E-6,2.0E-7,M2,6.22E-6,1.785E-6,2.0E-7,1.7350000000000001E-6,M2,6.22E-6,2.92E-6,2.0E-7,6.0E-7,M2,2.342E-5,3.55E-6,7.2E-7,3.2E-7,M2,2.342E-5,4.44E-6,3.2E-7,1.12E-6,M2,2.262E-5,5.24E-6,1.12E-6,3.2E-7,M2,1.515E-5,5.3E-6,8.53E-6,2.0E-7,M2,1.4750000000000001E-5,5.3E-6,6.0E-7,2.0E-7,M2,2.701E-5,1.2375000000000001E-5,3.2E-7,7.2E-7,M2,3.052E-5,5.94E-6,3.2E-7,7.2E-7,M2,2.605E-5,1.384E-5,6.0E-7,2.0E-7,M2,2.645E-5,1.384E-5,2.0E-7,2.815E-6,M2,2.645E-5,1.6455E-5,1.0E-6,2.0E-7,M2,2.645E-5,1.5655000000000002E-5,2.0E-7,1.0E-6,M2,1.41E-5,6.0E-6,2.0E-7,6.0E-7,M2,1.41E-5,6.0E-6,2.0E-7,6.635E-6,M2,1.41E-5,1.2435E-5,3.71E-6,2.0E-7,M2,1.761E-5,1.2435E-5,2.0E-7,6.0E-7,M2,1.412E-5,1.385E-6,2.0E-7,6.0E-7,M2,1.412E-5,1.785E-6,1.664E-5,2.0E-7,M2,3.056E-5,1.385E-6,2.0E-7,6.0E-7,M2,2.7190000000000002E-5,8.91E-6,3.2E-7,7.2E-7,M2,2.815E-5,9.31E-6,1.12E-6,3.2E-7,M2,2.895E-5,9.31E-6,3.2E-7,1.12E-6,M2,1.886E-5,4.25E-6,3.2E-7,7.2E-7,M2,1.959E-5,1.129E-5,7.2E-7,3.2E-7,M2,2.947E-5,5.24E-6,7.2E-7,3.2E-7,M2,2.074E-5,3.55E-6,7.2E-7,3.2E-7,M2,8.2E-6,1.7155E-5,2.0E-7,6.0E-7,M2,8.2E-6,2.88E-6,2.0E-7,1.4475E-5,M2,7.66E-6,2.88E-6,7.4E-7,2.0E-7,M2,7.66E-6,2.48E-6,2.0E-7,6.0E-7,M2,6.92E-6,4.0E-8,6.0E-7,2.0E-7,M2,7.32E-6,4.0E-8,3.2415E-5,2.0E-7,M2,3.9335E-5,4.0E-8,6.0E-7,2.0E-7,M2,2.673E-5,2.33E-6,2.0E-7,1.0E-6,M2,2.673E-5,2.33E-6,1.0E-6,2.0E-7,M2,2.673E-5,2.33E-6,4.65E-6,2.0E-7,M2,3.118E-5,2.33E-6,6.0E-7,2.0E-7,M3,2.457E-5,1.129E-5,7.2E-7,3.2E-7,M3,2.57E-5,1.049E-5,3.2E-7,1.12E-6,M3,2.4900000000000002E-5,1.129E-5,1.12E-6,3.2E-7,M3,2.0E-7,1.3635E-5,2.0E-7,6.0E-7,M3,2.0E-7,1.4035E-5,4.6E-7,2.0E-7,M3,4.6E-7,1.4035E-5,2.0E-7,3.76E-6,M3,4.6E-7,1.7595E-5,2.0E-7,6.0E-7,M3,1.817E-5,1.5595E-5,3.2E-7,1.12E-6,M3,1.737E-5,1.6395E-5,1.12E-6,3.2E-7,M3,1.817E-5,1.378E-5,7.2E-7,3.2E-7,M3,4.422E-5,1.7595E-5,2.0E-7,6.0E-7,M3,4.422E-5,1.4035E-5,2.0E-7,3.76E-6,M3,4.422E-5,1.4035E-5,4.6E-7,2.0E-7,M3,4.448E-5,1.3635E-5,2.0E-7,6.0E-7,M3,1.304E-5,2.27E-6,7.2E-7,3.2E-7,M3,1.789E-5,3.55E-6,7.2E-7,3.2E-7,M3,2.348E-5,3.61E-6,6.0E-7,2.0E-7,M3,2.348E-5,3.61E-6,2.0E-7,1.8900000000000001E-6,M3,2.348E-5,4.5E-6,2.0E-7,1.0E-6,M3,2.268E-5,5.3E-6,1.0E-6,2.0E-7,M3,2.707E-5,1.2435E-5,2.0E-7,6.0E-7,M3,2.707E-5,1.2435E-5,3.71E-6,2.0E-7,M3,3.058E-5,6.0E-6,2.0E-7,6.635E-6,M3,3.058E-5,6.0E-6,2.0E-7,6.0E-7,M3,2.7190000000000002E-5,8.91E-6,3.2E-7,7.2E-7,M3,2.815E-5,9.31E-6,1.12E-6,3.2E-7,M3,2.895E-5,9.31E-6,3.2E-7,1.12E-6,M3,1.886E-5,4.25E-6,3.2E-7,7.2E-7,M3,1.886E-5,1.129E-5,1.12E-6,3.2E-7,M3,1.886E-5,1.049E-5,3.2E-7,1.12E-6,M3,1.8920000000000002E-5,1.135E-5,1.33E-6,2.0E-7,M3,1.965E-5,1.135E-5,6.0E-7,2.0E-7,M3,2.947E-5,5.24E-6,7.2E-7,3.2E-7,M3,2.074E-5,3.55E-6,7.2E-7,3.2E-7,M4,2.457E-5,1.129E-5,7.2E-7,3.2E-7,M4,2.57E-5,1.049E-5,3.2E-7,1.12E-6,M4,2.4900000000000002E-5,1.129E-5,1.12E-6,3.2E-7,M4,1.823E-5,1.5655000000000002E-5,2.0E-7,1.0E-6,M4,1.743E-5,1.6455E-5,1.0E-6,2.0E-7,M4,1.823E-5,1.384E-5,2.0E-7,2.815E-6,M4,1.823E-5,1.384E-5,6.0E-7,2.0E-7,M4,1.31E-5,2.33E-6,6.0E-7,2.0E-7,M4,1.35E-5,2.33E-6,4.65E-6,2.0E-7,M4,1.795E-5,2.33E-6,2.0E-7,1.48E-6,M4,1.795E-5,3.61E-6,6.0E-7,2.0E-7,M4,2.725E-5,8.97E-6,2.0E-7,6.0E-7,M4,2.725E-5,9.37E-6,1.96E-6,2.0E-7,M4,2.821E-5,9.37E-6,1.0E-6,2.0E-7,M4,2.9010000000000002E-5,9.37E-6,2.0E-7,1.0E-6,M4,1.8920000000000002E-5,4.31E-6,2.0E-7,6.0E-7,M4,1.8920000000000002E-5,4.31E-6,2.0E-7,7.24E-6,M4,1.8920000000000002E-5,1.135E-5,1.0E-6,2.0E-7,M4,1.8920000000000002E-5,1.055E-5,2.0E-7,1.0E-6,M4,2.947E-5,5.24E-6,7.2E-7,3.2E-7,M4,2.074E-5,3.55E-6,7.2E-7,3.2E-7,M5,2.463E-5,1.135E-5,6.0E-7,2.0E-7,M5,2.463E-5,1.135E-5,1.33E-6,2.0E-7,M5,2.576E-5,1.055E-5,2.0E-7,1.0E-6,M5,2.496E-5,1.135E-5,1.0E-6,2.0E-7,M5,2.947E-5,5.24E-6,7.2E-7,3.2E-7,M5,2.074E-5,3.55E-6,7.2E-7,3.2E-7,M6,2.953E-5,5.3E-6,6.0E-7,2.0E-7,M6,2.12E-5,5.3E-6,8.53E-6,2.0E-7,M6,2.12E-5,3.61E-6,2.0E-7,1.8900000000000001E-6,M6,2.08E-5,3.61E-6,6.0E-7,2.0E-7,
M1,8.56E-6,4.65E-6,1.6E-7,2.8E-7,M1,6.8E-6,4.65E-6,1.9200000000000003E-6,1.6E-7,M1,9.19E-6,2.0E-8,6.4E-7,2.4000000000000003E-7,M1,2.709E-5,2.0E-8,6.4E-7,2.4000000000000003E-7,M1,1.8E-7,1.899E-5,2.4000000000000003E-7,6.4E-7,M1,4.4E-7,2.295E-5,2.4000000000000003E-7,6.4E-7,M1,1.674E-5,1.805E-6,3.44E-6,1.6E-7,M1,2.465E-5,2.35E-6,1.6E-7,1.44E-6,M1,2.449E-5,3.63E-6,3.2E-7,1.6E-7,M1,3.624E-5,2.295E-5,2.4000000000000003E-7,6.4E-7,M1,3.65E-5,1.899E-5,2.4000000000000003E-7,6.4E-7,M1,8.52E-6,4.7300000000000005E-6,2.4000000000000003E-7,6.4E-7,M1,1.163E-5,9.25E-7,2.4000000000000003E-7,6.4E-7,M1,1.153E-5,1.499E-5,4.0E-7,1.6E-7,M1,1.153E-5,1.499E-5,1.6E-7,7.0200000000000006E-6,M1,2.4145E-5,1.2630000000000001E-5,6.4E-7,2.4000000000000003E-7,M1,2.411E-5,1.0485E-5,2.4000000000000003E-7,6.4E-7,M1,2.415E-5,1.025E-5,1.6E-7,6.350000000000001E-7,M1,2.504E-5,1.267E-5,1.6E-7,7.2E-7,M1,2.499E-5,1.267E-5,2.1E-7,1.6E-7,M1,3.044E-5,2.053E-5,6.4E-7,2.4000000000000003E-7,M1,1.568E-5,2.31E-6,6.4E-7,2.4000000000000003E-7,M1,1.2110000000000001E-5,2.35E-6,1.6E-7,1.44E-6,M1,1.2110000000000001E-5,3.63E-6,3.2E-7,1.6E-7,M1,1.732E-5,2.506E-5,2.28E-6,1.6E-7,M1,1.2135E-5,1.2630000000000001E-5,6.4E-7,2.4000000000000003E-7,M1,1.257E-5,1.0485E-5,2.4000000000000003E-7,6.4E-7,M1,1.261E-5,1.025E-5,1.6E-7,6.350000000000001E-7,M1,1.117E-5,1.267E-5,1.6E-7,7.2E-7,M1,1.117E-5,1.323E-5,2.4100000000000002E-6,1.6E-7,M1,2.82E-5,4.65E-6,1.6E-7,2.8E-7,M1,2.82E-5,4.65E-6,1.9200000000000003E-6,1.6E-7,M1,3.503E-5,2.251E-5,2.4000000000000003E-7,6.4E-7,M1,3.477E-5,5.05E-7,2.4000000000000003E-7,6.4E-7,M1,2.06E-5,2.31E-6,6.4E-7,2.4000000000000003E-7,M1,5.84E-6,2.053E-5,6.4E-7,2.4000000000000003E-7,M1,2.798E-5,1.363E-5,2.4000000000000003E-7,6.4E-7,M1,3.65E-5,1.18E-5,2.4000000000000003E-7,6.4E-7,M1,2.356E-5,1.805E-6,4.56E-6,1.6E-7,M1,2.796E-5,1.745E-6,1.6E-7,2.2E-7,M1,8.8E-6,1.805E-6,4.56E-6,1.6E-7,M1,8.8E-6,1.745E-6,1.6E-7,2.2E-7,M1,2.816E-5,4.7300000000000005E-6,2.4000000000000003E-7,6.4E-7,M1,2.505E-5,9.25E-7,2.4000000000000003E-7,6.4E-7,M1,1.65E-6,2.251E-5,2.4000000000000003E-7,6.4E-7,M1,1.91E-6,5.05E-7,2.4000000000000003E-7,6.4E-7,M1,2.499E-5,1.499E-5,4.0E-7,1.6E-7,M1,2.523E-5,1.499E-5,1.6E-7,7.0200000000000006E-6,M1,1.8E-7,1.18E-5,2.4000000000000003E-7,6.4E-7,M1,8.7E-6,1.363E-5,2.4000000000000003E-7,6.4E-7,M2,9.21E-6,4.0E-8,6.0E-7,2.0E-7,M2,9.61E-6,4.0E-8,1.77E-5,2.0E-7,M2,2.711E-5,4.0E-8,6.0E-7,2.0E-7,M2,1.4E-7,1.895E-5,3.2E-7,7.2E-7,M2,4.0E-7,2.291E-5,3.2E-7,7.2E-7,M2,3.62E-5,2.291E-5,3.2E-7,7.2E-7,M2,3.646E-5,1.895E-5,3.2E-7,7.2E-7,M2,8.54E-6,4.75E-6,2.0E-7,6.0E-7,M2,8.54E-6,4.75E-6,3.31E-6,2.0E-7,M2,1.165E-5,1.345E-6,2.0E-7,3.6050000000000002E-6,M2,1.165E-5,9.450000000000001E-7,2.0E-7,6.0E-7,M2,2.4165E-5,1.2650000000000001E-5,6.0E-7,2.0E-7,M2,2.413E-5,1.2650000000000001E-5,4.35E-7,2.0E-7,M2,2.413E-5,1.0705E-5,2.0E-7,2.1450000000000002E-6,M2,2.413E-5,1.0505E-5,2.0E-7,6.0E-7,M2,3.046E-5,2.055E-5,6.0E-7,2.0E-7,M2,1.6100000000000002E-5,2.055E-5,1.456E-5,2.0E-7,M2,1.6100000000000002E-5,2.33E-6,2.0E-7,1.842E-5,M2,1.57E-5,2.33E-6,6.0E-7,2.0E-7,M2,1.2155E-5,1.2650000000000001E-5,6.0E-7,2.0E-7,M2,1.2355E-5,1.2650000000000001E-5,4.35E-7,2.0E-7,M2,1.259E-5,1.0705E-5,2.0E-7,2.1450000000000002E-6,M2,1.259E-5,1.0505E-5,2.0E-7,6.0E-7,M2,3.505E-5,2.253E-5,2.0E-7,6.0E-7,M2,3.4790000000000004E-5,2.253E-5,4.6E-7,2.0E-7,M2,3.4790000000000004E-5,5.250000000000001E-7,2.0E-7,2.2205000000000002E-5,M2,3.4790000000000004E-5,5.250000000000001E-7,2.0E-7,6.0E-7,M2,2.056E-5,2.27E-6,7.2E-7,3.2E-7,M2,5.8E-6,2.0490000000000002E-5,7.2E-7,3.2E-7,M2,2.794E-5,1.359E-5,3.2E-7,7.2E-7,M2,3.646E-5,1.1760000000000001E-5,3.2E-7,7.2E-7,M2,2.818E-5,4.75E-6,2.0E-7,6.0E-7,M2,2.507E-5,4.75E-6,3.31E-6,2.0E-7,M2,2.507E-5,1.345E-6,2.0E-7,3.6050000000000002E-6,M2,2.507E-5,9.450000000000001E-7,2.0E-7,6.0E-7,M2,1.67E-6,2.253E-5,2.0E-7,6.0E-7,M2,1.67E-6,2.253E-5,4.6E-7,2.0E-7,M2,1.93E-6,5.250000000000001E-7,2.0E-7,2.2205000000000002E-5,M2,1.93E-6,5.250000000000001E-7,2.0E-7,6.0E-7,M2,1.4E-7,1.1760000000000001E-5,3.2E-7,7.2E-7,M2,8.66E-6,1.359E-5,3.2E-7,7.2E-7,M3,2.0E-7,1.901E-5,2.0E-7,6.0E-7,M3,2.0E-7,1.941E-5,4.6E-7,2.0E-7,M3,4.6E-7,1.941E-5,2.0E-7,3.76E-6,M3,4.6E-7,2.2970000000000002E-5,2.0E-7,6.0E-7,M3,3.626E-5,2.2970000000000002E-5,2.0E-7,6.0E-7,M3,3.626E-5,1.941E-5,2.0E-7,3.76E-6,M3,3.626E-5,1.941E-5,4.6E-7,2.0E-7,M3,3.652E-5,1.901E-5,2.0E-7,6.0E-7,M3,2.056E-5,2.27E-6,7.2E-7,3.2E-7,M3,2.056E-5,1.969E-5,3.2E-7,1.12E-6,M3,1.976E-5,2.0490000000000002E-5,1.12E-6,3.2E-7,M3,6.26E-6,2.055E-5,1.456E-5,2.0E-7,M3,5.86E-6,2.055E-5,6.0E-7,2.0E-7,M3,2.8E-5,1.365E-5,2.0E-7,6.0E-7,M3,2.8E-5,1.202E-5,2.0E-7,1.83E-6,M3,2.8E-5,1.202E-5,8.72E-6,2.0E-7,M3,3.652E-5,1.182E-5,2.0E-7,6.0E-7,M3,2.0E-7,1.182E-5,2.0E-7,6.0E-7,M3,2.0E-7,1.202E-5,8.72E-6,2.0E-7,M3,8.72E-6,1.202E-5,2.0E-7,1.83E-6,M3,8.72E-6,1.365E-5,2.0E-7,6.0E-7,M4,2.062E-5,2.33E-6,6.0E-7,2.0E-7,M4,2.062E-5,2.33E-6,2.0E-7,1.842E-5,M4,2.062E-5,1.975E-5,2.0E-7,1.0E-6,M4,1.982E-5,2.055E-5,1.0E-6,2.0E-7,
M1,3.202E-5,1.513E-5,3.32E-6,1.6E-7,M1,3.978E-5,1.82E-6,2.4000000000000003E-7,6.4E-7,M1,3.419E-5,1.365E-6,2.4000000000000003E-7,6.4E-7,M1,3.274E-5,5.65E-7,2.4000000000000003E-7,6.4E-7,M1,3.227E-5,3.885E-6,2.4000000000000003E-7,6.4E-7,M1,3.231E-5,4.125E-6,1.6E-7,8.05E-7,M1,5.034E-5,1.623E-5,2.4000000000000003E-7,6.4E-7,M1,5.0600000000000003E-5,1.227E-5,2.4000000000000003E-7,6.4E-7,M1,3.937E-5,2.0E-8,6.4E-7,2.4000000000000003E-7,M1,1.29E-5,2.0E-8,6.4E-7,2.4000000000000003E-7,M1,3.179E-5,2.35E-6,1.6E-7,1.44E-6,M1,3.167E-5,2.35E-6,2.8E-7,1.6E-7,M1,3.231E-5,5.38E-6,1.9200000000000003E-6,1.6E-7,M1,3.231E-5,4.77E-6,1.6E-7,7.7E-7,M1,4.4E-7,1.623E-5,2.4000000000000003E-7,6.4E-7,M1,1.8E-7,1.227E-5,2.4000000000000003E-7,6.4E-7,M1,3.455E-5,1.381E-5,6.4E-7,2.4000000000000003E-7,M1,2.385E-5,8.15E-6,6.4E-7,2.4000000000000003E-7,M1,3.714E-5,1.3800000000000001E-6,2.4000000000000003E-7,6.4E-7,M1,3.768E-5,1.579E-5,2.4000000000000003E-7,6.4E-7,M1,3.091E-5,4.2900000000000004E-6,2.4000000000000003E-7,6.4E-7,M1,3.1310000000000003E-5,1.509E-5,6.4E-7,2.4000000000000003E-7,M1,3.158E-5,1.509E-5,6.4E-7,2.4000000000000003E-7,M1,3.162E-5,1.579E-5,2.4000000000000003E-7,6.4E-7,M1,1.62E-5,1.6270000000000002E-5,2.28E-6,1.6E-7,M1,2.657E-5,8.19E-6,1.6E-7,5.82E-6,M1,2.6530000000000002E-5,1.301E-5,2.4000000000000003E-7,1.04E-6,M1,2.573E-5,1.381E-5,1.04E-6,2.4000000000000003E-7,M1,1.583E-5,1.381E-5,6.4E-7,2.4000000000000003E-7,M1,1.659E-5,1.365E-6,2.4000000000000003E-7,6.4E-7,M1,1.1E-5,1.82E-6,2.4000000000000003E-7,6.4E-7,M1,1.364E-5,1.3800000000000001E-6,2.4000000000000003E-7,6.4E-7,M1,1.31E-5,1.579E-5,2.4000000000000003E-7,6.4E-7,M1,1.99E-5,1.7055000000000002E-5,1.1220000000000001E-5,1.6E-7,M1,1.679E-5,5.38E-6,1.9200000000000003E-6,1.6E-7,M1,1.855E-5,4.77E-6,1.6E-7,7.7E-7,M1,2.056E-5,1.579E-5,2.4000000000000003E-7,6.4E-7,M1,1.9070000000000002E-5,1.509E-5,6.4E-7,2.4000000000000003E-7,M1,1.804E-5,5.65E-7,2.4000000000000003E-7,6.4E-7,M1,1.851E-5,3.885E-6,2.4000000000000003E-7,6.4E-7,M1,1.855E-5,4.125E-6,1.6E-7,8.05E-7,M1,1.9810000000000002E-5,1.805E-6,1.1400000000000001E-5,1.6E-7,M1,1.9070000000000002E-5,1.509E-5,6.4E-7,2.4000000000000003E-7,M1,1.987E-5,4.2900000000000004E-6,2.4000000000000003E-7,6.4E-7,M1,3.2540000000000004E-5,1.6270000000000002E-5,2.28E-6,1.6E-7,M1,1.568E-5,1.513E-5,3.32E-6,1.6E-7,M1,1.9070000000000002E-5,2.35E-6,1.6E-7,1.44E-6,M1,1.9070000000000002E-5,2.35E-6,2.8E-7,1.6E-7,M2,3.974E-5,1.7800000000000001E-6,3.2E-7,7.2E-7,M2,3.415E-5,1.325E-6,3.2E-7,7.2E-7,M2,3.276E-5,5.85E-7,2.0E-7,6.0E-7,M2,3.229E-5,5.85E-7,6.7E-7,2.0E-7,M2,3.229E-5,5.85E-7,2.0E-7,3.72E-6,M2,3.229E-5,3.905E-6,2.0E-7,6.0E-7,M2,5.036E-5,1.6250000000000002E-5,2.0E-7,6.0E-7,M2,5.036E-5,1.269E-5,2.0E-7,3.76E-6,M2,5.036E-5,1.269E-5,4.6E-7,2.0E-7,M2,5.062E-5,1.2290000000000001E-5,2.0E-7,6.0E-7,M2,3.939E-5,4.0E-8,6.0E-7,2.0E-7,M2,1.332E-5,4.0E-8,2.647E-5,2.0E-7,M2,1.292E-5,4.0E-8,6.0E-7,2.0E-7,M2,4.6E-7,1.6250000000000002E-5,2.0E-7,6.0E-7,M2,4.6E-7,1.269E-5,2.0E-7,3.76E-6,M2,2.0E-7,1.269E-5,4.6E-7,2.0E-7,M2,2.0E-7,1.2290000000000001E-5,2.0E-7,6.0E-7,M2,3.451E-5,1.377E-5,7.2E-7,3.2E-7,M2,2.381E-5,8.11E-6,7.2E-7,3.2E-7,M2,3.716E-5,1.4E-6,2.0E-7,6.0E-7,M2,3.716E-5,1.8000000000000001E-6,2.0E-7,1.421E-5,M2,3.716E-5,1.581E-5,7.4E-7,2.0E-7,M2,3.77E-5,1.581E-5,2.0E-7,6.0E-7,M2,3.087E-5,4.25E-6,3.2E-7,7.2E-7,M2,3.1270000000000004E-5,1.505E-5,7.2E-7,3.2E-7,M2,3.16E-5,1.5110000000000001E-5,6.0E-7,2.0E-7,M2,3.164E-5,1.5110000000000001E-5,5.6E-7,2.0E-7,M2,3.164E-5,1.5110000000000001E-5,2.0E-7,9.000000000000001E-7,M2,3.164E-5,1.581E-5,2.0E-7,6.0E-7,M2,2.6490000000000002E-5,1.297E-5,3.2E-7,1.12E-6,M2,2.569E-5,1.377E-5,1.12E-6,3.2E-7,M2,1.579E-5,1.377E-5,7.2E-7,3.2E-7,M2,1.655E-5,1.325E-6,3.2E-7,7.2E-7,M2,1.096E-5,1.7800000000000001E-6,3.2E-7,7.2E-7,M2,1.366E-5,1.4E-6,2.0E-7,6.0E-7,M2,1.366E-5,1.8000000000000001E-6,2.0E-7,1.421E-5,M2,1.312E-5,1.581E-5,7.4E-7,2.0E-7,M2,1.312E-5,1.581E-5,2.0E-7,6.0E-7,M2,2.058E-5,1.581E-5,2.0E-7,6.0E-7,M2,1.929E-5,1.581E-5,1.4900000000000001E-6,2.0E-7,M2,1.929E-5,1.5110000000000001E-5,2.0E-7,9.000000000000001E-7,M2,1.9090000000000002E-5,1.5110000000000001E-5,6.0E-7,2.0E-7,M2,1.806E-5,5.85E-7,2.0E-7,6.0E-7,M2,1.806E-5,5.85E-7,6.7E-7,2.0E-7,M2,1.853E-5,5.85E-7,2.0E-7,3.72E-6,M2,1.853E-5,3.905E-6,2.0E-7,6.0E-7,M2,1.903E-5,1.505E-5,7.2E-7,3.2E-7,M2,1.983E-5,4.25E-6,3.2E-7,7.2E-7,M3,3.98E-5,1.84E-6,2.0E-7,6.0E-7,M3,3.98E-5,1.785E-6,2.0E-7,6.55E-7,M3,3.421E-5,1.785E-6,5.7900000000000005E-6,2.0E-7,M3,3.421E-5,1.385E-6,2.0E-7,6.0E-7,M3,3.457E-5,1.383E-5,6.0E-7,2.0E-7,M3,3.457E-5,8.17E-6,2.0E-7,5.86E-6,M3,3.371E-5,8.11E-6,1.12E-6,3.2E-7,M3,3.451E-5,8.11E-6,3.2E-7,1.12E-6,M3,2.381E-5,8.11E-6,7.2E-7,3.2E-7,M3,3.0930000000000004E-5,4.31E-6,2.0E-7,6.0E-7,M3,3.0930000000000004E-5,4.31E-6,2.0E-7,1.1E-5,M3,3.0930000000000004E-5,1.5110000000000001E-5,8.0E-7,2.0E-7,M3,3.133E-5,1.5110000000000001E-5,6.0E-7,2.0E-7,M3,2.655E-5,1.303E-5,2.0E-7,1.0E-6,M3,2.575E-5,1.383E-5,1.0E-6,2.0E-7,M3,1.6250000000000002E-5,1.383E-5,1.05E-5,2.0E-7,M3,1.585E-5,1.383E-5,6.0E-7,2.0E-7,M3,1.6610000000000002E-5,1.385E-6,2.0E-7,6.0E-7,M3,1.102E-5,1.785E-6,5.7900000000000005E-6,2.0E-7,M3,1.102E-5,1.785E-6,2.0E-7,6.55E-7,M3,1.102E-5,1.84E-6,2.0E-7,6.0E-7,M3,1.903E-5,1.505E-5,7.2E-7,3.2E-7,M3,1.983E-5,4.25E-6,3.2E-7,7.2E-7,M4,3.3770000000000004E-5,8.17E-6,1.0E-6,2.0E-7,M4,3.457E-5,8.17E-6,2.0E-7,1.0E-6,M4,2.427E-5,8.17E-6,1.05E-5,2.0E-7,M4,2.387E-5,8.17E-6,6.0E-7,2.0E-7,M4,1.9090000000000002E-5,1.5110000000000001E-5,6.0E-7,2.0E-7,M4,1.929E-5,1.5110000000000001E-5,8.0E-7,2.0E-7,M4,1.983E-5,1.425E-5,3.2E-7,1.12E-6,M4,1.903E-5,1.505E-5,1.12E-6,3.2E-7,M4,1.983E-5,4.25E-6,3.2E-7,7.2E-7,M5,1.989E-5,1.431E-5,2.0E-7,1.0E-6,M5,1.9090000000000002E-5,1.5110000000000001E-5,1.0E-6,2.0E-7,M5,1.989E-5,4.31E-6,2.0E-7,1.1E-5,M5,1.989E-5,4.31E-6,2.0E-7,6.0E-7,
M1,1.821E-5,1.045E-6,1.9200000000000003E-6,1.6E-7,M1,8.66E-6,2.195E-5,6.4E-7,2.4000000000000003E-7,M1,9.49E-6,1.4185E-5,6.4E-7,2.4000000000000003E-7,M1,2.962E-5,4.65E-6,1.9200000000000003E-6,1.6E-7,M1,2.962E-5,4.65E-6,1.6E-7,2.8E-7,M1,1.8E-7,1.913E-5,2.4000000000000003E-7,6.4E-7,M1,4.4E-7,2.309E-5,2.4000000000000003E-7,6.4E-7,M1,1.396E-5,2.31E-6,6.4E-7,2.4000000000000003E-7,M1,1.15E-5,3.59E-6,6.4E-7,2.4000000000000003E-7,M1,1.11E-5,9.62E-6,2.62E-6,1.6E-7,M1,1.356E-5,1.365E-6,1.6E-7,8.415E-6,M1,2.845E-5,1.4225E-5,1.6E-7,7.925E-6,M1,2.841E-5,2.195E-5,1.04E-6,2.4000000000000003E-7,M1,2.841E-5,2.115E-5,2.4000000000000003E-7,1.04E-6,M1,2.904E-5,2.195E-5,6.4E-7,2.4000000000000003E-7,M1,3.71E-6,2.265E-5,2.4000000000000003E-7,6.4E-7,M1,2.225E-6,5.05E-7,6.4E-7,2.4000000000000003E-7,M1,2.22E-6,5.45E-7,4.05E-7,1.6E-7,M1,2.374E-5,2.31E-6,6.4E-7,2.4000000000000003E-7,M1,2.62E-5,3.59E-6,6.4E-7,2.4000000000000003E-7,M1,2.845E-5,1.16E-5,1.6E-7,8.6E-7,M1,2.845E-5,1.23E-5,2.7E-7,1.6E-7,M1,2.7720000000000002E-5,1.305E-6,2.4000000000000003E-7,6.4E-7,M1,2.319E-5,1.365E-6,2.4000000000000003E-7,6.4E-7,M1,3.792E-5,1.913E-5,2.4000000000000003E-7,6.4E-7,M1,3.766E-5,2.309E-5,2.4000000000000003E-7,6.4E-7,M1,1.732E-5,2.5450000000000002E-5,3.7E-6,1.6E-7,M1,2.059E-5,2.35E-6,1.6E-7,2.035E-6,M1,2.055E-5,3.385E-6,2.4000000000000003E-7,1.04E-6,M1,1.975E-5,4.185E-6,1.04E-6,2.4000000000000003E-7,M1,5.84E-6,3.4700000000000002E-6,6.4E-7,2.4000000000000003E-7,M1,3.186E-5,3.4700000000000002E-6,6.4E-7,2.4000000000000003E-7,M1,1.715E-5,2.31E-6,6.4E-7,2.4000000000000003E-7,M1,2.94E-5,1.27E-5,2.4000000000000003E-7,6.4E-7,M1,3.792E-5,1.187E-5,2.4000000000000003E-7,6.4E-7,M1,2.586E-5,8.740000000000001E-6,2.4000000000000003E-7,6.4E-7,M1,2.586E-5,1.1050000000000001E-5,2.4000000000000003E-7,6.4E-7,M1,2.59E-5,1.129E-5,1.6E-7,4.7E-7,M1,2.59E-5,1.16E-5,1.76E-6,1.6E-7,M1,1.491E-5,1.365E-6,2.4000000000000003E-7,6.4E-7,M1,1.038E-5,1.305E-6,2.4000000000000003E-7,6.4E-7,M1,9.51E-6,2.0E-8,6.4E-7,2.4000000000000003E-7,M1,2.662E-5,2.0E-8,6.4E-7,2.4000000000000003E-7,M1,9.62E-6,1.16E-5,1.6E-7,8.6E-7,M1,9.62E-6,1.16E-5,2.7E-7,1.6E-7,M1,1.224E-5,8.740000000000001E-6,2.4000000000000003E-7,6.4E-7,M1,1.224E-5,1.1050000000000001E-5,2.4000000000000003E-7,6.4E-7,M1,1.2280000000000001E-5,1.129E-5,1.6E-7,4.7E-7,M1,1.068E-5,1.16E-5,1.76E-6,1.6E-7,M1,6.8E-6,4.65E-6,1.9200000000000003E-6,1.6E-7,M1,8.56E-6,4.65E-6,1.6E-7,2.8E-7,M1,2.462E-5,9.62E-6,2.62E-6,1.6E-7,M1,2.462E-5,1.365E-6,1.6E-7,8.415E-6,M1,1.8E-7,1.187E-5,2.4000000000000003E-7,6.4E-7,M1,8.7E-6,1.27E-5,2.4000000000000003E-7,6.4E-7,M1,3.439E-5,2.265E-5,2.4000000000000003E-7,6.4E-7,M1,3.5475E-5,5.05E-7,6.4E-7,2.4000000000000003E-7,M1,3.5715E-5,5.45E-7,4.05E-7,1.6E-7,M2,8.62E-6,2.1910000000000002E-5,7.2E-7,3.2E-7,M2,8.82E-6,1.4145000000000001E-5,3.2E-7,1.12E-6,M2,8.82E-6,1.4145000000000001E-5,1.12E-6,3.2E-7,M2,8.88E-6,1.4205E-5,1.03E-6,2.0E-7,M2,9.51E-6,1.4205E-5,6.0E-7,2.0E-7,M2,2.0E-7,1.915E-5,2.0E-7,6.0E-7,M2,2.0E-7,1.955E-5,2.0E-7,3.76E-6,M2,2.0E-7,2.311E-5,4.6E-7,2.0E-7,M2,4.6E-7,2.311E-5,2.0E-7,6.0E-7,M2,1.398E-5,2.33E-6,6.0E-7,2.0E-7,M2,1.398E-5,2.33E-6,2.0E-7,1.48E-6,M2,1.1920000000000001E-5,3.61E-6,2.26E-6,2.0E-7,M2,1.152E-5,3.61E-6,6.0E-7,2.0E-7,M2,2.843E-5,2.197E-5,1.0E-6,2.0E-7,M2,2.843E-5,2.117E-5,2.0E-7,1.0E-6,M2,2.843E-5,2.197E-5,1.03E-6,2.0E-7,M2,2.906E-5,2.197E-5,6.0E-7,2.0E-7,M2,3.7300000000000003E-6,2.267E-5,2.0E-7,6.0E-7,M2,3.7300000000000003E-6,5.250000000000001E-7,2.0E-7,2.2345E-5,M2,2.87E-6,4.65E-7,1.12E-6,3.2E-7,M2,3.67E-6,4.65E-7,3.2E-7,1.12E-6,M2,2.1850000000000003E-6,4.65E-7,7.2E-7,3.2E-7,M2,2.376E-5,2.33E-6,6.0E-7,2.0E-7,M2,2.416E-5,2.33E-6,2.0E-7,1.48E-6,M2,2.416E-5,3.61E-6,2.26E-6,2.0E-7,M2,2.622E-5,3.61E-6,6.0E-7,2.0E-7,M2,2.7740000000000002E-5,1.325E-6,2.0E-7,6.0E-7,M2,2.7740000000000002E-5,1.725E-6,2.0E-7,2.6E-7,M2,2.321E-5,1.785E-6,4.7300000000000005E-6,2.0E-7,M2,2.321E-5,1.385E-6,2.0E-7,6.0E-7,M2,3.794E-5,1.915E-5,2.0E-7,6.0E-7,M2,3.794E-5,1.955E-5,2.0E-7,3.76E-6,M2,3.768E-5,2.311E-5,4.6E-7,2.0E-7,M2,3.768E-5,2.311E-5,2.0E-7,6.0E-7,M2,2.0510000000000002E-5,3.345E-6,3.2E-7,1.12E-6,M2,1.971E-5,4.145E-6,1.12E-6,3.2E-7,M2,5.8E-6,3.43E-6,7.2E-7,3.2E-7,M2,3.188E-5,3.49E-6,6.0E-7,2.0E-7,M2,2.7415E-5,3.49E-6,4.665E-6,2.0E-7,M2,2.7355E-5,3.43E-6,3.2E-7,1.12E-6,M2,2.7355E-5,3.43E-6,1.12E-6,3.2E-7,M2,1.711E-5,2.27E-6,7.2E-7,3.2E-7,M2,2.936E-5,1.266E-5,3.2E-7,7.2E-7,M2,3.788E-5,1.183E-5,3.2E-7,7.2E-7,M2,2.588E-5,8.76E-6,2.0E-7,6.0E-7,M2,2.588E-5,9.16E-6,2.0E-7,2.31E-6,M2,2.588E-5,1.107E-5,2.0E-7,6.0E-7,M2,1.4930000000000001E-5,1.385E-6,2.0E-7,6.0E-7,M2,1.04E-5,1.785E-6,4.7300000000000005E-6,2.0E-7,M2,1.04E-5,1.725E-6,2.0E-7,2.6E-7,M2,1.04E-5,1.325E-6,2.0E-7,6.0E-7,M2,9.53E-6,4.0E-8,6.0E-7,2.0E-7,M2,9.73E-6,4.0E-8,1.711E-5,2.0E-7,M2,2.664E-5,4.0E-8,6.0E-7,2.0E-7,M2,1.226E-5,8.76E-6,2.0E-7,6.0E-7,M2,1.226E-5,9.16E-6,2.0E-7,2.31E-6,M2,1.226E-5,1.107E-5,2.0E-7,6.0E-7,M2,1.4E-7,1.183E-5,3.2E-7,7.2E-7,M2,8.66E-6,1.266E-5,3.2E-7,7.2E-7,M2,3.441E-5,2.267E-5,2.0E-7,6.0E-7,M2,3.441E-5,5.250000000000001E-7,2.0E-7,2.2345E-5,M2,3.435E-5,4.65E-7,3.2E-7,1.12E-6,M2,3.435E-5,4.65E-7,1.12E-6,3.2E-7,M2,3.5435E-5,4.65E-7,7.2E-7,3.2E-7,M3,8.68E-6,2.197E-5,6.0E-7,2.0E-7,M3,8.88E-6,1.4205E-5,2.0E-7,7.965E-6,M3,8.88E-6,1.4205E-5,2.0E-7,1.0E-6,M3,8.88E-6,1.4205E-5,1.0E-6,2.0E-7,M3,2.93E-6,5.250000000000001E-7,1.0E-6,2.0E-7,M3,3.7300000000000003E-6,5.250000000000001E-7,2.0E-7,1.0E-6,M3,2.445E-6,5.250000000000001E-7,1.485E-6,2.0E-7,M3,2.245E-6,5.250000000000001E-7,6.0E-7,2.0E-7,M3,2.057E-5,3.405E-6,2.0E-7,1.0E-6,M3,1.977E-5,4.205E-6,1.0E-6,2.0E-7,M3,1.0725E-5,4.205E-6,1.0045E-5,2.0E-7,M3,1.0725E-5,3.49E-6,2.0E-7,9.15E-7,M3,9.865E-6,3.43E-6,1.12E-6,3.2E-7,M3,1.0665E-5,3.43E-6,3.2E-7,1.12E-6,M3,5.8E-6,3.43E-6,7.2E-7,3.2E-7,M3,2.7355E-5,3.43E-6,3.2E-7,1.12E-6,M3,2.7355E-5,3.43E-6,1.12E-6,3.2E-7,M3,1.711E-5,2.27E-6,7.2E-7,3.2E-7,M3,2.942E-5,1.272E-5,2.0E-7,6.0E-7,M3,2.942E-5,1.209E-5,2.0E-7,8.3E-7,M3,2.942E-5,1.209E-5,8.72E-6,2.0E-7,M3,3.794E-5,1.189E-5,2.0E-7,6.0E-7,M3,2.0E-7,1.189E-5,2.0E-7,6.0E-7,M3,2.0E-7,1.209E-5,8.72E-6,2.0E-7,M3,8.72E-6,1.209E-5,2.0E-7,8.3E-7,M3,8.72E-6,1.272E-5,2.0E-7,6.0E-7,M3,3.441E-5,5.250000000000001E-7,2.0E-7,1.0E-6,M3,3.441E-5,5.250000000000001E-7,1.0E-6,2.0E-7,M3,3.441E-5,5.250000000000001E-7,1.485E-6,2.0E-7,M3,3.5495E-5,5.250000000000001E-7,6.0E-7,2.0E-7,M4,9.925E-6,3.49E-6,1.0E-6,2.0E-7,M4,1.0725E-5,3.49E-6,2.0E-7,1.0E-6,M4,6.26E-6,3.49E-6,4.665E-6,2.0E-7,M4,5.86E-6,3.49E-6,6.0E-7,2.0E-7,M4,2.7415E-5,3.49E-6,2.0E-7,1.0E-6,M4,2.7415E-5,3.49E-6,1.0E-6,2.0E-7,M4,2.7415E-5,3.49E-6,2.0E-7,9.15E-7,M4,2.7355E-5,3.345E-6,3.2E-7,1.12E-6,M4,2.6555E-5,4.145E-6,1.12E-6,3.2E-7,M4,1.711E-5,2.27E-6,7.2E-7,3.2E-7,M5,2.7415E-5,3.405E-6,2.0E-7,1.0E-6,M5,2.6615000000000002E-5,4.205E-6,1.0E-6,2.0E-7,M5,1.757E-5,4.205E-6,1.0045E-5,2.0E-7,M5,1.751E-5,4.145E-6,1.12E-6,3.2E-7,M5,1.751E-5,3.345E-6,3.2E-7,1.12E-6,M5,1.711E-5,2.27E-6,7.2E-7,3.2E-7,M6,1.757E-5,4.205E-6,1.0E-6,2.0E-7,M6,1.757E-5,3.405E-6,2.0E-7,1.0E-6,M6,1.757E-5,2.33E-6,2.0E-7,2.075E-6,M6,1.717E-5,2.33E-6,6.0E-7,2.0E-7,
M1,4.0980000000000004E-5,1.32E-6,2.4000000000000003E-7,6.4E-7,M1,3.544E-5,1.365E-6,2.4000000000000003E-7,6.4E-7,M1,4.565E-5,1.326E-5,6.4E-7,2.4000000000000003E-7,M1,4.2630000000000004E-5,4.2900000000000004E-6,2.4000000000000003E-7,6.4E-7,M1,1.8E-7,1.1410000000000001E-5,2.4000000000000003E-7,6.4E-7,M1,4.4E-7,1.537E-5,2.4000000000000003E-7,6.4E-7,M1,4.619E-5,1.544E-5,2.4000000000000003E-7,6.4E-7,M1,1.629E-5,1.544E-5,2.4000000000000003E-7,6.4E-7,M1,3.646E-5,2.35E-6,1.6E-7,1.44E-6,M1,3.646E-5,3.63E-6,6.71E-6,1.6E-7,M1,1.3530000000000001E-5,1.4230000000000001E-5,6.4E-7,2.4000000000000003E-7,M1,1.717E-5,1.3995E-5,2.4000000000000003E-7,6.4E-7,M1,1.721E-5,1.4E-5,1.6E-7,3.9500000000000003E-7,M1,1.855E-5,1.132E-5,7.27E-6,1.6E-7,M1,2.566E-5,1.365E-6,1.6E-7,1.0115E-5,M1,3.274E-5,2.31E-6,6.4E-7,2.4000000000000003E-7,M1,1.297E-5,3.5E-6,6.4E-7,2.4000000000000003E-7,M1,3.686E-5,9.25E-7,2.4000000000000003E-7,6.4E-7,M1,4.397E-5,1.0880000000000001E-5,2.4000000000000003E-7,6.4E-7,M1,1.985E-5,4.2900000000000004E-6,2.4000000000000003E-7,6.4E-7,M1,1.643E-5,1.326E-5,6.4E-7,2.4000000000000003E-7,M1,6.23E-5,1.1410000000000001E-5,2.4000000000000003E-7,6.4E-7,M1,6.204E-5,1.537E-5,2.4000000000000003E-7,6.4E-7,M1,4.619E-5,1.544E-5,2.4000000000000003E-7,6.4E-7,M1,4.9120000000000004E-5,1.711E-5,2.4000000000000003E-7,6.4E-7,M1,1.336E-5,1.711E-5,2.4000000000000003E-7,6.4E-7,M1,1.629E-5,1.544E-5,2.4000000000000003E-7,6.4E-7,M1,4.855E-5,1.4230000000000001E-5,6.4E-7,2.4000000000000003E-7,M1,4.531E-5,1.3995E-5,2.4000000000000003E-7,6.4E-7,M1,4.535E-5,1.4E-5,1.6E-7,3.9500000000000003E-7,M1,3.1600000000000002E-6,5.2E-7,2.4000000000000003E-7,6.4E-7,M1,3.35E-6,1.4930000000000001E-5,2.4000000000000003E-7,6.4E-7,M1,2.7040000000000002E-5,1.365E-6,2.4000000000000003E-7,6.4E-7,M1,2.15E-5,1.32E-6,2.4000000000000003E-7,6.4E-7,M1,2.318E-5,2.0E-8,6.4E-7,2.4000000000000003E-7,M1,3.8900000000000004E-5,2.0E-8,6.4E-7,2.4000000000000003E-7,M1,1.911E-5,3.59E-6,6.4E-7,2.4000000000000003E-7,M1,2.606E-5,2.31E-6,6.4E-7,2.4000000000000003E-7,M1,2.934E-5,2.31E-6,6.4E-7,2.4000000000000003E-7,M1,4.911E-5,3.5E-6,6.4E-7,2.4000000000000003E-7,M1,4.535E-5,1.588E-5,1.6E-7,8.6E-7,M1,4.535E-5,1.658E-5,5.1E-7,1.6E-7,M1,3.04E-5,1.805E-6,1.9200000000000003E-6,1.6E-7,M1,5.932E-5,5.2E-7,2.4000000000000003E-7,6.4E-7,M1,5.913E-5,1.4930000000000001E-5,2.4000000000000003E-7,6.4E-7,M1,1.393E-5,4.68E-6,1.9200000000000003E-6,1.6E-7,M1,1.569E-5,4.68E-6,1.6E-7,2.5E-7,M1,4.6870000000000004E-5,4.68E-6,1.6E-7,2.5E-7,M1,4.6870000000000004E-5,4.68E-6,1.9200000000000003E-6,1.6E-7,M1,1.721E-5,1.588E-5,1.6E-7,8.6E-7,M1,1.686E-5,1.658E-5,5.1E-7,1.6E-7,M2,4.094E-5,1.28E-6,3.2E-7,7.2E-7,M2,3.54E-5,1.325E-6,3.2E-7,7.2E-7,M2,4.567E-5,1.328E-5,6.0E-7,2.0E-7,M2,4.567E-5,4.31E-6,2.0E-7,9.17E-6,M2,4.265E-5,4.31E-6,3.22E-6,2.0E-7,M2,4.265E-5,4.31E-6,2.0E-7,6.0E-7,M2,2.0E-7,1.143E-5,2.0E-7,6.0E-7,M2,2.0E-7,1.183E-5,4.6E-7,2.0E-7,M2,4.6E-7,1.183E-5,2.0E-7,3.76E-6,M2,4.6E-7,1.539E-5,2.0E-7,6.0E-7,M2,4.6150000000000004E-5,1.54E-5,3.2E-7,7.2E-7,M2,1.6250000000000002E-5,1.54E-5,3.2E-7,7.2E-7,M2,1.355E-5,1.425E-5,6.0E-7,2.0E-7,M2,1.395E-5,1.425E-5,3.44E-6,2.0E-7,M2,1.719E-5,1.4215E-5,2.0E-7,2.35E-7,M2,1.719E-5,1.4015E-5,2.0E-7,6.0E-7,M2,3.276E-5,2.33E-6,6.0E-7,2.0E-7,M2,3.276E-5,2.33E-6,2.0E-7,9.5E-7,M2,1.339E-5,3.08E-6,1.957E-5,2.0E-7,M2,1.339E-5,3.08E-6,2.0E-7,6.4E-7,M2,1.2990000000000001E-5,3.52E-6,6.0E-7,2.0E-7,M2,3.688E-5,9.450000000000001E-7,2.0E-7,6.0E-7,M2,3.688E-5,1.345E-6,2.0E-7,1.0155E-5,M2,3.688E-5,1.13E-5,7.31E-6,2.0E-7,M2,4.3990000000000004E-5,1.09E-5,2.0E-7,6.0E-7,M2,1.987E-5,4.31E-6,2.0E-7,6.0E-7,M2,1.987E-5,4.31E-6,2.0E-7,9.17E-6,M2,1.685E-5,1.328E-5,3.22E-6,2.0E-7,M2,1.645E-5,1.328E-5,6.0E-7,2.0E-7,M2,6.232E-5,1.143E-5,2.0E-7,6.0E-7,M2,6.206E-5,1.183E-5,4.6E-7,2.0E-7,M2,6.206E-5,1.183E-5,2.0E-7,3.76E-6,M2,6.206E-5,1.539E-5,2.0E-7,6.0E-7,M2,4.6150000000000004E-5,1.54E-5,3.2E-7,7.2E-7,M2,4.908E-5,1.707E-5,3.2E-7,7.2E-7,M2,1.332E-5,1.707E-5,3.2E-7,7.2E-7,M2,1.6250000000000002E-5,1.54E-5,3.2E-7,7.2E-7,M2,4.8570000000000004E-5,1.425E-5,6.0E-7,2.0E-7,M2,4.533E-5,1.425E-5,3.44E-6,2.0E-7,M2,4.533E-5,1.4215E-5,2.0E-7,2.35E-7,M2,4.533E-5,1.4015E-5,2.0E-7,6.0E-7,M2,3.18E-6,5.4E-7,2.0E-7,6.0E-7,M2,3.18E-6,5.4E-7,3.9E-7,2.0E-7,M2,3.37E-6,5.4E-7,2.0E-7,1.461E-5,M2,3.37E-6,1.4950000000000001E-5,2.0E-7,6.0E-7,M2,2.7060000000000002E-5,1.385E-6,2.0E-7,6.0E-7,M2,2.152E-5,1.785E-6,5.74E-6,2.0E-7,M2,2.152E-5,1.74E-6,2.0E-7,2.45E-7,M2,2.152E-5,1.34E-6,2.0E-7,6.0E-7,M2,2.32E-5,4.0E-8,6.0E-7,2.0E-7,M2,2.36E-5,4.0E-8,1.552E-5,2.0E-7,M2,3.892E-5,4.0E-8,6.0E-7,2.0E-7,M2,1.9070000000000002E-5,3.55E-6,7.2E-7,3.2E-7,M2,2.602E-5,2.27E-6,7.2E-7,3.2E-7,M2,2.93E-5,2.27E-6,7.2E-7,3.2E-7,M2,4.907E-5,3.46E-6,7.2E-7,3.2E-7,M2,5.9340000000000004E-5,5.4E-7,2.0E-7,6.0E-7,M2,5.915E-5,5.4E-7,3.9E-7,2.0E-7,M2,5.915E-5,5.4E-7,2.0E-7,1.461E-5,M2,5.915E-5,1.4950000000000001E-5,2.0E-7,6.0E-7,M3,4.1E-5,1.34E-6,2.0E-7,6.0E-7,M3,4.1E-5,1.74E-6,2.0E-7,2.45E-7,M3,3.546E-5,1.785E-6,5.74E-6,2.0E-7,M3,3.546E-5,1.385E-6,2.0E-7,6.0E-7,M3,4.621E-5,1.546E-5,2.0E-7,6.0E-7,M3,1.631E-5,1.586E-5,3.01E-5,2.0E-7,M3,1.631E-5,1.546E-5,2.0E-7,6.0E-7,M3,4.621E-5,1.546E-5,2.0E-7,6.0E-7,M3,4.621E-5,1.586E-5,3.13E-6,2.0E-7,M3,4.914E-5,1.586E-5,2.0E-7,1.87E-6,M3,4.914E-5,1.713E-5,2.0E-7,6.0E-7,M3,1.338E-5,1.713E-5,2.0E-7,6.0E-7,M3,1.338E-5,1.586E-5,2.0E-7,1.87E-6,M3,1.338E-5,1.586E-5,3.13E-6,2.0E-7,M3,1.631E-5,1.546E-5,2.0E-7,6.0E-7,M3,1.9070000000000002E-5,3.55E-6,7.2E-7,3.2E-7,M3,2.602E-5,2.27E-6,7.2E-7,3.2E-7,M3,2.936E-5,2.33E-6,6.0E-7,2.0E-7,M3,2.976E-5,2.33E-6,2.0E-7,9.5E-7,M3,2.976E-5,3.08E-6,1.957E-5,2.0E-7,M3,4.913E-5,3.08E-6,2.0E-7,6.4E-7,M3,4.913E-5,3.52E-6,6.0E-7,2.0E-7,M4,1.9070000000000002E-5,3.55E-6,7.2E-7,3.2E-7,M4,2.602E-5,2.27E-6,7.2E-7,3.2E-7,M5,1.913E-5,3.61E-6,6.0E-7,2.0E-7,M5,1.953E-5,3.61E-6,6.75E-6,2.0E-7,M5,2.608E-5,2.33E-6,2.0E-7,1.48E-6,M5,2.608E-5,2.33E-6,6.0E-7,2.0E-7,
M1,3.31E-6,6.6E-7,2.4000000000000003E-7,6.4E-7,M1,3.53E-6,1.5555E-5,2.4000000000000003E-7,6.4E-7,M1,4.636E-5,1.6035E-5,2.28E-6,1.6E-7,M1,4.584E-5,1.4895E-5,3.32E-6,1.6E-7,M1,1.636E-5,1.6035E-5,2.28E-6,1.6E-7,M1,4.629E-5,4.96E-6,1.9200000000000003E-6,1.6E-7,M1,6.432000000000001E-5,1.5995000000000002E-5,2.4000000000000003E-7,6.4E-7,M1,6.458E-5,1.2035E-5,2.4000000000000003E-7,6.4E-7,M1,4.853E-5,1.3575E-5,6.4E-7,2.4000000000000003E-7,M1,3.048E-5,2.31E-6,6.4E-7,2.4000000000000003E-7,M1,3.392E-5,2.35E-6,1.6E-7,1.1425E-5,M1,1.6270000000000002E-5,1.3615000000000001E-5,1.781E-5,1.6E-7,M1,4.4E-7,1.5995000000000002E-5,2.4000000000000003E-7,6.4E-7,M1,1.8E-7,1.2035E-5,2.4000000000000003E-7,6.4E-7,M1,1.679E-5,4.96E-6,1.9200000000000003E-6,1.6E-7,M1,3.783E-5,1.365E-6,1.6E-7,5.745E-6,M1,3.779E-5,6.91E-6,1.04E-6,2.4000000000000003E-7,M1,3.779E-5,6.11E-6,2.4000000000000003E-7,1.04E-6,M1,3.989E-5,6.51E-6,2.4000000000000003E-7,6.4E-7,M1,4.206E-5,1.46E-6,2.4000000000000003E-7,6.4E-7,M1,3.6440000000000003E-5,1.365E-6,2.4000000000000003E-7,6.4E-7,M1,4.513E-5,1.4855000000000001E-5,6.4E-7,2.4000000000000003E-7,M1,4.544E-5,1.5555E-5,2.4000000000000003E-7,6.4E-7,M1,3.9200000000000004E-5,3.7800000000000002E-6,6.4E-7,2.4000000000000003E-7,M1,3.599E-5,2.31E-6,6.4E-7,2.4000000000000003E-7,M1,2.006E-5,1.682E-5,2.488E-5,1.6E-7,M1,2.491E-5,6.95E-6,2.26E-6,1.6E-7,M1,2.701E-5,1.365E-6,1.6E-7,5.745E-6,M1,2.832E-5,1.365E-6,2.4000000000000003E-7,6.4E-7,M1,2.27E-5,1.46E-6,2.4000000000000003E-7,6.4E-7,M1,2.516E-5,3.7800000000000002E-6,6.4E-7,2.4000000000000003E-7,M1,2.837E-5,2.31E-6,6.4E-7,2.4000000000000003E-7,M1,1.932E-5,1.5555E-5,2.4000000000000003E-7,6.4E-7,M1,1.923E-5,1.4855000000000001E-5,6.4E-7,2.4000000000000003E-7,M1,1.947E-5,1.4855000000000001E-5,6.4E-7,2.4000000000000003E-7,M1,1.967E-5,4.48E-6,2.4000000000000003E-7,1.04E-6,M1,1.967E-5,4.48E-6,1.04E-6,2.4000000000000003E-7,M1,1.971E-5,4.52E-6,2.1E-7,1.6E-7,M1,1.584E-5,1.4895E-5,3.32E-6,1.6E-7,M1,4.489E-5,1.4855000000000001E-5,6.4E-7,2.4000000000000003E-7,M1,4.429E-5,4.48E-6,1.04E-6,2.4000000000000003E-7,M1,4.5090000000000004E-5,4.48E-6,2.4000000000000003E-7,1.04E-6,M1,4.508E-5,4.52E-6,2.1E-7,1.6E-7,M1,6.145E-5,6.6E-7,2.4000000000000003E-7,6.4E-7,M1,6.123E-5,1.5555E-5,2.4000000000000003E-7,6.4E-7,M1,3.154E-5,1.805E-6,1.9200000000000003E-6,1.6E-7,M1,1.671E-5,2.0E-8,6.4E-7,2.4000000000000003E-7,M1,3.983E-5,2.0E-8,6.4E-7,2.4000000000000003E-7,M2,3.33E-6,6.800000000000001E-7,2.0E-7,6.0E-7,M2,3.33E-6,6.800000000000001E-7,2.0E-7,1.5095E-5,M2,3.33E-6,1.5575E-5,4.2E-7,2.0E-7,M2,3.55E-6,1.5575E-5,2.0E-7,6.0E-7,M2,6.434E-5,1.6015E-5,2.0E-7,6.0E-7,M2,6.434E-5,1.2455E-5,2.0E-7,3.76E-6,M2,6.434E-5,1.2455E-5,4.6E-7,2.0E-7,M2,6.46E-5,1.2055E-5,2.0E-7,6.0E-7,M2,4.849E-5,1.3535E-5,7.2E-7,3.2E-7,M2,3.044E-5,2.27E-6,7.2E-7,3.2E-7,M2,4.6E-7,1.6015E-5,2.0E-7,6.0E-7,M2,4.6E-7,1.2455E-5,2.0E-7,3.76E-6,M2,2.0E-7,1.2455E-5,4.6E-7,2.0E-7,M2,2.0E-7,1.2055E-5,2.0E-7,6.0E-7,M2,3.775E-5,6.87E-6,1.12E-6,3.2E-7,M2,3.775E-5,6.07E-6,3.2E-7,1.12E-6,M2,3.985E-5,6.47E-6,3.2E-7,7.2E-7,M2,4.2080000000000004E-5,1.48E-6,2.0E-7,6.0E-7,M2,3.646E-5,1.88E-6,5.82E-6,2.0E-7,M2,3.646E-5,1.785E-6,2.0E-7,2.95E-7,M2,3.646E-5,1.385E-6,2.0E-7,6.0E-7,M2,4.515E-5,1.4875E-5,6.0E-7,2.0E-7,M2,4.535E-5,1.4875E-5,2.0E-7,9.000000000000001E-7,M2,4.535E-5,1.5575E-5,3.1E-7,2.0E-7,M2,4.546E-5,1.5575E-5,2.0E-7,6.0E-7,M2,3.922E-5,3.8E-6,6.0E-7,2.0E-7,M2,3.922E-5,2.33E-6,2.0E-7,1.67E-6,M2,3.621E-5,2.33E-6,3.21E-6,2.0E-7,M2,3.601E-5,2.33E-6,6.0E-7,2.0E-7,M2,2.828E-5,1.325E-6,3.2E-7,7.2E-7,M2,2.266E-5,1.42E-6,3.2E-7,7.2E-7,M2,2.518E-5,3.8E-6,6.0E-7,2.0E-7,M2,2.558E-5,2.33E-6,2.0E-7,1.67E-6,M2,2.558E-5,2.33E-6,3.21E-6,2.0E-7,M2,2.839E-5,2.33E-6,6.0E-7,2.0E-7,M2,1.934E-5,1.5575E-5,2.0E-7,6.0E-7,M2,1.934E-5,1.4875E-5,2.0E-7,9.000000000000001E-7,M2,1.934E-5,1.4875E-5,3.1E-7,2.0E-7,M2,1.925E-5,1.4875E-5,6.0E-7,2.0E-7,M2,1.949E-5,1.4875E-5,6.0E-7,2.0E-7,M2,1.969E-5,4.5E-6,2.0E-7,1.0575E-5,M2,1.969E-5,4.5E-6,2.0E-7,1.0E-6,M2,1.969E-5,4.5E-6,1.0E-6,2.0E-7,M2,4.491E-5,1.4875E-5,6.0E-7,2.0E-7,M2,4.511E-5,4.5E-6,2.0E-7,1.0575E-5,M2,4.431E-5,4.5E-6,1.0E-6,2.0E-7,M2,4.511E-5,4.5E-6,2.0E-7,1.0E-6,M2,6.147E-5,6.800000000000001E-7,2.0E-7,6.0E-7,M2,6.147E-5,6.800000000000001E-7,2.0E-7,1.5095E-5,M2,6.125E-5,1.5575E-5,4.2E-7,2.0E-7,M2,6.125E-5,1.5575E-5,2.0E-7,6.0E-7,M2,1.673E-5,4.0E-8,6.0E-7,2.0E-7,M2,1.693E-5,4.0E-8,2.312E-5,2.0E-7,M2,3.985E-5,4.0E-8,6.0E-7,2.0E-7,M3,4.849E-5,1.3535E-5,7.2E-7,3.2E-7,M3,3.044E-5,2.27E-6,7.2E-7,3.2E-7,M3,3.781E-5,6.9300000000000006E-6,1.0E-6,2.0E-7,M3,3.781E-5,6.13E-6,2.0E-7,1.0E-6,M3,3.781E-5,6.9300000000000006E-6,2.3E-6,2.0E-7,M3,3.991E-5,6.53E-6,2.0E-7,6.0E-7,M3,2.828E-5,1.325E-6,3.2E-7,7.2E-7,M3,2.828E-5,1.02E-6,3.2E-7,1.12E-6,M3,2.748E-5,1.82E-6,1.12E-6,3.2E-7,M3,2.272E-5,1.88E-6,5.82E-6,2.0E-7,M3,2.272E-5,1.48E-6,2.0E-7,6.0E-7,M4,4.855E-5,1.3595000000000001E-5,6.0E-7,2.0E-7,M4,3.09E-5,1.3595000000000001E-5,1.785E-5,2.0E-7,M4,3.09E-5,2.33E-6,2.0E-7,1.1465E-5,M4,3.05E-5,2.33E-6,6.0E-7,2.0E-7,M4,2.834E-5,1.385E-6,2.0E-7,6.0E-7,M4,2.834E-5,1.785E-6,2.0E-7,2.95E-7,M4,2.834E-5,1.08E-6,2.0E-7,1.0E-6,M4,2.754E-5,1.88E-6,1.0E-6,2.0E-7,
M1,2.2440000000000002E-5,7.85E-6,1.6E-7,4.405E-6,M1,2.24E-5,7.81E-6,2.4000000000000003E-7,1.04E-6,M1,2.24E-5,7.81E-6,1.04E-6,2.4000000000000003E-7,M1,2.326E-5,7.41E-6,2.4000000000000003E-7,6.4E-7,M1,1.101E-5,4.6E-6,2.4000000000000003E-7,6.4E-7,M1,8.19E-6,4.7E-6,2.4000000000000003E-7,6.4E-7,M1,2.87E-5,1.2755E-5,2.4000000000000003E-7,6.4E-7,M1,2.845E-5,9.1E-7,2.4000000000000003E-7,6.4E-7,M1,1.648E-5,1.4220000000000001E-5,5.06E-6,1.6E-7,M1,2.963E-5,4.6400000000000005E-6,1.6E-7,2.6E-7,M1,2.879E-5,4.6E-6,1.04E-6,2.4000000000000003E-7,M1,2.959E-5,4.6E-6,2.4000000000000003E-7,1.04E-6,M1,2.677E-5,4.6E-6,2.4000000000000003E-7,6.4E-7,M1,1.8E-7,9.235E-6,2.4000000000000003E-7,6.4E-7,M1,4.4E-7,1.3195E-5,2.4000000000000003E-7,6.4E-7,M1,1.225E-5,1.74E-6,1.6E-7,2.1E-7,M1,8.2E-6,1.79E-6,4.21E-6,1.6E-7,M1,3.734E-5,1.3195E-5,2.4000000000000003E-7,6.4E-7,M1,3.76E-5,9.235E-6,2.4000000000000003E-7,6.4E-7,M1,1.486E-5,1.378E-5,2.4000000000000003E-7,6.4E-7,M1,1.19E-5,1.5775E-5,2.4000000000000003E-7,6.4E-7,M1,1.254E-5,1.2095E-5,3.04E-6,1.6E-7,M1,1.699E-5,2.18E-6,6.4E-7,2.4000000000000003E-7,M1,3.5865E-5,1.0775000000000001E-5,6.4E-7,2.4000000000000003E-7,M1,2.561E-5,1.79E-6,4.21E-6,1.6E-7,M1,2.561E-5,1.74E-6,1.6E-7,2.1E-7,M1,1.221E-5,8.95E-6,6.4E-7,2.4000000000000003E-7,M1,1.2175E-5,2.18E-6,6.4E-7,2.4000000000000003E-7,M1,2.197E-5,1.2095E-5,1.6E-7,8.6E-7,M1,2.197E-5,1.2795E-5,2.7E-7,1.6E-7,M1,1.5890000000000002E-5,1.2095E-5,1.6E-7,8.6E-7,M1,1.578E-5,1.2795E-5,2.7E-7,1.6E-7,M1,1.452E-5,7.41E-6,2.4000000000000003E-7,6.4E-7,M1,1.5380000000000002E-5,1.2055E-5,6.4E-7,2.4000000000000003E-7,M1,9.08E-6,1.2755E-5,2.4000000000000003E-7,6.4E-7,M1,9.33E-6,9.1E-7,2.4000000000000003E-7,6.4E-7,M1,2.588E-5,1.5775E-5,2.4000000000000003E-7,6.4E-7,M1,2.292E-5,1.378E-5,2.4000000000000003E-7,6.4E-7,M1,2.039E-5,2.18E-6,6.4E-7,2.4000000000000003E-7,M1,1.5150000000000001E-6,1.0775000000000001E-5,6.4E-7,2.4000000000000003E-7,M1,2.889E-5,2.0E-8,6.4E-7,2.4000000000000003E-7,M1,8.49E-6,2.0E-8,6.4E-7,2.4000000000000003E-7,M1,1.093E-5,8.6E-7,2.4000000000000003E-7,6.4E-7,M1,1.101E-5,4.6E-6,2.4000000000000003E-7,6.4E-7,M1,2.6850000000000002E-5,8.6E-7,2.4000000000000003E-7,6.4E-7,M1,2.677E-5,4.6E-6,2.4000000000000003E-7,6.4E-7,M1,2.5205E-5,2.18E-6,6.4E-7,2.4000000000000003E-7,M1,2.517E-5,8.95E-6,6.4E-7,2.4000000000000003E-7,M1,1.805E-5,1.74E-6,1.9200000000000003E-6,1.6E-7,M1,2.2440000000000002E-5,1.2095E-5,3.04E-6,1.6E-7,M2,2.242E-5,7.83E-6,2.0E-7,1.0E-6,M2,2.242E-5,7.83E-6,1.0E-6,2.0E-7,M2,2.242E-5,7.83E-6,1.06E-6,2.0E-7,M2,2.328E-5,7.43E-6,2.0E-7,6.0E-7,M2,1.103E-5,4.62E-6,2.0E-7,6.0E-7,M2,8.210000000000001E-6,4.62E-6,3.02E-6,2.0E-7,M2,8.15E-6,4.56E-6,3.2E-7,1.12E-6,M2,8.15E-6,4.56E-6,1.12E-6,3.2E-7,M2,8.15E-6,4.66E-6,3.2E-7,7.2E-7,M2,2.866E-5,1.2715000000000001E-5,3.2E-7,7.2E-7,M2,2.841E-5,8.7E-7,3.2E-7,7.2E-7,M2,2.881E-5,4.62E-6,1.0E-6,2.0E-7,M2,2.961E-5,4.62E-6,2.0E-7,1.0E-6,M2,2.679E-5,4.62E-6,3.02E-6,2.0E-7,M2,2.679E-5,4.62E-6,2.0E-7,6.0E-7,M2,1.4E-7,9.195000000000001E-6,3.2E-7,7.2E-7,M2,4.0E-7,1.3155E-5,3.2E-7,7.2E-7,M2,3.73E-5,1.3155E-5,3.2E-7,7.2E-7,M2,3.756E-5,9.195000000000001E-6,3.2E-7,7.2E-7,M2,1.482E-5,1.374E-5,3.2E-7,7.2E-7,M2,1.186E-5,1.5735E-5,3.2E-7,7.2E-7,M2,1.6950000000000002E-5,2.14E-6,7.2E-7,3.2E-7,M2,3.5825000000000003E-5,1.0735E-5,7.2E-7,3.2E-7,M2,1.223E-5,8.97E-6,6.0E-7,2.0E-7,M2,1.243E-5,2.2E-6,2.0E-7,6.97E-6,M2,1.2395E-5,2.2E-6,2.35E-7,2.0E-7,M2,1.2195000000000001E-5,2.2E-6,6.0E-7,2.0E-7,M2,1.454E-5,7.43E-6,2.0E-7,6.0E-7,M2,1.454E-5,7.83E-6,2.0E-7,4.445E-6,M2,1.454E-5,1.2075E-5,1.06E-6,2.0E-7,M2,1.54E-5,1.2075E-5,6.0E-7,2.0E-7,M2,9.04E-6,1.2715000000000001E-5,3.2E-7,7.2E-7,M2,9.29E-6,8.7E-7,3.2E-7,7.2E-7,M2,2.584E-5,1.5735E-5,3.2E-7,7.2E-7,M2,2.288E-5,1.374E-5,3.2E-7,7.2E-7,M2,2.035E-5,2.14E-6,7.2E-7,3.2E-7,M2,1.396E-5,9.935E-6,3.2E-7,1.12E-6,M2,1.3160000000000001E-5,1.0735E-5,1.12E-6,3.2E-7,M2,1.7350000000000001E-6,1.0795E-5,1.2485E-5,2.0E-7,M2,1.5350000000000001E-6,1.0795E-5,6.0E-7,2.0E-7,M2,2.891E-5,4.0E-8,6.0E-7,2.0E-7,M2,8.91E-6,4.0E-8,2.02E-5,2.0E-7,M2,8.51E-6,4.0E-8,6.0E-7,2.0E-7,M2,1.095E-5,8.8E-7,2.0E-7,6.0E-7,M2,1.095E-5,1.28E-6,2.0E-7,3.54E-6,M2,1.095E-5,4.62E-6,2.8E-7,2.0E-7,M2,1.103E-5,4.62E-6,2.0E-7,6.0E-7,M2,2.6870000000000002E-5,8.8E-7,2.0E-7,6.0E-7,M2,2.6870000000000002E-5,1.28E-6,2.0E-7,3.54E-6,M2,2.679E-5,4.62E-6,2.8E-7,2.0E-7,M2,2.679E-5,4.62E-6,2.0E-7,6.0E-7,M2,2.5165E-5,2.14E-6,7.2E-7,3.2E-7,M2,2.5365000000000002E-5,8.11E-6,3.2E-7,1.12E-6,M2,2.4565E-5,8.91E-6,1.12E-6,3.2E-7,M2,2.539E-5,8.97E-6,2.35E-7,2.0E-7,M2,2.519E-5,8.97E-6,6.0E-7,2.0E-7,M3,8.210000000000001E-6,4.62E-6,2.0E-7,1.0E-6,M3,8.210000000000001E-6,4.62E-6,1.0E-6,2.0E-7,M3,8.210000000000001E-6,4.62E-6,2.0E-7,3.0E-7,M3,8.210000000000001E-6,4.72E-6,2.0E-7,6.0E-7,M3,2.866E-5,1.2715000000000001E-5,3.2E-7,7.2E-7,M3,2.786E-5,1.2700000000000001E-6,1.12E-6,3.2E-7,M3,2.866E-5,1.2700000000000001E-6,3.2E-7,1.12E-6,M3,2.847E-5,1.33E-6,4.5000000000000003E-7,2.0E-7,M3,2.847E-5,9.3E-7,2.0E-7,6.0E-7,M3,2.0E-7,9.255E-6,2.0E-7,6.0E-7,M3,2.0E-7,9.655E-6,2.0E-7,3.76E-6,M3,2.0E-7,1.3215E-5,4.6E-7,2.0E-7,M3,4.6E-7,1.3215E-5,2.0E-7,6.0E-7,M3,3.736E-5,1.3215E-5,2.0E-7,6.0E-7,M3,3.736E-5,1.3215E-5,4.6E-7,2.0E-7,M3,3.762E-5,9.655E-6,2.0E-7,3.76E-6,M3,3.762E-5,9.255E-6,2.0E-7,6.0E-7,M3,1.488E-5,1.38E-5,2.0E-7,6.0E-7,M3,1.1920000000000001E-5,1.42E-5,3.1600000000000002E-6,2.0E-7,M3,1.1920000000000001E-5,1.42E-5,2.0E-7,2.195E-6,M3,1.1920000000000001E-5,1.5795E-5,2.0E-7,6.0E-7,M3,1.6950000000000002E-5,2.14E-6,7.2E-7,3.2E-7,M3,2.374E-5,1.0735E-5,1.12E-6,3.2E-7,M3,2.374E-5,9.935E-6,3.2E-7,1.12E-6,M3,2.38E-5,1.0795E-5,1.2485E-5,2.0E-7,M3,3.5885E-5,1.0795E-5,6.0E-7,2.0E-7,M3,9.04E-6,1.2715000000000001E-5,3.2E-7,7.2E-7,M3,9.04E-6,1.2700000000000001E-6,3.2E-7,1.12E-6,M3,9.04E-6,1.2700000000000001E-6,1.12E-6,3.2E-7,M3,9.100000000000001E-6,1.33E-6,4.5000000000000003E-7,2.0E-7,M3,9.35E-6,9.3E-7,2.0E-7,6.0E-7,M3,2.59E-5,1.5795E-5,2.0E-7,6.0E-7,M3,2.59E-5,1.42E-5,2.0E-7,2.195E-6,M3,2.294E-5,1.42E-5,3.1600000000000002E-6,2.0E-7,M3,2.294E-5,1.38E-5,2.0E-7,6.0E-7,M3,2.041E-5,2.2E-6,6.0E-7,2.0E-7,M3,2.041E-5,2.2E-6,2.0E-7,8.220000000000001E-6,M3,1.402E-5,1.022E-5,6.5900000000000004E-6,2.0E-7,M3,1.402E-5,1.022E-5,2.0E-7,7.75E-7,M3,1.402E-5,9.995E-6,2.0E-7,1.0E-6,M3,1.322E-5,1.0795E-5,1.0E-6,2.0E-7,M3,2.5225E-5,2.2E-6,6.0E-7,2.0E-7,M3,2.5425E-5,2.2E-6,2.0E-7,6.97E-6,M3,2.5425E-5,8.17E-6,2.0E-7,1.0E-6,M3,2.4625E-5,8.97E-6,1.0E-6,2.0E-7,M4,2.872E-5,1.2775E-5,2.0E-7,6.0E-7,M4,2.872E-5,1.33E-6,2.0E-7,1.1645E-5,M4,2.792E-5,1.33E-6,1.0E-6,2.0E-7,M4,2.872E-5,1.33E-6,2.0E-7,1.0E-6,M4,1.701E-5,2.2E-6,6.0E-7,2.0E-7,M4,1.741E-5,2.2E-6,2.0E-7,8.220000000000001E-6,M4,1.741E-5,1.022E-5,6.5900000000000004E-6,2.0E-7,M4,2.38E-5,1.022E-5,2.0E-7,7.75E-7,M4,2.38E-5,1.0795E-5,1.0E-6,2.0E-7,M4,2.38E-5,9.995E-6,2.0E-7,1.0E-6,M4,9.100000000000001E-6,1.2775E-5,2.0E-7,6.0E-7,M4,9.100000000000001E-6,1.33E-6,2.0E-7,1.1645E-5,M4,9.100000000000001E-6,1.33E-6,2.0E-7,1.0E-6,M4,9.100000000000001E-6,1.33E-6,1.0E-6,2.0E-7,
M1,1.667E-5,8.845000000000001E-6,2.4000000000000003E-7,6.4E-7,M1,1.637E-5,1.118E-5,6.4E-7,2.4000000000000003E-7,M1,1.558E-5,1.1220000000000001E-5,1.19E-6,1.6E-7,M1,1.558E-5,1.1220000000000001E-5,1.6E-7,6.45E-7,M1,3.2900000000000003E-6,1.405E-6,2.4000000000000003E-7,6.4E-7,M1,3.32E-6,1.8195E-5,2.4000000000000003E-7,6.4E-7,M1,1.827E-5,8.845000000000001E-6,2.4000000000000003E-7,6.4E-7,M1,1.817E-5,1.118E-5,6.4E-7,2.4000000000000003E-7,M1,1.841E-5,1.1220000000000001E-5,1.19E-6,1.6E-7,M1,1.944E-5,1.1220000000000001E-5,1.6E-7,6.45E-7,M1,2.206E-5,5.405E-6,1.9200000000000003E-6,1.6E-7,M1,1.116E-5,5.365E-6,2.4000000000000003E-7,6.4E-7,M1,7.71E-6,5.65E-7,2.4000000000000003E-7,6.4E-7,M1,2.12E-5,1.403E-5,1.6E-7,3.665E-6,M1,2.036E-5,1.399E-5,1.04E-6,2.4000000000000003E-7,M1,2.116E-5,1.399E-5,2.4000000000000003E-7,1.04E-6,M1,2.072E-5,1.399E-5,6.4E-7,2.4000000000000003E-7,M1,2.378E-5,5.365E-6,2.4000000000000003E-7,6.4E-7,M1,2.7230000000000002E-5,5.65E-7,2.4000000000000003E-7,6.4E-7,M1,4.4E-7,1.8635E-5,2.4000000000000003E-7,6.4E-7,M1,1.8E-7,1.4675000000000001E-5,2.4000000000000003E-7,6.4E-7,M1,2.869E-5,1.365E-6,2.4000000000000003E-7,6.4E-7,M1,3.26E-5,1.8450000000000001E-6,2.4000000000000003E-7,6.4E-7,M1,2.99E-6,2.9850000000000002E-6,2.9565E-5,1.6E-7,M1,1.4365E-5,1.1705E-5,1.6E-7,7.2E-7,M1,1.432E-5,1.2265E-5,2.05E-7,1.6E-7,M1,3.476E-5,1.4675000000000001E-5,2.4000000000000003E-7,6.4E-7,M1,3.45E-5,1.8635E-5,2.4000000000000003E-7,6.4E-7,M1,2.34E-6,1.8450000000000001E-6,2.4000000000000003E-7,6.4E-7,M1,6.25E-6,1.365E-6,2.4000000000000003E-7,6.4E-7,M1,2.43E-5,1.6215E-5,6.4E-7,2.4000000000000003E-7,M1,1.5645E-5,1.0385E-5,6.4E-7,2.4000000000000003E-7,M1,2.0700000000000002E-5,1.1705E-5,1.6E-7,7.2E-7,M1,2.0655E-5,1.1705E-5,2.05E-7,1.6E-7,M1,1.12E-5,5.405E-6,1.9200000000000003E-6,1.6E-7,M1,1.4060000000000001E-5,1.403E-5,1.6E-7,3.665E-6,M1,1.402E-5,1.6695000000000002E-5,2.4000000000000003E-7,1.04E-6,M1,1.322E-5,1.7495E-5,1.04E-6,2.4000000000000003E-7,M1,1.338E-5,1.7495E-5,6.4E-7,2.4000000000000003E-7,M1,2.3520000000000002E-5,1.9585E-5,2.4000000000000003E-7,6.4E-7,M1,2.184E-5,1.303E-5,2.4000000000000003E-7,6.4E-7,M1,2.11E-5,4.225E-6,6.4E-7,2.4000000000000003E-7,M1,2.611E-5,2.31E-6,6.4E-7,2.4000000000000003E-7,M1,9.49E-6,1.805E-6,1.62E-5,1.6E-7,M1,1.8895E-5,1.0385E-5,6.4E-7,2.4000000000000003E-7,M1,1.024E-5,1.6215E-5,6.4E-7,2.4000000000000003E-7,M1,1.522E-5,1.347E-5,4.74E-6,1.6E-7,M1,3.1650000000000004E-5,1.405E-6,2.4000000000000003E-7,6.4E-7,M1,3.162E-5,1.8195E-5,2.4000000000000003E-7,6.4E-7,M1,8.43E-6,2.31E-6,6.4E-7,2.4000000000000003E-7,M1,1.344E-5,4.225E-6,6.4E-7,2.4000000000000003E-7,M1,1.142E-5,1.9585E-5,2.4000000000000003E-7,6.4E-7,M1,1.31E-5,1.303E-5,2.4000000000000003E-7,6.4E-7,M2,1.669E-5,8.865E-6,2.0E-7,6.0E-7,M2,1.669E-5,9.265E-6,2.0E-7,2.135E-6,M2,1.659E-5,1.12E-5,3.0E-7,2.0E-7,M2,1.639E-5,1.12E-5,6.0E-7,2.0E-7,M2,3.31E-6,1.4250000000000001E-6,2.0E-7,6.0E-7,M2,3.31E-6,1.825E-6,2.0E-7,1.659E-5,M2,3.31E-6,1.8215E-5,2.3E-7,2.0E-7,M2,3.34E-6,1.8215E-5,2.0E-7,6.0E-7,M2,1.829E-5,8.865E-6,2.0E-7,6.0E-7,M2,1.829E-5,9.265E-6,2.0E-7,2.135E-6,M2,1.829E-5,1.12E-5,3.0E-7,2.0E-7,M2,1.819E-5,1.12E-5,6.0E-7,2.0E-7,M2,1.118E-5,5.385E-6,2.0E-7,6.0E-7,M2,7.73E-6,5.385E-6,3.65E-6,2.0E-7,M2,7.73E-6,5.85E-7,2.0E-7,5.0E-6,M2,7.73E-6,5.85E-7,2.0E-7,6.0E-7,M2,2.038E-5,1.401E-5,1.0E-6,2.0E-7,M2,2.118E-5,1.401E-5,2.0E-7,1.0E-6,M2,2.094E-5,1.401E-5,4.4E-7,2.0E-7,M2,2.074E-5,1.401E-5,6.0E-7,2.0E-7,M2,2.38E-5,5.385E-6,2.0E-7,6.0E-7,M2,2.38E-5,5.385E-6,3.65E-6,2.0E-7,M2,2.725E-5,5.85E-7,2.0E-7,5.0E-6,M2,2.725E-5,5.85E-7,2.0E-7,6.0E-7,M2,4.0E-7,1.8595E-5,3.2E-7,7.2E-7,M2,1.4E-7,1.4635E-5,3.2E-7,7.2E-7,M2,2.8650000000000002E-5,1.325E-6,3.2E-7,7.2E-7,M2,3.256E-5,1.805E-6,3.2E-7,7.2E-7,M2,3.472E-5,1.4635E-5,3.2E-7,7.2E-7,M2,3.446E-5,1.8595E-5,3.2E-7,7.2E-7,M2,2.3E-6,1.805E-6,3.2E-7,7.2E-7,M2,6.21E-6,1.325E-6,3.2E-7,7.2E-7,M2,2.426E-5,1.6175E-5,7.2E-7,3.2E-7,M2,1.5605E-5,1.0345E-5,7.2E-7,3.2E-7,M2,1.4040000000000001E-5,1.6715000000000002E-5,2.0E-7,1.0E-6,M2,1.324E-5,1.7515E-5,1.0E-6,2.0E-7,M2,1.38E-5,1.7515E-5,4.4E-7,2.0E-7,M2,1.34E-5,1.7515E-5,6.0E-7,2.0E-7,M2,2.354E-5,1.9605E-5,2.0E-7,6.0E-7,M2,2.354E-5,1.345E-5,2.0E-7,6.7550000000000005E-6,M2,2.186E-5,1.345E-5,1.88E-6,2.0E-7,M2,2.186E-5,1.305E-5,2.0E-7,6.0E-7,M2,2.112E-5,4.245E-6,6.0E-7,2.0E-7,M2,2.152E-5,2.33E-6,2.0E-7,2.115E-6,M2,2.146E-5,2.27E-6,3.2E-7,1.12E-6,M2,2.146E-5,2.27E-6,1.12E-6,3.2E-7,M2,2.607E-5,2.27E-6,7.2E-7,3.2E-7,M2,1.8855E-5,1.0345E-5,7.2E-7,3.2E-7,M2,1.02E-5,1.6175E-5,7.2E-7,3.2E-7,M2,3.167E-5,1.4250000000000001E-6,2.0E-7,6.0E-7,M2,3.167E-5,1.825E-6,2.0E-7,1.659E-5,M2,3.164E-5,1.8215E-5,2.3E-7,2.0E-7,M2,3.164E-5,1.8215E-5,2.0E-7,6.0E-7,M2,8.390000000000001E-6,2.27E-6,7.2E-7,3.2E-7,M2,8.79E-6,4.185E-6,1.12E-6,3.2E-7,M2,8.79E-6,3.385E-6,3.2E-7,1.12E-6,M2,8.85E-6,4.245E-6,4.81E-6,2.0E-7,M2,1.346E-5,4.245E-6,6.0E-7,2.0E-7,M2,1.144E-5,1.9605E-5,2.0E-7,6.0E-7,M2,1.144E-5,1.345E-5,2.0E-7,6.7550000000000005E-6,M2,1.144E-5,1.345E-5,1.88E-6,2.0E-7,M2,1.312E-5,1.305E-5,2.0E-7,6.0E-7,M3,4.6E-7,1.8655E-5,2.0E-7,6.0E-7,M3,1.85E-7,1.8655E-5,4.75E-7,2.0E-7,M3,1.85E-7,1.5095E-5,2.0E-7,3.76E-6,M3,1.85E-7,1.5095E-5,2.15E-7,2.0E-7,M3,2.0E-7,1.4695E-5,2.0E-7,6.0E-7,M3,2.871E-5,1.385E-6,2.0E-7,6.0E-7,M3,2.871E-5,1.785E-6,2.0E-7,6.800000000000001E-7,M3,2.871E-5,2.265E-6,4.1100000000000005E-6,2.0E-7,M3,3.262E-5,1.8650000000000001E-6,2.0E-7,6.0E-7,M3,3.478E-5,1.4695E-5,2.0E-7,6.0E-7,M3,3.478E-5,1.5095E-5,2.15E-7,2.0E-7,M3,3.4795E-5,1.5095E-5,2.0E-7,3.76E-6,M3,3.452E-5,1.8655E-5,4.75E-7,2.0E-7,M3,3.452E-5,1.8655E-5,2.0E-7,6.0E-7,M3,2.36E-6,1.8650000000000001E-6,2.0E-7,6.0E-7,M3,2.36E-6,1.785E-6,2.0E-7,6.800000000000001E-7,M3,2.36E-6,1.785E-6,4.1100000000000005E-6,2.0E-7,M3,6.27E-6,1.385E-6,2.0E-7,6.0E-7,M3,2.426E-5,1.6175E-5,7.2E-7,3.2E-7,M3,1.5605E-5,1.0345E-5,7.2E-7,3.2E-7,M3,2.146E-5,2.27E-6,3.2E-7,1.12E-6,M3,2.146E-5,2.27E-6,1.12E-6,3.2E-7,M3,2.607E-5,2.27E-6,7.2E-7,3.2E-7,M3,1.8855E-5,1.0345E-5,7.2E-7,3.2E-7,M3,1.02E-5,1.6175E-5,7.2E-7,3.2E-7,M3,8.45E-6,2.33E-6,6.0E-7,2.0E-7,M3,8.85E-6,2.33E-6,2.0E-7,2.115E-6,M3,8.85E-6,4.245E-6,1.0E-6,2.0E-7,M3,8.85E-6,3.445E-6,2.0E-7,1.0E-6,M4,2.426E-5,1.6175E-5,7.2E-7,3.2E-7,M4,1.5605E-5,1.0345E-5,7.2E-7,3.2E-7,M4,2.152E-5,2.33E-6,2.0E-7,1.0E-6,M4,2.152E-5,2.33E-6,1.0E-6,2.0E-7,M4,2.152E-5,2.33E-6,4.81E-6,2.0E-7,M4,2.6130000000000002E-5,2.33E-6,6.0E-7,2.0E-7,M4,1.8855E-5,1.0345E-5,7.2E-7,3.2E-7,M4,1.9055E-5,1.5375E-5,3.2E-7,1.12E-6,M4,1.8255E-5,1.6175E-5,1.12E-6,3.2E-7,M4,1.066E-5,1.6235E-5,8.655000000000001E-6,2.0E-7,M4,1.026E-5,1.6235E-5,6.0E-7,2.0E-7,M5,2.426E-5,1.6175E-5,7.2E-7,3.2E-7,M5,1.5605E-5,1.0345E-5,7.2E-7,3.2E-7,M5,1.8915E-5,1.0405E-5,6.0E-7,2.0E-7,M5,1.9115E-5,1.0405E-5,2.0E-7,6.03E-6,M5,1.9115E-5,1.5435E-5,2.0E-7,1.0E-6,M5,1.8315E-5,1.6235E-5,1.0E-6,2.0E-7,M6,2.432E-5,1.6235E-5,6.0E-7,2.0E-7,M6,1.5865E-5,1.6235E-5,8.655000000000001E-6,2.0E-7,M6,1.5865E-5,1.0405E-5,2.0E-7,6.03E-6,M6,1.5665E-5,1.0405E-5,6.0E-7,2.0E-7,
M1,2.9180000000000002E-5,1.805E-6,1.6E-7,2.3E-7,M1,2.9180000000000002E-5,1.875E-6,4.78E-6,1.6E-7,M1,1.808E-5,1.044E-5,2.4000000000000003E-7,6.4E-7,M1,1.597E-5,1.326E-5,6.4E-7,2.4000000000000003E-7,M1,1.8E-7,1.312E-5,2.4000000000000003E-7,6.4E-7,M1,4.4E-7,1.708E-5,2.4000000000000003E-7,6.4E-7,M1,4.51E-6,2.485E-6,2.826E-5,1.6E-7,M1,1.1920000000000001E-5,1.045E-6,1.416E-5,1.6E-7,M1,1.2100000000000001E-5,4.77E-6,1.9200000000000003E-6,1.6E-7,M1,1.2100000000000001E-5,4.77E-6,1.6E-7,2.95E-7,M1,3.732E-5,1.708E-5,2.4000000000000003E-7,6.4E-7,M1,3.758E-5,1.312E-5,2.4000000000000003E-7,6.4E-7,M1,2.57E-5,4.865E-6,2.4000000000000003E-7,6.4E-7,M1,2.765E-5,5.65E-7,2.4000000000000003E-7,6.4E-7,M1,1.556E-5,1.33E-5,1.6E-7,8.4E-7,M1,1.556E-5,1.33E-5,2.05E-7,1.6E-7,M1,2.139E-5,1.326E-5,6.4E-7,2.4000000000000003E-7,M1,1.968E-5,1.044E-5,2.4000000000000003E-7,6.4E-7,M1,1.1580000000000001E-5,3.765E-6,9.21E-6,1.6E-7,M1,2.063E-5,3.63E-6,1.6E-7,2.95E-7,M1,2.398E-5,4.77E-6,1.9200000000000003E-6,1.6E-7,M1,2.574E-5,4.77E-6,1.6E-7,2.95E-7,M1,2.346E-5,1.518E-5,1.6E-7,3.91E-6,M1,2.346E-5,1.893E-5,3.08E-6,1.6E-7,M1,1.1580000000000001E-5,1.594E-5,6.4E-7,2.4000000000000003E-7,M1,1.496E-5,1.582E-5,6.4E-7,2.4000000000000003E-7,M1,8.66E-6,1.805E-6,1.6E-7,2.3E-7,M1,4.04E-6,1.875E-6,4.78E-6,1.6E-7,M1,1.011E-5,5.65E-7,2.4000000000000003E-7,6.4E-7,M1,1.1105E-5,4.865E-6,6.4E-7,2.4000000000000003E-7,M1,1.1345E-5,4.9050000000000005E-6,9.15E-7,1.6E-7,M1,2.2235E-5,1.33E-5,1.6E-7,8.4E-7,M1,2.2235E-5,1.398E-5,2.05E-7,1.6E-7,M1,2.654E-5,2.35E-6,1.6E-7,1.44E-6,M1,2.346E-5,3.63E-6,3.24E-6,1.6E-7,M1,1.438E-5,1.518E-5,1.6E-7,3.91E-6,M1,1.146E-5,1.893E-5,3.08E-6,1.6E-7,M1,1.646E-5,1.518E-5,5.0800000000000005E-6,1.6E-7,M1,1.434E-5,3.59E-6,6.4E-7,2.4000000000000003E-7,M1,1.354E-5,2.31E-6,1.04E-6,2.4000000000000003E-7,M1,1.434E-5,2.31E-6,2.4000000000000003E-7,1.04E-6,M1,1.13E-5,2.35E-6,3.24E-6,1.6E-7,M1,3.217E-5,1.435E-6,1.6E-7,1.5405E-5,M1,3.213E-5,1.664E-5,1.04E-6,2.4000000000000003E-7,M1,3.213E-5,1.584E-5,2.4000000000000003E-7,1.04E-6,M1,3.264E-5,1.664E-5,2.4000000000000003E-7,6.4E-7,M1,1.6970000000000002E-5,3.59E-6,6.4E-7,2.4000000000000003E-7,M1,2.622E-5,3.725E-6,6.4E-7,2.4000000000000003E-7,M1,2.24E-5,1.582E-5,6.4E-7,2.4000000000000003E-7,M1,2.578E-5,1.594E-5,6.4E-7,2.4000000000000003E-7,M1,5.12E-6,1.664E-5,2.4000000000000003E-7,6.4E-7,M1,5.63E-6,9.95E-7,2.4000000000000003E-7,6.4E-7,M2,1.81E-5,1.046E-5,2.0E-7,6.0E-7,M2,1.619E-5,1.0860000000000001E-5,2.11E-6,2.0E-7,M2,1.619E-5,1.0860000000000001E-5,2.0E-7,2.62E-6,M2,1.599E-5,1.328E-5,6.0E-7,2.0E-7,M2,1.4E-7,1.308E-5,3.2E-7,7.2E-7,M2,4.0E-7,1.704E-5,3.2E-7,7.2E-7,M2,3.728E-5,1.704E-5,3.2E-7,7.2E-7,M2,3.754E-5,1.308E-5,3.2E-7,7.2E-7,M2,2.566E-5,4.825E-6,3.2E-7,7.2E-7,M2,2.761E-5,5.250000000000001E-7,3.2E-7,7.2E-7,M2,2.135E-5,1.322E-5,7.2E-7,3.2E-7,M2,1.9640000000000002E-5,1.04E-5,3.2E-7,7.2E-7,M2,1.154E-5,1.59E-5,7.2E-7,3.2E-7,M2,1.4920000000000001E-5,1.5100000000000001E-5,3.2E-7,1.12E-6,M2,1.412E-5,1.59E-5,1.12E-6,3.2E-7,M2,1.498E-5,1.584E-5,2.0E-7,3.2E-7,M2,1.498E-5,1.584E-5,6.0E-7,2.0E-7,M2,1.013E-5,5.85E-7,2.0E-7,6.0E-7,M2,1.013E-5,5.85E-7,2.0E-7,4.5E-6,M2,1.013E-5,4.885E-6,1.395E-6,2.0E-7,M2,1.1125000000000001E-5,4.885E-6,6.0E-7,2.0E-7,M2,1.436E-5,3.61E-6,6.0E-7,2.0E-7,M2,1.436E-5,2.33E-6,2.0E-7,1.48E-6,M2,1.356E-5,2.33E-6,1.0E-6,2.0E-7,M2,1.436E-5,2.33E-6,2.0E-7,1.0E-6,M2,3.215E-5,1.666E-5,1.0E-6,2.0E-7,M2,3.215E-5,1.586E-5,2.0E-7,1.0E-6,M2,3.215E-5,1.666E-5,7.1E-7,2.0E-7,M2,3.266E-5,1.666E-5,2.0E-7,6.0E-7,M2,1.693E-5,3.55E-6,7.2E-7,3.2E-7,M2,2.618E-5,3.685E-6,7.2E-7,3.2E-7,M2,2.236E-5,1.578E-5,7.2E-7,3.2E-7,M2,2.276E-5,1.59E-5,1.12E-6,3.2E-7,M2,2.276E-5,1.5100000000000001E-5,3.2E-7,1.12E-6,M2,2.2820000000000002E-5,1.596E-5,3.18E-6,2.0E-7,M2,2.58E-5,1.596E-5,6.0E-7,2.0E-7,M2,5.14E-6,1.666E-5,2.0E-7,6.0E-7,M2,5.14E-6,1.415E-6,2.0E-7,1.5445E-5,M2,5.14E-6,1.415E-6,7.1E-7,2.0E-7,M2,5.65E-6,1.015E-6,2.0E-7,6.0E-7,M3,2.0E-7,1.314E-5,2.0E-7,6.0E-7,M3,2.0E-7,1.354E-5,2.0E-7,3.76E-6,M3,2.0E-7,1.71E-5,4.6E-7,2.0E-7,M3,4.6E-7,1.71E-5,2.0E-7,6.0E-7,M3,3.734E-5,1.71E-5,2.0E-7,6.0E-7,M3,3.734E-5,1.354E-5,2.0E-7,3.76E-6,M3,3.734E-5,1.354E-5,4.6E-7,2.0E-7,M3,3.76E-5,1.314E-5,2.0E-7,6.0E-7,M3,2.566E-5,4.825E-6,3.2E-7,7.2E-7,M3,2.761E-5,5.250000000000001E-7,3.2E-7,7.2E-7,M3,2.141E-5,1.328E-5,6.0E-7,2.0E-7,M3,2.161E-5,1.0860000000000001E-5,2.0E-7,2.62E-6,M3,1.97E-5,1.0860000000000001E-5,2.11E-6,2.0E-7,M3,1.97E-5,1.046E-5,2.0E-7,6.0E-7,M3,1.16E-5,1.596E-5,6.0E-7,2.0E-7,M3,1.2E-5,1.596E-5,3.18E-6,2.0E-7,M3,1.498E-5,1.516E-5,2.0E-7,1.0E-6,M3,1.418E-5,1.596E-5,1.0E-6,2.0E-7,M3,1.699E-5,3.61E-6,6.0E-7,2.0E-7,M3,1.719E-5,3.61E-6,2.0E-7,3.35E-7,M3,1.719E-5,3.745E-6,9.25E-6,2.0E-7,M3,2.624E-5,3.745E-6,6.0E-7,2.0E-7,M3,2.242E-5,1.584E-5,6.0E-7,2.0E-7,M3,2.2820000000000002E-5,1.584E-5,2.0E-7,3.2E-7,M3,2.2820000000000002E-5,1.596E-5,1.0E-6,2.0E-7,M3,2.2820000000000002E-5,1.516E-5,2.0E-7,1.0E-6,M4,2.572E-5,4.885E-6,2.0E-7,6.0E-7,M4,2.572E-5,4.885E-6,2.15E-6,2.0E-7,M4,2.767E-5,5.85E-7,2.0E-7,4.5E-6,M4,2.767E-5,5.85E-7,2.0E-7,6.0E-7,
M1,1.674E-5,4.28E-6,2.4000000000000003E-7,6.4E-7,M1,1.963E-5,1.252E-5,6.4E-7,2.4000000000000003E-7,M1,1.967E-5,1.322E-5,2.4000000000000003E-7,6.4E-7,M1,1.9595E-5,1.252E-5,6.4E-7,2.4000000000000003E-7,M1,2.007E-5,1.986E-5,2.85E-7,1.6E-7,M1,2.007E-5,1.5185000000000001E-5,1.6E-7,4.835E-6,M1,2.4200000000000002E-5,1.8540000000000002E-5,6.4E-7,2.4000000000000003E-7,M1,1.4400000000000001E-5,1.124E-5,6.4E-7,2.4000000000000003E-7,M1,1.244E-5,7.2E-7,2.4000000000000003E-7,6.4E-7,M1,1.115E-5,4.72E-6,2.4000000000000003E-7,6.4E-7,M1,2.077E-5,4.76E-6,1.9200000000000003E-6,1.6E-7,M1,1.8685E-5,2.14E-6,1.6E-7,1.64E-6,M1,1.866E-5,2.14E-6,1.85E-7,1.6E-7,M1,2.62E-6,5.6E-7,2.4000000000000003E-7,6.4E-7,M1,4.87E-6,2.052E-5,2.4000000000000003E-7,6.4E-7,M1,3.1440000000000004E-5,2.096E-5,2.4000000000000003E-7,6.4E-7,M1,3.17E-5,1.7E-5,2.4000000000000003E-7,6.4E-7,M1,1.4060000000000001E-5,7.6E-7,4.0E-6,1.6E-7,M1,4.4E-7,2.096E-5,2.4000000000000003E-7,6.4E-7,M1,1.8E-7,1.7E-5,2.4000000000000003E-7,6.4E-7,M1,9.43E-6,4.76E-6,1.9200000000000003E-6,1.6E-7,M1,1.3275E-5,2.14E-6,1.85E-7,1.6E-7,M1,1.3275E-5,2.14E-6,1.6E-7,1.64E-6,M1,1.0E-5,2.0E-8,6.4E-7,2.4000000000000003E-7,M1,2.148E-5,2.0E-8,6.4E-7,2.4000000000000003E-7,M1,1.185E-5,1.252E-5,6.4E-7,2.4000000000000003E-7,M1,1.514E-5,4.28E-6,2.4000000000000003E-7,6.4E-7,M1,1.2120000000000001E-5,1.252E-5,6.4E-7,2.4000000000000003E-7,M1,1.361E-5,1.3605000000000001E-5,2.4000000000000003E-7,6.4E-7,M1,1.2120000000000001E-5,1.252E-5,6.4E-7,2.4000000000000003E-7,M1,5.065E-6,1.982E-5,6.4E-7,2.4000000000000003E-7,M1,2.302E-5,1.3600000000000001E-6,2.4000000000000003E-7,6.4E-7,M1,1.7860000000000002E-5,7.2E-7,2.4000000000000003E-7,6.4E-7,M1,1.402E-5,7.2E-7,2.4000000000000003E-7,6.4E-7,M1,8.86E-6,1.3600000000000001E-6,2.4000000000000003E-7,6.4E-7,M1,7.28E-6,1.8540000000000002E-5,6.4E-7,2.4000000000000003E-7,M1,1.708E-5,1.124E-5,6.4E-7,2.4000000000000003E-7,M1,2.073E-5,4.72E-6,2.4000000000000003E-7,6.4E-7,M1,1.944E-5,7.2E-7,2.4000000000000003E-7,6.4E-7,M1,1.295E-5,1.4485000000000001E-5,6.22E-6,1.6E-7,M1,1.444E-5,2.273E-5,3.24E-6,1.6E-7,M1,1.7480000000000002E-5,2.096E-5,2.4000000000000003E-7,6.4E-7,M1,1.897E-5,1.4045E-5,2.4000000000000003E-7,6.4E-7,M1,2.701E-5,2.052E-5,2.4000000000000003E-7,6.4E-7,M1,2.926E-5,5.6E-7,2.4000000000000003E-7,6.4E-7,M2,1.67E-5,4.24E-6,3.2E-7,7.2E-7,M2,1.959E-5,1.248E-5,7.2E-7,3.2E-7,M2,1.969E-5,1.324E-5,2.0E-7,6.0E-7,M2,1.969E-5,1.254E-5,2.0E-7,9.000000000000001E-7,M2,1.969E-5,1.254E-5,3.25E-7,2.0E-7,M2,1.9615E-5,1.254E-5,6.0E-7,2.0E-7,M2,2.416E-5,1.85E-5,7.2E-7,3.2E-7,M2,1.436E-5,1.12E-5,7.2E-7,3.2E-7,M2,1.24E-5,6.800000000000001E-7,3.2E-7,7.2E-7,M2,1.111E-5,4.68E-6,3.2E-7,7.2E-7,M2,2.64E-6,5.800000000000001E-7,2.0E-7,6.0E-7,M2,2.64E-6,5.800000000000001E-7,2.0E-7,2.016E-5,M2,2.58E-6,2.048E-5,1.12E-6,3.2E-7,M2,2.58E-6,1.968E-5,3.2E-7,1.12E-6,M2,4.83E-6,2.048E-5,3.2E-7,7.2E-7,M2,3.14E-5,2.092E-5,3.2E-7,7.2E-7,M2,3.166E-5,1.696E-5,3.2E-7,7.2E-7,M2,4.0E-7,2.092E-5,3.2E-7,7.2E-7,M2,1.4E-7,1.696E-5,3.2E-7,7.2E-7,M2,1.002E-5,4.0E-8,6.0E-7,2.0E-7,M2,1.042E-5,4.0E-8,1.128E-5,2.0E-7,M2,2.15E-5,4.0E-8,6.0E-7,2.0E-7,M2,1.181E-5,1.248E-5,7.2E-7,3.2E-7,M2,1.5100000000000001E-5,4.24E-6,3.2E-7,7.2E-7,M2,1.214E-5,1.254E-5,6.0E-7,2.0E-7,M2,1.234E-5,1.254E-5,2.0E-7,1.685E-6,M2,1.234E-5,1.4025E-5,1.4900000000000001E-6,2.0E-7,M2,1.363E-5,1.3625E-5,2.0E-7,6.0E-7,M2,1.214E-5,1.254E-5,6.0E-7,2.0E-7,M2,1.234E-5,1.254E-5,2.0E-7,7.5E-6,M2,5.285E-6,1.984E-5,7.255E-6,2.0E-7,M2,5.0850000000000004E-6,1.984E-5,6.0E-7,2.0E-7,M2,2.298E-5,1.32E-6,3.2E-7,7.2E-7,M2,1.782E-5,1.72E-6,1.12E-6,3.2E-7,M2,1.782E-5,9.2E-7,3.2E-7,1.12E-6,M2,1.788E-5,7.4E-7,2.0E-7,1.24E-6,M2,1.788E-5,7.4E-7,2.0E-7,6.0E-7,M2,1.398E-5,6.800000000000001E-7,3.2E-7,7.2E-7,M2,8.82E-6,1.32E-6,3.2E-7,7.2E-7,M2,7.24E-6,1.85E-5,7.2E-7,3.2E-7,M2,1.704E-5,1.12E-5,7.2E-7,3.2E-7,M2,2.075E-5,4.74E-6,2.0E-7,6.0E-7,M2,1.946E-5,4.74E-6,1.4900000000000001E-6,2.0E-7,M2,1.946E-5,7.4E-7,2.0E-7,4.2000000000000004E-6,M2,1.946E-5,7.4E-7,2.0E-7,6.0E-7,M2,1.7500000000000002E-5,2.098E-5,2.0E-7,6.0E-7,M2,1.7500000000000002E-5,1.4465E-5,2.0E-7,6.715E-6,M2,1.7500000000000002E-5,1.4465E-5,1.6900000000000001E-6,2.0E-7,M2,1.899E-5,1.4065E-5,2.0E-7,6.0E-7,M2,2.697E-5,2.048E-5,3.2E-7,7.2E-7,M2,2.922E-5,5.2E-7,3.2E-7,7.2E-7,M3,1.67E-5,4.24E-6,3.2E-7,7.2E-7,M3,1.959E-5,1.248E-5,7.2E-7,3.2E-7,M3,2.416E-5,1.85E-5,7.2E-7,3.2E-7,M3,1.436E-5,1.12E-5,7.2E-7,3.2E-7,M3,1.24E-5,6.800000000000001E-7,3.2E-7,7.2E-7,M3,1.111E-5,4.68E-6,3.2E-7,7.2E-7,M3,2.58E-6,2.048E-5,1.12E-6,3.2E-7,M3,2.58E-6,1.968E-5,3.2E-7,1.12E-6,M3,4.83E-6,2.048E-5,3.2E-7,7.2E-7,M3,3.146E-5,2.098E-5,2.0E-7,6.0E-7,M3,3.146E-5,1.742E-5,2.0E-7,3.76E-6,M3,3.146E-5,1.742E-5,4.6E-7,2.0E-7,M3,3.172E-5,1.702E-5,2.0E-7,6.0E-7,M3,4.6E-7,2.098E-5,2.0E-7,6.0E-7,M3,4.6E-7,1.742E-5,2.0E-7,3.76E-6,M3,2.0E-7,1.742E-5,4.6E-7,2.0E-7,M3,2.0E-7,1.702E-5,2.0E-7,6.0E-7,M3,1.187E-5,1.254E-5,6.0E-7,2.0E-7,M3,1.187E-5,4.3E-6,2.0E-7,8.44E-6,M3,1.187E-5,4.3E-6,3.49E-6,2.0E-7,M3,1.516E-5,4.3E-6,2.0E-7,6.0E-7,M3,2.304E-5,1.3800000000000001E-6,2.0E-7,6.0E-7,M3,1.788E-5,1.7800000000000001E-6,5.36E-6,2.0E-7,M3,1.788E-5,1.7800000000000001E-6,1.0E-6,2.0E-7,M3,1.788E-5,9.8E-7,2.0E-7,1.0E-6,M3,1.398E-5,6.800000000000001E-7,3.2E-7,7.2E-7,M3,1.398E-5,9.2E-7,3.2E-7,1.12E-6,M3,1.3180000000000001E-5,1.72E-6,1.12E-6,3.2E-7,M3,8.88E-6,1.7800000000000001E-6,5.36E-6,2.0E-7,M3,8.88E-6,1.3800000000000001E-6,2.0E-7,6.0E-7,M3,7.24E-6,1.85E-5,7.2E-7,3.2E-7,M3,1.704E-5,1.12E-5,7.2E-7,3.2E-7,M3,2.697E-5,2.048E-5,3.2E-7,7.2E-7,M3,2.922E-5,5.2E-7,3.2E-7,7.2E-7,M4,1.67E-5,4.24E-6,3.2E-7,7.2E-7,M4,1.959E-5,1.248E-5,7.2E-7,3.2E-7,M4,2.416E-5,1.85E-5,7.2E-7,3.2E-7,M4,1.4760000000000001E-5,1.85E-5,1.12E-6,3.2E-7,M4,1.4760000000000001E-5,1.77E-5,3.2E-7,1.12E-6,M4,1.482E-5,1.126E-5,2.0E-7,7.5E-6,M4,1.4420000000000001E-5,1.126E-5,6.0E-7,2.0E-7,M4,1.24E-5,6.800000000000001E-7,3.2E-7,7.2E-7,M4,1.111E-5,4.68E-6,3.2E-7,7.2E-7,M4,2.58E-6,2.048E-5,1.12E-6,3.2E-7,M4,2.58E-6,1.968E-5,3.2E-7,1.12E-6,M4,4.83E-6,2.048E-5,3.2E-7,7.2E-7,M4,1.398E-5,6.800000000000001E-7,3.2E-7,7.2E-7,M4,1.398E-5,9.2E-7,3.2E-7,1.12E-6,M4,1.3180000000000001E-5,1.72E-6,1.12E-6,3.2E-7,M4,7.24E-6,1.85E-5,7.2E-7,3.2E-7,M4,7.44E-6,8.920000000000001E-6,3.2E-7,1.12E-6,M4,7.44E-6,8.920000000000001E-6,1.12E-6,3.2E-7,M4,7.5E-6,8.98E-6,9.800000000000001E-6,2.0E-7,M4,1.624E-5,8.920000000000001E-6,1.12E-6,3.2E-7,M4,1.704E-5,8.920000000000001E-6,3.2E-7,1.12E-6,M4,1.704E-5,1.12E-5,7.2E-7,3.2E-7,M4,2.703E-5,2.054E-5,2.0E-7,6.0E-7,M4,2.703E-5,5.800000000000001E-7,2.0E-7,2.016E-5,M4,2.697E-5,5.2E-7,3.2E-7,1.12E-6,M4,2.697E-5,5.2E-7,1.12E-6,3.2E-7,M4,2.922E-5,5.2E-7,3.2E-7,7.2E-7,M5,1.67E-5,4.24E-6,3.2E-7,7.2E-7,M5,1.959E-5,1.248E-5,7.2E-7,3.2E-7,M5,2.4220000000000002E-5,1.8560000000000002E-5,6.0E-7,2.0E-7,M5,1.482E-5,1.8560000000000002E-5,9.800000000000001E-6,2.0E-7,M5,1.482E-5,1.8560000000000002E-5,1.0E-6,2.0E-7,M5,1.482E-5,1.776E-5,2.0E-7,1.0E-6,M5,1.2460000000000001E-5,7.4E-7,2.0E-7,6.0E-7,M5,1.2460000000000001E-5,7.4E-7,2.0E-7,4.2000000000000004E-6,M5,1.117E-5,4.74E-6,1.4900000000000001E-6,2.0E-7,M5,1.117E-5,4.74E-6,2.0E-7,6.0E-7,M5,2.64E-6,2.054E-5,1.0E-6,2.0E-7,M5,2.64E-6,1.974E-5,2.0E-7,1.0E-6,M5,2.64E-6,2.054E-5,2.4500000000000003E-6,2.0E-7,M5,4.89E-6,2.054E-5,2.0E-7,6.0E-7,M5,1.4040000000000001E-5,7.4E-7,2.0E-7,6.0E-7,M5,1.4040000000000001E-5,7.4E-7,2.0E-7,1.24E-6,M5,1.4040000000000001E-5,9.8E-7,2.0E-7,1.0E-6,M5,1.324E-5,1.7800000000000001E-6,1.0E-6,2.0E-7,M5,7.3E-6,1.8560000000000002E-5,6.0E-7,2.0E-7,M5,7.5E-6,8.98E-6,2.0E-7,9.78E-6,M5,7.5E-6,8.98E-6,2.0E-7,1.0E-6,M5,7.5E-6,8.98E-6,1.0E-6,2.0E-7,M5,1.624E-5,8.920000000000001E-6,1.12E-6,3.2E-7,M5,1.704E-5,8.920000000000001E-6,3.2E-7,1.12E-6,M5,1.704E-5,1.12E-5,7.2E-7,3.2E-7,M5,2.703E-5,5.800000000000001E-7,2.0E-7,1.0E-6,M5,2.703E-5,5.800000000000001E-7,1.0E-6,2.0E-7,M5,2.703E-5,5.800000000000001E-7,2.4500000000000003E-6,2.0E-7,M5,2.928E-5,5.800000000000001E-7,2.0E-7,6.0E-7,M6,1.676E-5,4.3E-6,2.0E-7,6.0E-7,M6,1.676E-5,4.3E-6,3.49E-6,2.0E-7,M6,2.005E-5,4.3E-6,2.0E-7,8.44E-6,M6,1.965E-5,1.254E-5,6.0E-7,2.0E-7,M6,1.63E-5,8.98E-6,1.0E-6,2.0E-7,M6,1.71E-5,8.98E-6,2.0E-7,1.0E-6,M6,1.71E-5,8.98E-6,2.0E-7,2.48E-6,M6,1.71E-5,1.126E-5,6.0E-7,2.0E-7,
M1,2.744E-5,2.0605E-5,2.4000000000000003E-7,6.4E-7,M1,2.693E-5,9.95E-7,2.4000000000000003E-7,6.4E-7,M1,1.8E-7,1.7085E-5,2.4000000000000003E-7,6.4E-7,M1,4.4E-7,2.1045E-5,2.4000000000000003E-7,6.4E-7,M1,1.262E-5,1.378E-5,2.05E-7,1.6E-7,M1,1.2665E-5,1.32E-5,1.6E-7,7.4E-7,M1,1.13E-5,2.35E-6,6.4E-7,1.6E-7,M1,1.178E-5,2.35E-6,1.6E-7,1.44E-6,M1,9.5E-6,1.1215E-5,1.6E-7,1.65E-7,M1,9.5E-6,1.1220000000000001E-5,1.9200000000000003E-6,1.6E-7,M1,3.212E-5,2.1045E-5,2.4000000000000003E-7,6.4E-7,M1,3.238E-5,1.7085E-5,2.4000000000000003E-7,6.4E-7,M1,1.1920000000000001E-5,1.805E-6,8.96E-6,1.6E-7,M1,2.134E-5,1.078E-5,2.4000000000000003E-7,6.4E-7,M1,2.31E-5,1.0975E-5,2.4000000000000003E-7,6.4E-7,M1,1.326E-5,2.2355000000000002E-5,6.28E-6,1.6E-7,M1,1.011E-5,5.65E-7,2.4000000000000003E-7,6.4E-7,M1,9.460000000000001E-6,4.865E-6,2.4000000000000003E-7,6.4E-7,M1,2.004E-5,1.3160000000000001E-5,6.4E-7,2.4000000000000003E-7,M1,1.878E-5,1.9905E-5,6.4E-7,2.4000000000000003E-7,M1,5.63E-6,9.95E-7,2.4000000000000003E-7,6.4E-7,M1,5.12E-6,2.0605E-5,2.4000000000000003E-7,6.4E-7,M1,1.872E-5,1.3160000000000001E-5,6.4E-7,2.4000000000000003E-7,M1,1.708E-5,1.0340000000000001E-5,2.4000000000000003E-7,6.4E-7,M1,1.9975E-5,1.32E-5,2.05E-7,1.6E-7,M1,2.002E-5,1.32E-5,1.6E-7,7.4E-7,M1,1.779E-5,1.188E-5,6.4E-7,2.4000000000000003E-7,M1,8.54E-6,3.725E-6,6.4E-7,2.4000000000000003E-7,M1,1.3520000000000001E-5,1.498E-5,5.76E-6,1.6E-7,M1,2.31E-5,4.865E-6,2.4000000000000003E-7,6.4E-7,M1,2.245E-5,5.65E-7,2.4000000000000003E-7,6.4E-7,M1,1.1400000000000001E-5,1.454E-5,2.4000000000000003E-7,6.4E-7,M1,9.62E-6,2.1915E-5,2.4000000000000003E-7,6.4E-7,M1,8.66E-6,1.805E-6,1.6E-7,2.3E-7,M1,4.04E-6,1.875E-6,4.78E-6,1.6E-7,M1,2.856E-5,1.435E-6,2.4000000000000003E-7,6.4E-7,M1,2.394E-5,1.365E-6,2.4000000000000003E-7,6.4E-7,M1,2.737E-5,2.0E-8,6.4E-7,2.4000000000000003E-7,M1,4.79E-6,2.0E-8,6.4E-7,2.4000000000000003E-7,M1,1.3880000000000001E-5,1.556E-5,1.6E-7,4.545E-6,M1,1.382E-5,1.9945E-5,2.2E-7,1.6E-7,M1,1.548E-5,1.0340000000000001E-5,2.4000000000000003E-7,6.4E-7,M1,1.344E-5,1.3160000000000001E-5,6.4E-7,2.4000000000000003E-7,M1,2.362E-5,3.725E-6,6.4E-7,2.4000000000000003E-7,M1,1.437E-5,1.188E-5,6.4E-7,2.4000000000000003E-7,M1,2.086E-5,2.35E-6,6.4E-7,1.6E-7,M1,2.086E-5,2.35E-6,1.6E-7,1.44E-6,M2,2.746E-5,2.0625E-5,2.0E-7,6.0E-7,M2,2.746E-5,1.415E-6,2.0E-7,1.941E-5,M2,2.695E-5,1.415E-6,7.1E-7,2.0E-7,M2,2.695E-5,1.015E-6,2.0E-7,6.0E-7,M2,1.4E-7,1.7045E-5,3.2E-7,7.2E-7,M2,4.0E-7,2.1005E-5,3.2E-7,7.2E-7,M2,3.208E-5,2.1005E-5,3.2E-7,7.2E-7,M2,3.234E-5,1.7045E-5,3.2E-7,7.2E-7,M2,2.13E-5,1.074E-5,3.2E-7,7.2E-7,M2,2.306E-5,1.0935E-5,3.2E-7,7.2E-7,M2,1.007E-5,5.250000000000001E-7,3.2E-7,7.2E-7,M2,9.42E-6,4.825E-6,3.2E-7,7.2E-7,M2,2.006E-5,1.3180000000000001E-5,6.0E-7,2.0E-7,M2,1.88E-5,1.3180000000000001E-5,1.66E-6,2.0E-7,M2,1.88E-5,1.3180000000000001E-5,2.0E-7,6.945E-6,M2,1.88E-5,1.9925E-5,6.0E-7,2.0E-7,M2,5.65E-6,1.015E-6,2.0E-7,6.0E-7,M2,5.65E-6,1.415E-6,2.0E-7,1.941E-5,M2,5.14E-6,2.0625E-5,7.1E-7,2.0E-7,M2,5.14E-6,2.0625E-5,2.0E-7,6.0E-7,M2,1.874E-5,1.3180000000000001E-5,6.0E-7,2.0E-7,M2,1.71E-5,1.3180000000000001E-5,1.84E-6,2.0E-7,M2,1.71E-5,1.076E-5,2.0E-7,2.62E-6,M2,1.71E-5,1.036E-5,2.0E-7,6.0E-7,M2,1.781E-5,1.19E-5,6.0E-7,2.0E-7,M2,1.8010000000000002E-5,3.745E-6,2.0E-7,8.355E-6,M2,8.96E-6,3.745E-6,9.25E-6,2.0E-7,M2,8.56E-6,3.745E-6,6.0E-7,2.0E-7,M2,2.306E-5,4.825E-6,3.2E-7,7.2E-7,M2,2.241E-5,5.250000000000001E-7,3.2E-7,7.2E-7,M2,1.142E-5,1.456E-5,2.0E-7,6.0E-7,M2,9.640000000000001E-6,1.496E-5,1.98E-6,2.0E-7,M2,9.640000000000001E-6,1.496E-5,2.0E-7,7.575E-6,M2,9.640000000000001E-6,2.1935E-5,2.0E-7,6.0E-7,M2,2.852E-5,1.395E-6,3.2E-7,7.2E-7,M2,2.39E-5,1.325E-6,3.2E-7,7.2E-7,M2,2.739E-5,4.0E-8,6.0E-7,2.0E-7,M2,5.21E-6,4.0E-8,2.238E-5,2.0E-7,M2,4.81E-6,4.0E-8,6.0E-7,2.0E-7,M2,1.55E-5,1.036E-5,2.0E-7,6.0E-7,M2,1.55E-5,1.076E-5,2.0E-7,2.62E-6,M2,1.544E-5,1.232E-5,3.2E-7,1.12E-6,M2,1.464E-5,1.312E-5,1.12E-6,3.2E-7,M2,1.34E-5,1.312E-5,7.2E-7,3.2E-7,M2,2.358E-5,3.685E-6,7.2E-7,3.2E-7,M2,1.433E-5,1.184E-5,7.2E-7,3.2E-7,M3,2.0E-7,1.7105E-5,2.0E-7,6.0E-7,M3,2.0E-7,1.7505E-5,2.0E-7,3.76E-6,M3,2.0E-7,2.1065E-5,4.6E-7,2.0E-7,M3,4.6E-7,2.1065E-5,2.0E-7,6.0E-7,M3,3.214E-5,2.1065E-5,2.0E-7,6.0E-7,M3,3.214E-5,1.7505E-5,2.0E-7,3.76E-6,M3,3.214E-5,1.7505E-5,4.6E-7,2.0E-7,M3,3.24E-5,1.7105E-5,2.0E-7,6.0E-7,M3,2.136E-5,1.08E-5,2.0E-7,6.0E-7,M3,2.136E-5,1.12E-5,1.96E-6,2.0E-7,M3,2.312E-5,1.1195E-5,2.0E-7,2.05E-7,M3,2.312E-5,1.0995E-5,2.0E-7,6.0E-7,M3,1.013E-5,5.85E-7,2.0E-7,6.0E-7,M3,9.48E-6,5.85E-7,8.5E-7,2.0E-7,M3,9.48E-6,5.85E-7,2.0E-7,4.5E-6,M3,9.48E-6,4.885E-6,2.0E-7,6.0E-7,M3,2.312E-5,4.885E-6,2.0E-7,6.0E-7,M3,2.312E-5,5.85E-7,2.0E-7,4.5E-6,M3,2.247E-5,5.85E-7,8.5E-7,2.0E-7,M3,2.247E-5,5.85E-7,2.0E-7,6.0E-7,M3,2.852E-5,1.395E-6,3.2E-7,7.2E-7,M3,2.39E-5,1.325E-6,3.2E-7,7.2E-7,M3,1.55E-5,1.238E-5,2.0E-7,1.0E-6,M3,1.47E-5,1.3180000000000001E-5,1.0E-6,2.0E-7,M3,1.3860000000000001E-5,1.3180000000000001E-5,1.84E-6,2.0E-7,M3,1.346E-5,1.3180000000000001E-5,6.0E-7,2.0E-7,M3,2.358E-5,3.685E-6,7.2E-7,3.2E-7,M3,1.453E-5,3.685E-6,3.2E-7,1.12E-6,M3,1.453E-5,3.685E-6,1.12E-6,3.2E-7,M3,1.4590000000000001E-5,3.745E-6,2.0E-7,8.355E-6,M3,1.4390000000000001E-5,1.19E-5,6.0E-7,2.0E-7,M4,2.858E-5,1.455E-6,2.0E-7,6.0E-7,M4,2.396E-5,1.855E-6,4.8200000000000004E-6,2.0E-7,M4,2.396E-5,1.785E-6,2.0E-7,2.7E-7,M4,2.396E-5,1.385E-6,2.0E-7,6.0E-7,M4,2.364E-5,3.745E-6,6.0E-7,2.0E-7,M4,1.4590000000000001E-5,3.745E-6,9.25E-6,2.0E-7,M4,1.4590000000000001E-5,3.745E-6,2.0E-7,1.0E-6,M4,1.4590000000000001E-5,3.745E-6,1.0E-6,2.0E-7,
M1,2.462E-5,7.2E-7,2.4000000000000003E-7,6.4E-7,M1,2.3840000000000002E-5,2.061E-5,2.4000000000000003E-7,6.4E-7,M1,1.2120000000000001E-5,1.3870000000000001E-5,6.4E-7,2.4000000000000003E-7,M1,1.144E-5,1.991E-5,6.4E-7,2.4000000000000003E-7,M1,2.612E-5,1.9200000000000003E-6,2.4000000000000003E-7,6.4E-7,M1,2.163E-5,1.365E-6,2.4000000000000003E-7,6.4E-7,M1,2.1380000000000002E-5,5.48E-6,1.9200000000000003E-6,1.6E-7,M1,1.3520000000000001E-5,1.569E-5,5.76E-6,1.6E-7,M1,1.262E-5,1.391E-5,1.6E-7,7.4E-7,M1,1.262E-5,1.391E-5,2.05E-7,1.6E-7,M1,2.306E-5,1.365E-6,1.6E-7,4.275E-6,M1,2.306E-5,5.48E-6,2.4000000000000003E-7,1.6E-7,M1,4.4E-7,2.105E-5,2.4000000000000003E-7,6.4E-7,M1,1.8E-7,1.709E-5,2.4000000000000003E-7,6.4E-7,M1,1.1815E-5,2.35E-6,1.6E-7,2.15E-6,M1,1.178E-5,4.34E-6,1.95E-7,1.6E-7,M1,7.94E-6,7.2E-7,2.4000000000000003E-7,6.4E-7,M1,8.72E-6,2.061E-5,2.4000000000000003E-7,6.4E-7,M1,1.712E-5,1.391E-5,1.8000000000000001E-6,1.6E-7,M1,1.708E-5,1.3870000000000001E-5,1.04E-6,2.4000000000000003E-7,M1,1.708E-5,1.307E-5,2.4000000000000003E-7,1.04E-6,M1,1.708E-5,1.1050000000000001E-5,2.4000000000000003E-7,6.4E-7,M1,3.238E-5,1.709E-5,2.4000000000000003E-7,6.4E-7,M1,3.212E-5,2.105E-5,2.4000000000000003E-7,6.4E-7,M1,1.9975E-5,1.391E-5,1.6E-7,7.4E-7,M1,1.9975E-5,1.449E-5,2.05E-7,1.6E-7,M1,2.0825E-5,2.35E-6,1.6E-7,2.15E-6,M1,2.0825E-5,4.34E-6,1.95E-7,1.6E-7,M1,1.779E-5,1.259E-5,6.4E-7,2.4000000000000003E-7,M1,8.54E-6,1.863E-5,6.4E-7,2.4000000000000003E-7,M1,9.5E-6,5.48E-6,1.9200000000000003E-6,1.6E-7,M1,2.12E-5,2.236E-5,3.74E-6,1.6E-7,M1,2.116E-5,2.232E-5,1.04E-6,2.4000000000000003E-7,M1,2.116E-5,2.152E-5,2.4000000000000003E-7,1.04E-6,M1,2.116E-5,1.525E-5,2.4000000000000003E-7,6.4E-7,M1,1.093E-5,1.365E-6,2.4000000000000003E-7,6.4E-7,M1,6.44E-6,1.9200000000000003E-6,2.4000000000000003E-7,6.4E-7,M1,9.58E-6,1.365E-6,1.6E-7,4.275E-6,M1,9.5E-6,5.48E-6,2.4000000000000003E-7,1.6E-7,M1,6.26E-6,3.02E-6,6.4E-7,2.4000000000000003E-7,M1,2.496E-5,3.02E-6,6.4E-7,2.4000000000000003E-7,M1,1.3880000000000001E-5,1.391E-5,1.8000000000000001E-6,1.6E-7,M1,1.548E-5,1.307E-5,2.4000000000000003E-7,1.04E-6,M1,1.468E-5,1.3870000000000001E-5,1.04E-6,2.4000000000000003E-7,M1,1.548E-5,1.1050000000000001E-5,2.4000000000000003E-7,6.4E-7,M1,1.876E-5,1.6270000000000002E-5,2.2E-7,1.6E-7,M1,1.882E-5,1.6270000000000002E-5,1.6E-7,3.8400000000000005E-6,M1,2.362E-5,1.863E-5,6.4E-7,2.4000000000000003E-7,M1,1.437E-5,1.259E-5,6.4E-7,2.4000000000000003E-7,M1,1.326E-5,2.236E-5,6.28E-6,1.6E-7,M1,1.4230000000000001E-5,1.805E-6,4.34E-6,1.6E-7,M2,2.4580000000000002E-5,6.800000000000001E-7,3.2E-7,7.2E-7,M2,2.38E-5,2.057E-5,3.2E-7,7.2E-7,M2,1.208E-5,1.383E-5,7.2E-7,3.2E-7,M2,1.2280000000000001E-5,1.9070000000000002E-5,3.2E-7,1.12E-6,M2,1.148E-5,1.987E-5,1.12E-6,3.2E-7,M2,1.166E-5,1.993E-5,8.8E-7,2.0E-7,M2,1.146E-5,1.993E-5,6.0E-7,2.0E-7,M2,2.614E-5,1.94E-6,2.0E-7,6.0E-7,M2,2.614E-5,1.785E-6,2.0E-7,7.55E-7,M2,2.165E-5,1.785E-6,4.69E-6,2.0E-7,M2,2.165E-5,1.385E-6,2.0E-7,6.0E-7,M2,4.0E-7,2.101E-5,3.2E-7,7.2E-7,M2,1.4E-7,1.705E-5,3.2E-7,7.2E-7,M2,7.9E-6,6.800000000000001E-7,3.2E-7,7.2E-7,M2,8.68E-6,2.057E-5,3.2E-7,7.2E-7,M2,1.71E-5,1.389E-5,1.0E-6,2.0E-7,M2,1.71E-5,1.309E-5,2.0E-7,1.0E-6,M2,1.71E-5,1.147E-5,2.0E-7,2.62E-6,M2,1.71E-5,1.107E-5,2.0E-7,6.0E-7,M2,3.234E-5,1.705E-5,3.2E-7,7.2E-7,M2,3.208E-5,2.101E-5,3.2E-7,7.2E-7,M2,1.775E-5,1.255E-5,7.2E-7,3.2E-7,M2,8.5E-6,1.859E-5,7.2E-7,3.2E-7,M2,2.112E-5,2.228E-5,1.12E-6,3.2E-7,M2,2.112E-5,2.148E-5,3.2E-7,1.12E-6,M2,2.112E-5,1.521E-5,3.2E-7,7.2E-7,M2,1.095E-5,1.385E-6,2.0E-7,6.0E-7,M2,6.46E-6,1.785E-6,4.69E-6,2.0E-7,M2,6.46E-6,1.785E-6,2.0E-7,7.55E-7,M2,6.46E-6,1.94E-6,2.0E-7,6.0E-7,M2,6.28E-6,3.04E-6,6.0E-7,2.0E-7,M2,6.48E-6,3.04E-6,1.87E-5,2.0E-7,M2,2.498E-5,3.04E-6,6.0E-7,2.0E-7,M2,1.55E-5,1.309E-5,2.0E-7,1.0E-6,M2,1.47E-5,1.389E-5,1.0E-6,2.0E-7,M2,1.55E-5,1.147E-5,2.0E-7,2.62E-6,M2,1.55E-5,1.107E-5,2.0E-7,6.0E-7,M2,2.364E-5,1.865E-5,6.0E-7,2.0E-7,M2,1.4590000000000001E-5,1.865E-5,9.25E-6,2.0E-7,M2,1.453E-5,1.859E-5,1.12E-6,3.2E-7,M2,1.453E-5,1.779E-5,3.2E-7,1.12E-6,M2,1.433E-5,1.255E-5,7.2E-7,3.2E-7,M3,2.4580000000000002E-5,6.800000000000001E-7,3.2E-7,7.2E-7,M3,2.38E-5,2.057E-5,3.2E-7,7.2E-7,M3,1.208E-5,1.383E-5,7.2E-7,3.2E-7,M3,1.2280000000000001E-5,1.9070000000000002E-5,3.2E-7,1.12E-6,M3,1.148E-5,1.987E-5,1.12E-6,3.2E-7,M3,4.6E-7,2.107E-5,2.0E-7,6.0E-7,M3,2.0E-7,2.107E-5,4.6E-7,2.0E-7,M3,2.0E-7,1.751E-5,2.0E-7,3.76E-6,M3,2.0E-7,1.711E-5,2.0E-7,6.0E-7,M3,7.9E-6,6.800000000000001E-7,3.2E-7,7.2E-7,M3,8.68E-6,2.057E-5,3.2E-7,7.2E-7,M3,3.24E-5,1.711E-5,2.0E-7,6.0E-7,M3,3.24E-5,1.751E-5,2.0E-7,3.76E-6,M3,3.214E-5,2.107E-5,4.6E-7,2.0E-7,M3,3.214E-5,2.107E-5,2.0E-7,6.0E-7,M3,1.775E-5,1.255E-5,7.2E-7,3.2E-7,M3,8.5E-6,1.859E-5,7.2E-7,3.2E-7,M3,2.118E-5,2.234E-5,1.0E-6,2.0E-7,M3,2.118E-5,2.154E-5,2.0E-7,1.0E-6,M3,2.118E-5,1.567E-5,2.0E-7,6.87E-6,M3,2.118E-5,1.527E-5,2.0E-7,6.0E-7,M3,1.453E-5,1.859E-5,1.12E-6,3.2E-7,M3,1.453E-5,1.779E-5,3.2E-7,1.12E-6,M3,1.433E-5,1.255E-5,7.2E-7,3.2E-7,M4,2.464E-5,7.4E-7,2.0E-7,6.0E-7,M4,2.464E-5,7.4E-7,2.0E-7,2.009E-5,M4,2.3860000000000002E-5,2.063E-5,9.8E-7,2.0E-7,M4,2.3860000000000002E-5,2.063E-5,2.0E-7,6.0E-7,M4,1.214E-5,1.389E-5,6.0E-7,2.0E-7,M4,1.234E-5,1.389E-5,2.0E-7,6.24E-6,M4,1.234E-5,1.913E-5,2.0E-7,1.0E-6,M4,1.154E-5,1.993E-5,1.0E-6,2.0E-7,M4,7.96E-6,7.4E-7,2.0E-7,6.0E-7,M4,7.96E-6,7.4E-7,2.0E-7,2.009E-5,M4,7.96E-6,2.063E-5,9.8E-7,2.0E-7,M4,8.740000000000001E-6,2.063E-5,2.0E-7,6.0E-7,M4,1.775E-5,1.255E-5,7.2E-7,3.2E-7,M4,8.5E-6,1.859E-5,7.2E-7,3.2E-7,M4,1.4590000000000001E-5,1.865E-5,1.0E-6,2.0E-7,M4,1.4590000000000001E-5,1.785E-5,2.0E-7,1.0E-6,M4,1.4590000000000001E-5,1.261E-5,2.0E-7,6.24E-6,M4,1.4390000000000001E-5,1.261E-5,6.0E-7,2.0E-7,M5,1.781E-5,1.261E-5,6.0E-7,2.0E-7,M5,1.8010000000000002E-5,1.261E-5,2.0E-7,6.24E-6,M5,8.96E-6,1.865E-5,9.25E-6,2.0E-7,M5,8.56E-6,1.865E-5,6.0E-7,2.0E-7,
M1,2.009E-5,1.44E-6,1.9200000000000003E-6,1.6E-7,M1,4.033E-5,1.4930000000000001E-5,2.4000000000000003E-7,6.4E-7,M1,3.949E-5,5.2E-7,2.4000000000000003E-7,6.4E-7,M1,2.339E-5,1.44E-6,1.6E-7,8.12E-6,M1,1.651E-5,6.000000000000001E-8,9.08E-6,1.6E-7,M1,2.621E-5,4.6400000000000005E-6,2.4000000000000003E-7,6.4E-7,M1,2.797E-5,4.6400000000000005E-6,2.4000000000000003E-7,6.4E-7,M1,1.518E-5,1.32E-6,2.4000000000000003E-7,6.4E-7,M1,2.005E-5,1.0E-6,2.4000000000000003E-7,6.4E-7,M1,1.8E-7,1.1410000000000001E-5,2.4000000000000003E-7,6.4E-7,M1,4.4E-7,1.537E-5,2.4000000000000003E-7,6.4E-7,M1,1.687E-5,8.96E-6,1.6E-7,2.58E-6,M1,1.687E-5,8.96E-6,3.18E-6,1.6E-7,M1,4.142E-5,1.537E-5,2.4000000000000003E-7,6.4E-7,M1,4.168E-5,1.1410000000000001E-5,2.4000000000000003E-7,6.4E-7,M1,2.201E-5,8.52E-6,2.4000000000000003E-7,6.4E-7,M1,2.201E-5,1.134E-5,1.04E-6,2.4000000000000003E-7,M1,2.201E-5,1.054E-5,2.4000000000000003E-7,1.04E-6,M1,2.205E-5,1.138E-5,3.18E-6,1.6E-7,M1,1.911E-5,3.5E-6,6.4E-7,2.4000000000000003E-7,M1,2.849E-5,3.5E-6,6.4E-7,2.4000000000000003E-7,M1,1.393E-5,4.68E-6,1.9200000000000003E-6,1.6E-7,M1,1.6855E-5,1.138E-5,1.6E-7,8.6E-7,M1,1.6855E-5,1.208E-5,5.15E-7,1.6E-7,M1,1.397E-5,1.427E-5,3.04E-6,1.6E-7,M1,1.685E-5,1.4060000000000001E-5,1.6E-7,3.7E-7,M1,1.899E-5,2.14E-6,1.6E-7,1.56E-6,M1,1.895E-5,2.1000000000000002E-6,2.4000000000000003E-7,1.04E-6,M1,1.895E-5,2.1000000000000002E-6,1.04E-6,2.4000000000000003E-7,M1,1.8765E-5,2.1000000000000002E-6,6.4E-7,2.4000000000000003E-7,M1,2.85E-5,1.692E-5,2.4000000000000003E-7,6.4E-7,M1,2.557E-5,1.292E-5,2.4000000000000003E-7,6.4E-7,M1,1.633E-5,1.336E-5,9.44E-6,1.6E-7,M1,1.53E-6,1.4930000000000001E-5,2.4000000000000003E-7,6.4E-7,M1,2.37E-6,5.2E-7,2.4000000000000003E-7,6.4E-7,M1,2.2935E-5,2.14E-6,1.75E-7,1.6E-7,M1,2.295E-5,2.14E-6,1.6E-7,1.56E-6,M1,1.341E-5,3.54E-6,9.14E-6,1.6E-7,M1,1.855E-5,1.44E-6,1.6E-7,8.12E-6,M1,2.5090000000000002E-5,1.427E-5,3.04E-6,1.6E-7,M1,2.5090000000000002E-5,1.4060000000000001E-5,1.6E-7,3.7E-7,M1,2.181E-5,1.0E-6,2.4000000000000003E-7,6.4E-7,M1,2.6680000000000002E-5,1.32E-6,2.4000000000000003E-7,6.4E-7,M1,2.4730000000000002E-5,1.336E-5,1.6E-7,8.6E-7,M1,2.4730000000000002E-5,1.4060000000000001E-5,5.0E-7,1.6E-7,M1,1.629E-5,1.292E-5,2.4000000000000003E-7,6.4E-7,M1,1.336E-5,1.692E-5,2.4000000000000003E-7,6.4E-7,M2,4.035E-5,1.4950000000000001E-5,2.0E-7,6.0E-7,M2,4.035E-5,5.4E-7,2.0E-7,1.461E-5,M2,3.951E-5,5.4E-7,1.04E-6,2.0E-7,M2,3.951E-5,5.4E-7,2.0E-7,6.0E-7,M2,2.623E-5,4.66E-6,2.0E-7,6.0E-7,M2,2.623E-5,4.66E-6,1.96E-6,2.0E-7,M2,2.799E-5,4.66E-6,2.0E-7,6.0E-7,M2,1.514E-5,1.28E-6,3.2E-7,7.2E-7,M2,2.001E-5,9.600000000000001E-7,3.2E-7,7.2E-7,M2,2.0E-7,1.143E-5,2.0E-7,6.0E-7,M2,2.0E-7,1.183E-5,2.0E-7,3.76E-6,M2,2.0E-7,1.539E-5,4.6E-7,2.0E-7,M2,4.6E-7,1.539E-5,2.0E-7,6.0E-7,M2,4.144E-5,1.539E-5,2.0E-7,6.0E-7,M2,4.144E-5,1.183E-5,2.0E-7,3.76E-6,M2,4.144E-5,1.183E-5,4.6E-7,2.0E-7,M2,4.1700000000000004E-5,1.143E-5,2.0E-7,6.0E-7,M2,2.203E-5,8.54E-6,2.0E-7,6.0E-7,M2,2.203E-5,8.94E-6,2.0E-7,2.62E-6,M2,2.203E-5,1.136E-5,1.0E-6,2.0E-7,M2,2.203E-5,1.056E-5,2.0E-7,1.0E-6,M2,1.913E-5,3.52E-6,6.0E-7,2.0E-7,M2,1.953E-5,3.52E-6,9.18E-6,2.0E-7,M2,2.851E-5,3.52E-6,6.0E-7,2.0E-7,M2,1.897E-5,2.12E-6,2.0E-7,1.0E-6,M2,1.897E-5,2.12E-6,1.0E-6,2.0E-7,M2,1.897E-5,2.12E-6,2.15E-7,2.0E-7,M2,1.8785E-5,2.12E-6,6.0E-7,2.0E-7,M2,2.8460000000000002E-5,1.688E-5,3.2E-7,7.2E-7,M2,2.553E-5,1.288E-5,3.2E-7,7.2E-7,M2,1.55E-6,1.4950000000000001E-5,2.0E-7,6.0E-7,M2,1.55E-6,5.4E-7,2.0E-7,1.461E-5,M2,1.55E-6,5.4E-7,1.04E-6,2.0E-7,M2,2.39E-6,5.4E-7,2.0E-7,6.0E-7,M2,2.177E-5,9.600000000000001E-7,3.2E-7,7.2E-7,M2,2.664E-5,1.28E-6,3.2E-7,7.2E-7,M2,1.6250000000000002E-5,1.288E-5,3.2E-7,7.2E-7,M2,1.332E-5,1.688E-5,3.2E-7,7.2E-7,M3,1.52E-5,1.34E-6,2.0E-7,6.0E-7,M3,1.52E-5,1.74E-6,5.07E-6,2.0E-7,M3,2.007E-5,1.42E-6,2.0E-7,5.2E-7,M3,2.007E-5,1.02E-6,2.0E-7,6.0E-7,M3,2.852E-5,1.694E-5,2.0E-7,6.0E-7,M3,2.852E-5,1.3340000000000001E-5,2.0E-7,4.2000000000000004E-6,M3,2.559E-5,1.3340000000000001E-5,3.13E-6,2.0E-7,M3,2.559E-5,1.294E-5,2.0E-7,6.0E-7,M3,2.183E-5,1.02E-6,2.0E-7,6.0E-7,M3,2.183E-5,1.42E-6,2.0E-7,5.2E-7,M3,2.183E-5,1.74E-6,5.07E-6,2.0E-7,M3,2.6700000000000002E-5,1.34E-6,2.0E-7,6.0E-7,M3,1.631E-5,1.294E-5,2.0E-7,6.0E-7,M3,1.631E-5,1.3340000000000001E-5,2.0E-7,4.2000000000000004E-6,M3,1.338E-5,1.734E-5,3.13E-6,2.0E-7,M3,1.338E-5,1.694E-5,2.0E-7,6.0E-7,
M1,1.187E-5,2.35E-6,1.6E-7,1.44E-6,M1,1.185E-5,3.63E-6,1.8E-7,1.6E-7,M1,1.4390000000000001E-5,1.805E-6,4.58E-6,1.6E-7,M1,2.081E-5,1.33E-5,1.6E-7,8.6E-7,M1,2.0700000000000002E-5,1.33E-5,2.7E-7,1.6E-7,M1,1.502E-5,1.198E-5,6.4E-7,2.4000000000000003E-7,M1,2.5325E-5,1.765E-5,6.4E-7,2.4000000000000003E-7,M1,1.309E-5,1.5225E-5,7.18E-6,1.6E-7,M1,1.214E-5,2.197E-5,2.4000000000000003E-7,6.4E-7,M1,1.147E-5,1.788E-5,2.4000000000000003E-7,6.4E-7,M1,1.151E-5,1.5225E-5,1.6E-7,3.055E-6,M1,3.268E-5,2.007E-5,2.4000000000000003E-7,6.4E-7,M1,3.294E-5,1.6420000000000002E-5,2.4000000000000003E-7,6.4E-7,M1,3.298E-5,1.655E-5,1.6E-7,2.7E-7,M1,1.25E-5,1.326E-5,6.4E-7,2.4000000000000003E-7,M1,1.29E-5,4.2900000000000004E-6,2.4000000000000003E-7,6.4E-7,M1,4.4E-7,2.007E-5,2.4000000000000003E-7,6.4E-7,M1,1.8E-7,1.6420000000000002E-5,2.4000000000000003E-7,6.4E-7,M1,2.2E-7,1.655E-5,1.6E-7,2.7E-7,M1,1.099E-5,1.805E-6,1.6E-7,2.05E-7,M1,6.54E-6,1.85E-6,4.61E-6,1.6E-7,M1,2.046E-5,1.5925E-5,1.6E-7,3.2050000000000002E-6,M1,2.04E-5,1.897E-5,2.2E-7,1.6E-7,M1,2.098E-5,2.197E-5,2.4000000000000003E-7,6.4E-7,M1,2.165E-5,1.788E-5,2.4000000000000003E-7,6.4E-7,M1,2.169E-5,1.5225E-5,1.6E-7,3.055E-6,M1,9.53E-6,4.8200000000000004E-6,2.4000000000000003E-7,6.4E-7,M1,9.49E-6,9.25E-7,2.4000000000000003E-7,6.4E-7,M1,2.363E-5,4.77E-6,1.6E-7,2.5E-7,M1,2.187E-5,4.77E-6,1.9200000000000003E-6,1.6E-7,M1,1.25E-5,1.33E-5,1.6E-7,8.6E-7,M1,1.239E-5,1.4E-5,2.7E-7,1.6E-7,M1,2.359E-5,4.8200000000000004E-6,2.4000000000000003E-7,6.4E-7,M1,2.363E-5,9.25E-7,2.4000000000000003E-7,6.4E-7,M1,2.811E-5,6.1E-7,2.4000000000000003E-7,6.4E-7,M1,2.578E-5,1.963E-5,2.4000000000000003E-7,6.4E-7,M1,2.567E-5,2.4E-6,6.4E-7,2.4000000000000003E-7,M1,7.05E-6,2.4E-6,6.4E-7,2.4000000000000003E-7,M1,2.022E-5,4.2900000000000004E-6,2.4000000000000003E-7,6.4E-7,M1,2.022E-5,1.326E-5,6.4E-7,2.4000000000000003E-7,M1,1.274E-5,1.5925E-5,1.6E-7,3.2050000000000002E-6,M1,1.274E-5,1.897E-5,2.2E-7,1.6E-7,M1,5.01E-6,6.1E-7,2.4000000000000003E-7,6.4E-7,M1,7.34E-6,1.963E-5,2.4000000000000003E-7,6.4E-7,M1,1.77E-5,1.198E-5,6.4E-7,2.4000000000000003E-7,M1,9.87E-6,1.765E-5,6.4E-7,2.4000000000000003E-7,M1,7.635E-6,1.7690000000000002E-5,2.635E-6,1.6E-7,M1,2.221E-5,1.805E-6,1.6E-7,2.05E-7,M1,2.221E-5,1.85E-6,4.61E-6,1.6E-7,M1,2.133E-5,2.35E-6,1.6E-7,1.44E-6,M1,2.133E-5,3.63E-6,1.8E-7,1.6E-7,M1,9.57E-6,4.77E-6,1.6E-7,2.5E-7,M1,9.57E-6,4.77E-6,1.9200000000000003E-6,1.6E-7,M2,1.498E-5,1.1940000000000001E-5,7.2E-7,3.2E-7,M2,2.281E-5,1.761E-5,7.2E-7,3.2E-7,M2,2.307E-5,1.7670000000000002E-5,2.6750000000000002E-6,2.0E-7,M2,2.5345000000000002E-5,1.7670000000000002E-5,6.0E-7,2.0E-7,M2,1.216E-5,2.199E-5,2.0E-7,6.0E-7,M2,1.149E-5,2.239E-5,8.7E-7,2.0E-7,M2,1.149E-5,1.81E-5,2.0E-7,4.49E-6,M2,1.149E-5,1.79E-5,2.0E-7,6.0E-7,M2,3.27E-5,2.009E-5,2.0E-7,6.0E-7,M2,3.27E-5,2.009E-5,4.6E-7,2.0E-7,M2,3.296E-5,1.664E-5,2.0E-7,3.65E-6,M2,3.296E-5,1.6440000000000002E-5,2.0E-7,6.0E-7,M2,1.2460000000000001E-5,1.322E-5,7.2E-7,3.2E-7,M2,1.286E-5,4.25E-6,3.2E-7,7.2E-7,M2,4.6E-7,2.009E-5,2.0E-7,6.0E-7,M2,2.0E-7,2.009E-5,4.6E-7,2.0E-7,M2,2.0E-7,1.664E-5,2.0E-7,3.65E-6,M2,2.0E-7,1.6440000000000002E-5,2.0E-7,6.0E-7,M2,2.1E-5,2.199E-5,2.0E-7,6.0E-7,M2,2.1E-5,2.239E-5,8.7E-7,2.0E-7,M2,2.167E-5,1.81E-5,2.0E-7,4.49E-6,M2,2.167E-5,1.79E-5,2.0E-7,6.0E-7,M2,9.49E-6,4.78E-6,3.2E-7,7.2E-7,M2,9.450000000000001E-6,8.85E-7,3.2E-7,7.2E-7,M2,2.355E-5,4.78E-6,3.2E-7,7.2E-7,M2,2.359E-5,8.85E-7,3.2E-7,7.2E-7,M2,2.813E-5,6.3E-7,2.0E-7,6.0E-7,M2,2.813E-5,6.3E-7,2.0E-7,1.922E-5,M2,2.58E-5,1.965E-5,2.53E-6,2.0E-7,M2,2.58E-5,1.965E-5,2.0E-7,6.0E-7,M2,2.569E-5,2.42E-6,6.0E-7,2.0E-7,M2,7.4700000000000005E-6,2.42E-6,1.842E-5,2.0E-7,M2,7.07E-6,2.42E-6,6.0E-7,2.0E-7,M2,2.024E-5,4.31E-6,2.0E-7,6.0E-7,M2,2.024E-5,4.31E-6,2.0E-7,9.17E-6,M2,2.024E-5,1.328E-5,4.0E-7,2.0E-7,M2,2.024E-5,1.328E-5,6.0E-7,2.0E-7,M2,5.03E-6,6.3E-7,2.0E-7,6.0E-7,M2,5.03E-6,6.3E-7,2.0E-7,1.922E-5,M2,5.03E-6,1.965E-5,2.53E-6,2.0E-7,M2,7.36E-6,1.965E-5,2.0E-7,6.0E-7,M2,1.766E-5,1.1940000000000001E-5,7.2E-7,3.2E-7,M2,9.83E-6,1.761E-5,7.2E-7,3.2E-7,M3,1.498E-5,1.1940000000000001E-5,7.2E-7,3.2E-7,M3,2.281E-5,1.761E-5,7.2E-7,3.2E-7,M3,1.252E-5,1.328E-5,6.0E-7,2.0E-7,M3,1.272E-5,1.328E-5,4.0E-7,2.0E-7,M3,1.286E-5,1.242E-5,3.2E-7,1.12E-6,M3,1.206E-5,1.322E-5,1.12E-6,3.2E-7,M3,1.286E-5,4.25E-6,3.2E-7,7.2E-7,M3,9.49E-6,4.78E-6,3.2E-7,7.2E-7,M3,9.49E-6,2.9E-6,3.2E-7,7.2E-7,M3,9.55E-6,1.345E-6,2.0E-7,2.015E-6,M3,9.51E-6,1.345E-6,2.4000000000000003E-7,2.0E-7,M3,9.51E-6,9.450000000000001E-7,2.0E-7,6.0E-7,M3,2.355E-5,4.78E-6,3.2E-7,7.2E-7,M3,2.355E-5,2.9E-6,3.2E-7,7.2E-7,M3,2.361E-5,1.345E-6,2.0E-7,2.015E-6,M3,2.361E-5,1.345E-6,2.4000000000000003E-7,2.0E-7,M3,2.365E-5,9.450000000000001E-7,2.0E-7,6.0E-7,M3,1.766E-5,1.1940000000000001E-5,7.2E-7,3.2E-7,M3,9.83E-6,1.761E-5,7.2E-7,3.2E-7,M4,1.498E-5,1.1940000000000001E-5,7.2E-7,3.2E-7,M4,2.281E-5,1.761E-5,7.2E-7,3.2E-7,M4,1.292E-5,1.248E-5,2.0E-7,1.0E-6,M4,1.2120000000000001E-5,1.328E-5,1.0E-6,2.0E-7,M4,1.292E-5,4.31E-6,2.0E-7,9.17E-6,M4,1.292E-5,4.31E-6,2.0E-7,6.0E-7,M4,9.55E-6,4.84E-6,2.0E-7,6.0E-7,M4,9.55E-6,3.1600000000000002E-6,2.0E-7,1.88E-6,M4,9.55E-6,2.96E-6,2.0E-7,6.0E-7,M4,2.361E-5,4.84E-6,2.0E-7,6.0E-7,M4,2.361E-5,3.1600000000000002E-6,2.0E-7,1.88E-6,M4,2.361E-5,2.96E-6,2.0E-7,6.0E-7,M4,1.766E-5,1.1940000000000001E-5,7.2E-7,3.2E-7,M4,9.83E-6,1.761E-5,7.2E-7,3.2E-7,M5,1.498E-5,1.1940000000000001E-5,7.2E-7,3.2E-7,M5,2.281E-5,1.761E-5,7.2E-7,3.2E-7,M5,1.772E-5,1.2E-5,6.0E-7,2.0E-7,M5,1.772E-5,1.2E-5,2.0E-7,5.87E-6,M5,1.009E-5,1.7670000000000002E-5,7.83E-6,2.0E-7,M5,9.89E-6,1.7670000000000002E-5,6.0E-7,2.0E-7,M6,1.504E-5,1.2E-5,6.0E-7,2.0E-7,M6,1.544E-5,1.2E-5,2.0E-7,5.87E-6,M6,1.544E-5,1.7670000000000002E-5,7.83E-6,2.0E-7,M6,2.287E-5,1.7670000000000002E-5,6.0E-7,2.0E-7,
M1,8.405E-6,2.0E-8,6.4E-7,2.4000000000000003E-7,M1,2.553E-5,2.0E-8,6.4E-7,2.4000000000000003E-7,M1,1.7E-5,1.805E-6,1.9200000000000003E-6,1.6E-7,M1,1.525E-5,1.4995E-5,5.42E-6,1.6E-7,M1,7.79E-6,5.5E-7,2.4000000000000003E-7,6.4E-7,M1,7.5500000000000006E-6,1.85E-5,2.4000000000000003E-7,6.4E-7,M1,1.391E-5,2.35E-6,1.6E-7,1.44E-6,M1,1.3875E-5,3.63E-6,1.95E-7,1.6E-7,M1,1.259E-5,1.3795000000000001E-5,1.9200000000000003E-6,1.6E-7,M1,1.259E-5,1.3235E-5,1.6E-7,7.2E-7,M1,4.4E-7,1.894E-5,2.4000000000000003E-7,6.4E-7,M1,1.8E-7,1.498E-5,2.4000000000000003E-7,6.4E-7,M1,1.9755E-5,2.31E-6,6.4E-7,2.4000000000000003E-7,M1,8.47E-6,3.5600000000000002E-6,6.4E-7,2.4000000000000003E-7,M1,2.694E-5,1.78E-5,6.4E-7,2.4000000000000003E-7,M1,2.1720000000000002E-5,1.3195E-5,6.4E-7,2.4000000000000003E-7,M1,2.141E-5,1.3795000000000001E-5,1.9200000000000003E-6,1.6E-7,M1,2.317E-5,1.3235E-5,1.6E-7,7.2E-7,M1,1.664E-5,2.0435E-5,2.4000000000000003E-7,6.4E-7,M1,1.521E-5,1.4555E-5,2.4000000000000003E-7,6.4E-7,M1,3.55E-5,1.498E-5,2.4000000000000003E-7,6.4E-7,M1,3.524E-5,1.894E-5,2.4000000000000003E-7,6.4E-7,M1,2.042E-5,1.0375E-5,2.4000000000000003E-7,6.4E-7,M1,2.011E-5,1.3195E-5,6.4E-7,2.4000000000000003E-7,M1,1.872E-5,1.365E-6,2.4000000000000003E-7,6.4E-7,M1,1.872E-5,1.75E-6,2.4000000000000003E-7,1.04E-6,M1,1.872E-5,1.75E-6,1.04E-6,2.4000000000000003E-7,M1,1.876E-5,1.79E-6,7.88E-6,1.6E-7,M1,1.363E-5,1.563E-5,1.6E-7,2.37E-6,M1,1.363E-5,1.5555E-5,1.6E-7,2.35E-7,M1,1.363E-5,1.5555E-5,3.3E-7,1.6E-7,M1,2.701E-5,3.5600000000000002E-6,6.4E-7,2.4000000000000003E-7,M1,1.5525E-5,2.31E-6,6.4E-7,2.4000000000000003E-7,M1,1.115E-5,4.7300000000000005E-6,2.4000000000000003E-7,6.4E-7,M1,1.219E-5,9.25E-7,2.4000000000000003E-7,6.4E-7,M1,1.115E-5,1.0815E-5,2.4000000000000003E-7,6.4E-7,M1,9.39E-6,1.542E-5,2.4000000000000003E-7,6.4E-7,M1,2.629E-5,1.542E-5,2.4000000000000003E-7,6.4E-7,M1,2.453E-5,1.0815E-5,2.4000000000000003E-7,6.4E-7,M1,1.668E-5,2.0875E-5,2.56E-6,1.6E-7,M1,2.185E-5,2.35E-6,1.6E-7,1.44E-6,M1,2.185E-5,3.63E-6,1.95E-7,1.6E-7,M1,2.813E-5,1.85E-5,2.4000000000000003E-7,6.4E-7,M1,2.789E-5,5.5E-7,2.4000000000000003E-7,6.4E-7,M1,2.453E-5,4.7300000000000005E-6,2.4000000000000003E-7,6.4E-7,M1,2.349E-5,9.25E-7,2.4000000000000003E-7,6.4E-7,M1,1.526E-5,1.0375E-5,2.4000000000000003E-7,6.4E-7,M1,1.517E-5,1.3195E-5,6.4E-7,2.4000000000000003E-7,M1,9.280000000000001E-6,1.79E-6,1.6E-7,1.75E-7,M1,9.280000000000001E-6,1.805E-6,7.88E-6,1.6E-7,M2,8.425E-6,4.0E-8,6.0E-7,2.0E-7,M2,8.625E-6,4.0E-8,1.7125E-5,2.0E-7,M2,2.555E-5,4.0E-8,6.0E-7,2.0E-7,M2,7.75E-6,5.1E-7,3.2E-7,7.2E-7,M2,7.51E-6,1.846E-5,3.2E-7,7.2E-7,M2,4.0E-7,1.8900000000000002E-5,3.2E-7,7.2E-7,M2,1.4E-7,1.4940000000000001E-5,3.2E-7,7.2E-7,M2,1.9715E-5,2.27E-6,7.2E-7,3.2E-7,M2,8.43E-6,3.52E-6,7.2E-7,3.2E-7,M2,2.69E-5,1.776E-5,7.2E-7,3.2E-7,M2,2.168E-5,1.3155E-5,7.2E-7,3.2E-7,M2,1.66E-5,2.0395E-5,3.2E-7,7.2E-7,M2,1.517E-5,1.4515E-5,3.2E-7,7.2E-7,M2,3.546E-5,1.4940000000000001E-5,3.2E-7,7.2E-7,M2,3.52E-5,1.8900000000000002E-5,3.2E-7,7.2E-7,M2,2.044E-5,1.0395E-5,2.0E-7,6.0E-7,M2,2.0130000000000002E-5,1.0795E-5,5.1E-7,2.0E-7,M2,2.0130000000000002E-5,1.0795E-5,2.0E-7,2.62E-6,M2,2.0130000000000002E-5,1.3215E-5,6.0E-7,2.0E-7,M2,1.874E-5,1.385E-6,2.0E-7,6.0E-7,M2,1.874E-5,1.77E-6,2.0E-7,2.15E-7,M2,1.874E-5,1.77E-6,2.0E-7,1.0E-6,M2,1.874E-5,1.77E-6,1.0E-6,2.0E-7,M2,2.697E-5,3.52E-6,7.2E-7,3.2E-7,M2,1.5485E-5,2.27E-6,7.2E-7,3.2E-7,M2,1.111E-5,4.69E-6,3.2E-7,7.2E-7,M2,1.215E-5,8.85E-7,3.2E-7,7.2E-7,M2,1.111E-5,1.0775000000000001E-5,3.2E-7,7.2E-7,M2,9.35E-6,1.5380000000000002E-5,3.2E-7,7.2E-7,M2,2.631E-5,1.544E-5,2.0E-7,6.0E-7,M2,2.631E-5,1.1235E-5,2.0E-7,4.805E-6,M2,2.5450000000000002E-5,1.1175E-5,1.12E-6,3.2E-7,M2,2.625E-5,1.1175E-5,3.2E-7,1.12E-6,M2,2.449E-5,1.0775000000000001E-5,3.2E-7,7.2E-7,M2,2.815E-5,1.852E-5,2.0E-7,6.0E-7,M2,2.7910000000000002E-5,1.852E-5,4.4E-7,2.0E-7,M2,2.785E-5,1.846E-5,1.12E-6,3.2E-7,M2,2.785E-5,1.766E-5,3.2E-7,1.12E-6,M2,2.785E-5,5.1E-7,3.2E-7,7.2E-7,M2,2.449E-5,4.69E-6,3.2E-7,7.2E-7,M2,2.345E-5,8.85E-7,3.2E-7,7.2E-7,M2,1.528E-5,1.0395E-5,2.0E-7,6.0E-7,M2,1.528E-5,1.0795E-5,5.1E-7,2.0E-7,M2,1.559E-5,1.0795E-5,2.0E-7,2.62E-6,M2,1.519E-5,1.3215E-5,6.0E-7,2.0E-7,M3,7.81E-6,5.7E-7,2.0E-7,6.0E-7,M3,7.81E-6,5.7E-7,2.0E-7,1.815E-5,M3,7.57E-6,1.852E-5,4.4E-7,2.0E-7,M3,7.57E-6,1.852E-5,2.0E-7,6.0E-7,M3,4.6E-7,1.896E-5,2.0E-7,6.0E-7,M3,2.0E-7,1.896E-5,4.6E-7,2.0E-7,M3,2.0E-7,1.54E-5,2.0E-7,3.76E-6,M3,2.0E-7,1.5E-5,2.0E-7,6.0E-7,M3,1.9775E-5,2.33E-6,6.0E-7,2.0E-7,M3,1.9975E-5,2.33E-6,2.0E-7,1.45E-6,M3,8.89E-6,3.58E-6,1.1285E-5,2.0E-7,M3,8.49E-6,3.58E-6,6.0E-7,2.0E-7,M3,2.69E-5,1.776E-5,7.2E-7,3.2E-7,M3,2.63E-5,1.3155E-5,1.12E-6,3.2E-7,M3,2.71E-5,1.3155E-5,3.2E-7,1.12E-6,M3,2.347E-5,1.3215E-5,3.89E-6,2.0E-7,M3,2.321E-5,1.3155E-5,7.2E-7,3.2E-7,M3,2.168E-5,1.3155E-5,7.2E-7,3.2E-7,M3,1.66E-5,2.0395E-5,3.2E-7,7.2E-7,M3,1.58E-5,1.4915E-5,1.12E-6,3.2E-7,M3,1.66E-5,1.4915E-5,3.2E-7,1.12E-6,M3,1.565E-5,1.4975E-5,1.21E-6,2.0E-7,M3,1.539E-5,1.4915E-5,7.2E-7,3.2E-7,M3,1.517E-5,1.4515E-5,3.2E-7,7.2E-7,M3,3.552E-5,1.5E-5,2.0E-7,6.0E-7,M3,3.552E-5,1.54E-5,2.0E-7,3.76E-6,M3,3.526E-5,1.896E-5,4.6E-7,2.0E-7,M3,3.526E-5,1.896E-5,2.0E-7,6.0E-7,M3,2.697E-5,3.52E-6,7.2E-7,3.2E-7,M3,1.5485E-5,2.27E-6,7.2E-7,3.2E-7,M3,1.111E-5,4.69E-6,3.2E-7,7.2E-7,M3,1.215E-5,8.85E-7,3.2E-7,7.2E-7,M3,1.111E-5,1.0775000000000001E-5,3.2E-7,7.2E-7,M3,9.35E-6,1.5380000000000002E-5,3.2E-7,7.2E-7,M3,2.5450000000000002E-5,1.1175E-5,1.12E-6,3.2E-7,M3,2.625E-5,1.1175E-5,3.2E-7,1.12E-6,M3,2.449E-5,1.0775000000000001E-5,3.2E-7,7.2E-7,M3,2.7910000000000002E-5,1.852E-5,1.0E-6,2.0E-7,M3,2.7910000000000002E-5,1.772E-5,2.0E-7,1.0E-6,M3,2.7910000000000002E-5,5.7E-7,2.0E-7,1.815E-5,M3,2.7910000000000002E-5,5.7E-7,2.0E-7,6.0E-7,M3,2.449E-5,4.69E-6,3.2E-7,7.2E-7,M3,2.345E-5,8.85E-7,3.2E-7,7.2E-7,M4,2.696E-5,1.782E-5,6.0E-7,2.0E-7,M4,2.716E-5,1.3215E-5,2.0E-7,4.805E-6,M4,2.6360000000000002E-5,1.3215E-5,1.0E-6,2.0E-7,M4,2.716E-5,1.3215E-5,2.0E-7,1.0E-6,M4,2.321E-5,1.3155E-5,7.2E-7,3.2E-7,M4,2.168E-5,1.3155E-5,7.2E-7,3.2E-7,M4,1.666E-5,2.0455E-5,2.0E-7,6.0E-7,M4,1.666E-5,1.4975E-5,2.0E-7,6.08E-6,M4,1.586E-5,1.4975E-5,1.0E-6,2.0E-7,M4,1.666E-5,1.4975E-5,2.0E-7,1.0E-6,M4,1.539E-5,1.4915E-5,7.2E-7,3.2E-7,M4,1.517E-5,1.4515E-5,3.2E-7,7.2E-7,M4,2.697E-5,3.52E-6,7.2E-7,3.2E-7,M4,1.5485E-5,2.27E-6,7.2E-7,3.2E-7,M4,1.117E-5,4.75E-6,2.0E-7,6.0E-7,M4,1.117E-5,4.045E-6,2.0E-7,9.05E-7,M4,1.117E-5,4.045E-6,1.24E-6,2.0E-7,M4,1.221E-5,1.345E-6,2.0E-7,2.9E-6,M4,1.221E-5,9.450000000000001E-7,2.0E-7,6.0E-7,M4,1.117E-5,1.0835E-5,2.0E-7,6.0E-7,M4,9.41E-6,1.1235E-5,1.96E-6,2.0E-7,M4,9.41E-6,1.1235E-5,2.0E-7,4.805E-6,M4,9.41E-6,1.544E-5,2.0E-7,6.0E-7,M4,2.5450000000000002E-5,1.1175E-5,1.12E-6,3.2E-7,M4,2.625E-5,1.1175E-5,3.2E-7,1.12E-6,M4,2.449E-5,1.0775000000000001E-5,3.2E-7,7.2E-7,M4,2.455E-5,4.75E-6,2.0E-7,6.0E-7,M4,2.455E-5,4.045E-6,2.0E-7,9.05E-7,M4,2.351E-5,4.045E-6,1.24E-6,2.0E-7,M4,2.351E-5,1.345E-6,2.0E-7,2.9E-6,M4,2.351E-5,9.450000000000001E-7,2.0E-7,6.0E-7,M5,2.327E-5,1.3215E-5,6.0E-7,2.0E-7,M5,2.194E-5,1.3215E-5,1.73E-6,2.0E-7,M5,2.1740000000000002E-5,1.3215E-5,6.0E-7,2.0E-7,M5,1.545E-5,1.4975E-5,6.0E-7,2.0E-7,M5,1.523E-5,1.4975E-5,6.2E-7,2.0E-7,M5,1.523E-5,1.4575E-5,2.0E-7,6.0E-7,M5,2.697E-5,3.52E-6,7.2E-7,3.2E-7,M5,1.5485E-5,2.27E-6,7.2E-7,3.2E-7,M5,2.551E-5,1.1235E-5,1.0E-6,2.0E-7,M5,2.631E-5,1.1235E-5,2.0E-7,1.0E-6,M5,2.455E-5,1.1235E-5,1.96E-6,2.0E-7,M5,2.455E-5,1.0835E-5,2.0E-7,6.0E-7,M6,2.673E-5,3.48E-6,1.2E-6,4.0E-7,M6,1.5245E-5,2.2300000000000002E-6,1.2E-6,4.0E-7,M7,2.673E-5,3.48E-6,1.2E-6,4.0E-7,M7,1.5245E-5,2.2300000000000002E-6,1.2E-6,4.0E-7,M8,2.673E-5,3.48E-6,1.2E-6,4.0E-7,M8,2.673E-5,2.2300000000000002E-6,4.0E-7,1.65E-6,M8,1.5645E-5,2.2300000000000002E-6,1.1485000000000001E-5,4.0E-7,M8,1.5245E-5,2.2300000000000002E-6,1.2E-6,4.0E-7,
M1,1.525E-5,1.3695E-5,5.14E-6,1.6E-7,M1,1.551E-5,1.805E-6,4.62E-6,1.6E-7,M1,2.6530000000000002E-5,4.385E-6,6.4E-7,2.4000000000000003E-7,M1,1.452E-5,3.59E-6,6.4E-7,2.4000000000000003E-7,M1,9.43E-6,4.77E-6,1.9200000000000003E-6,1.6E-7,M1,9.43E-6,4.77E-6,1.6E-7,9.55E-7,M1,3.4960000000000004E-5,2.0775E-5,2.4000000000000003E-7,6.4E-7,M1,3.522E-5,1.6815E-5,2.4000000000000003E-7,6.4E-7,M1,1.255E-5,1.1935E-5,1.6E-7,7.2E-7,M1,1.255E-5,1.1935E-5,2.0E-7,1.6E-7,M1,2.429E-5,4.77E-6,5.2E-7,1.6E-7,M1,2.465E-5,1.365E-6,1.6E-7,3.565E-6,M1,8.47E-6,4.385E-6,6.4E-7,2.4000000000000003E-7,M1,2.048E-5,3.59E-6,6.4E-7,2.4000000000000003E-7,M1,4.4E-7,2.0775E-5,2.4000000000000003E-7,6.4E-7,M1,1.8E-7,1.6815E-5,2.4000000000000003E-7,6.4E-7,M1,7.5500000000000006E-6,2.0335E-5,2.4000000000000003E-7,6.4E-7,M1,6.69E-6,7.2E-7,2.4000000000000003E-7,6.4E-7,M1,2.321E-5,1.365E-6,2.4000000000000003E-7,6.4E-7,M1,2.708E-5,2.405E-6,6.4E-7,2.4000000000000003E-7,M1,2.732E-5,2.445E-6,3.4000000000000003E-7,1.6E-7,M1,8.89E-6,3.145E-6,1.335E-6,1.6E-7,M1,9.825E-6,3.105E-6,6.4E-7,2.4000000000000003E-7,M1,2.655E-5,3.105E-6,6.4E-7,2.4000000000000003E-7,M1,2.059E-5,2.35E-6,1.6E-7,1.44E-6,M1,2.052E-5,3.63E-6,2.3E-7,1.6E-7,M1,1.489E-5,2.35E-6,1.6E-7,1.44E-6,M1,1.489E-5,3.63E-6,2.3E-7,1.6E-7,M1,1.876E-5,2.2270000000000002E-5,2.4000000000000003E-7,6.4E-7,M1,2.019E-5,1.3255000000000001E-5,2.4000000000000003E-7,6.4E-7,M1,2.293E-5,1.1935E-5,1.6E-7,7.2E-7,M1,2.289E-5,1.1935E-5,2.0E-7,1.6E-7,M1,1.668E-5,2.271E-5,2.28E-6,1.6E-7,M1,2.014E-5,9.075E-6,2.4000000000000003E-7,6.4E-7,M1,2.0435E-5,1.1295E-5,2.4000000000000003E-7,6.4E-7,M1,2.0475E-5,1.1535E-5,1.6E-7,5.6E-7,M1,2.185E-5,1.4255E-5,1.6E-7,5.58E-6,M1,2.168E-5,1.4255E-5,3.3E-7,1.6E-7,M1,2.871E-5,7.2E-7,2.4000000000000003E-7,6.4E-7,M1,2.785E-5,2.0335E-5,2.4000000000000003E-7,6.4E-7,M1,8.34E-6,1.9635E-5,6.4E-7,2.4000000000000003E-7,M1,1.356E-5,1.1895E-5,6.4E-7,2.4000000000000003E-7,M1,1.219E-5,1.365E-6,2.4000000000000003E-7,6.4E-7,M1,7.92E-6,2.405E-6,6.4E-7,2.4000000000000003E-7,M1,7.98E-6,2.445E-6,3.4000000000000003E-7,1.6E-7,M1,2.605E-5,4.77E-6,1.6E-7,9.55E-7,M1,2.429E-5,4.77E-6,1.9200000000000003E-6,1.6E-7,M1,1.083E-5,4.77E-6,5.2E-7,1.6E-7,M1,1.083E-5,1.365E-6,1.6E-7,3.565E-6,M1,1.526E-5,9.075E-6,2.4000000000000003E-7,6.4E-7,M1,1.4965E-5,1.1295E-5,2.4000000000000003E-7,6.4E-7,M1,1.5005E-5,1.1535E-5,1.6E-7,5.6E-7,M2,2.6490000000000002E-5,4.345E-6,7.2E-7,3.2E-7,M2,1.448E-5,3.55E-6,7.2E-7,3.2E-7,M2,3.498E-5,2.0795E-5,2.0E-7,6.0E-7,M2,3.498E-5,1.7235E-5,2.0E-7,3.76E-6,M2,3.498E-5,1.7235E-5,4.6E-7,2.0E-7,M2,3.524E-5,1.6835E-5,2.0E-7,6.0E-7,M2,8.49E-6,4.405E-6,6.0E-7,2.0E-7,M2,8.89E-6,4.405E-6,1.181E-5,2.0E-7,M2,2.05E-5,3.61E-6,2.0E-7,9.95E-7,M2,2.05E-5,3.61E-6,6.0E-7,2.0E-7,M2,4.6E-7,2.0795E-5,2.0E-7,6.0E-7,M2,4.6E-7,1.7235E-5,2.0E-7,3.76E-6,M2,2.0E-7,1.7235E-5,4.6E-7,2.0E-7,M2,2.0E-7,1.6835E-5,2.0E-7,6.0E-7,M2,7.51E-6,2.0295E-5,3.2E-7,7.2E-7,M2,6.65E-6,6.800000000000001E-7,3.2E-7,7.2E-7,M2,2.323E-5,1.385E-6,2.0E-7,6.0E-7,M2,2.323E-5,1.785E-6,2.0E-7,8.4E-7,M2,2.323E-5,2.425E-6,4.27E-6,2.0E-7,M2,2.71E-5,2.425E-6,6.0E-7,2.0E-7,M2,9.845E-6,3.125E-6,6.0E-7,2.0E-7,M2,1.0045E-5,3.125E-6,1.6725E-5,2.0E-7,M2,2.657E-5,3.125E-6,6.0E-7,2.0E-7,M2,1.872E-5,2.223E-5,3.2E-7,7.2E-7,M2,1.872E-5,1.3615000000000001E-5,3.2E-7,1.12E-6,M2,1.872E-5,1.3615000000000001E-5,1.12E-6,3.2E-7,M2,1.878E-5,1.3675E-5,1.63E-6,2.0E-7,M2,2.021E-5,1.3275E-5,2.0E-7,6.0E-7,M2,2.016E-5,9.095E-6,2.0E-7,6.0E-7,M2,2.016E-5,9.495E-6,4.95E-7,2.0E-7,M2,2.0455E-5,9.495E-6,2.0E-7,2.22E-6,M2,2.0455E-5,1.1315000000000001E-5,2.0E-7,6.0E-7,M2,2.867E-5,6.800000000000001E-7,3.2E-7,7.2E-7,M2,2.781E-5,2.0295E-5,3.2E-7,7.2E-7,M2,8.3E-6,1.9595E-5,7.2E-7,3.2E-7,M2,8.5E-6,1.1855E-5,3.2E-7,1.12E-6,M2,8.5E-6,1.1855E-5,1.12E-6,3.2E-7,M2,8.56E-6,1.1915E-5,5.42E-6,2.0E-7,M2,1.358E-5,1.1915E-5,6.0E-7,2.0E-7,M2,1.221E-5,1.385E-6,2.0E-7,6.0E-7,M2,1.221E-5,1.785E-6,2.0E-7,8.4E-7,M2,8.14E-6,2.425E-6,4.27E-6,2.0E-7,M2,7.94E-6,2.425E-6,6.0E-7,2.0E-7,M2,1.528E-5,9.095E-6,2.0E-7,6.0E-7,M2,1.4985E-5,9.495E-6,4.95E-7,2.0E-7,M2,1.4985E-5,9.495E-6,2.0E-7,2.22E-6,M2,1.4985E-5,1.1315000000000001E-5,2.0E-7,6.0E-7,M3,2.655E-5,4.405E-6,6.0E-7,2.0E-7,M3,1.4940000000000001E-5,4.405E-6,1.181E-5,2.0E-7,M3,1.4940000000000001E-5,3.61E-6,2.0E-7,9.95E-7,M3,1.454E-5,3.61E-6,6.0E-7,2.0E-7,M3,7.51E-6,2.0295E-5,3.2E-7,7.2E-7,M3,6.65E-6,6.800000000000001E-7,3.2E-7,7.2E-7,M3,1.878E-5,2.2290000000000002E-5,2.0E-7,6.0E-7,M3,1.878E-5,1.3675E-5,2.0E-7,9.215E-6,M3,1.878E-5,1.3675E-5,2.0E-7,1.0E-6,M3,1.878E-5,1.3675E-5,1.0E-6,2.0E-7,M3,2.873E-5,7.4E-7,2.0E-7,6.0E-7,M3,2.873E-5,7.4E-7,2.0E-7,1.9815E-5,M3,2.867E-5,1.9495E-5,3.2E-7,1.12E-6,M3,2.787E-5,2.0295E-5,1.12E-6,3.2E-7,M3,2.781E-5,2.0295E-5,3.2E-7,7.2E-7,M3,8.36E-6,1.9655E-5,6.0E-7,2.0E-7,M3,8.56E-6,1.1915E-5,2.0E-7,7.94E-6,M3,8.56E-6,1.1915E-5,2.0E-7,1.0E-6,M3,8.56E-6,1.1915E-5,1.0E-6,2.0E-7,M4,7.57E-6,2.0355E-5,2.0E-7,6.0E-7,M4,7.57E-6,7.4E-7,2.0E-7,1.9815E-5,M4,6.71E-6,7.4E-7,1.06E-6,2.0E-7,M4,6.71E-6,7.4E-7,2.0E-7,6.0E-7,M4,2.873E-5,1.9555E-5,2.0E-7,1.0E-6,M4,2.7930000000000002E-5,2.0355E-5,1.0E-6,2.0E-7,M4,2.787E-5,2.0355E-5,1.06E-6,2.0E-7,M4,2.787E-5,2.0355E-5,2.0E-7,6.0E-7,
M1,8.390000000000001E-6,7.2E-7,2.4000000000000003E-7,6.4E-7,M1,7.5500000000000006E-6,1.99E-5,2.4000000000000003E-7,6.4E-7,M1,1.798E-5,1.805E-6,1.9200000000000003E-6,1.6E-7,M1,1.2290000000000001E-5,1.7165E-5,1.6E-7,2.235E-6,M1,1.225E-5,1.92E-5,1.04E-6,2.4000000000000003E-7,M1,1.225E-5,1.84E-5,2.4000000000000003E-7,1.04E-6,M1,1.2565E-5,1.92E-5,6.4E-7,2.4000000000000003E-7,M1,2.387E-5,1.4565E-5,6.4E-7,2.4000000000000003E-7,M1,2.238E-5,1.1745E-5,2.4000000000000003E-7,6.4E-7,M1,2.304E-5,1.365E-6,2.4000000000000003E-7,6.4E-7,M1,2.686E-5,1.765E-6,1.04E-6,2.4000000000000003E-7,M1,2.766E-5,1.765E-6,2.4000000000000003E-7,1.04E-6,M1,2.77E-5,1.805E-6,1.6E-7,1.375E-6,M1,3.135E-5,1.792E-5,6.4E-7,2.4000000000000003E-7,M1,1.3635E-5,1.3285E-5,6.4E-7,2.4000000000000003E-7,M1,3.72E-5,2.0340000000000002E-5,2.4000000000000003E-7,6.4E-7,M1,3.7460000000000004E-5,1.638E-5,2.4000000000000003E-7,6.4E-7,M1,1.115E-5,6.1E-6,2.4000000000000003E-7,6.4E-7,M1,1.3170000000000001E-5,5.65E-7,2.4000000000000003E-7,6.4E-7,M1,3.009E-5,1.99E-5,2.4000000000000003E-7,6.4E-7,M1,2.925E-5,7.2E-7,2.4000000000000003E-7,6.4E-7,M1,4.4E-7,2.0340000000000002E-5,2.4000000000000003E-7,6.4E-7,M1,1.8E-7,1.638E-5,2.4000000000000003E-7,6.4E-7,M1,1.452E-5,2.2325E-5,8.84E-6,1.6E-7,M1,1.002E-5,1.805E-6,1.6E-7,1.375E-6,M1,9.980000000000001E-6,1.765E-6,2.4000000000000003E-7,1.04E-6,M1,9.980000000000001E-6,1.765E-6,1.04E-6,2.4000000000000003E-7,M1,1.46E-5,1.365E-6,2.4000000000000003E-7,6.4E-7,M1,1.0520000000000001E-5,2.1885E-5,2.4000000000000003E-7,6.4E-7,M1,1.133E-5,1.8335E-5,2.4000000000000003E-7,6.4E-7,M1,1.137E-5,1.6485E-5,1.6E-7,2.25E-6,M1,1.337E-5,1.4565E-5,6.4E-7,2.4000000000000003E-7,M1,1.526E-5,1.1745E-5,2.4000000000000003E-7,6.4E-7,M1,5.89E-6,1.792E-5,6.4E-7,2.4000000000000003E-7,M1,2.3605000000000002E-5,1.3285E-5,6.4E-7,2.4000000000000003E-7,M1,2.641E-5,3.68E-6,6.4E-7,2.4000000000000003E-7,M1,1.357E-5,3.68E-6,6.4E-7,2.4000000000000003E-7,M1,1.127E-5,3.72E-6,2.7E-6,1.6E-7,M1,9.43E-6,6.1400000000000005E-6,1.9200000000000003E-6,1.6E-7,M1,2.712E-5,2.1885E-5,2.4000000000000003E-7,6.4E-7,M1,2.631E-5,1.8335E-5,2.4000000000000003E-7,6.4E-7,M1,2.635E-5,1.6485E-5,1.6E-7,2.25E-6,M1,1.489E-5,2.35E-6,1.8E-7,1.6E-7,M1,1.491E-5,2.35E-6,1.6E-7,2.81E-6,M1,1.491E-5,5.0E-6,2.1E-7,1.6E-7,M1,2.4675E-5,1.92E-5,6.4E-7,2.4000000000000003E-7,M1,2.539E-5,1.84E-5,2.4000000000000003E-7,1.04E-6,M1,2.459E-5,1.92E-5,1.04E-6,2.4000000000000003E-7,M1,2.5430000000000002E-5,1.7165E-5,1.6E-7,2.235E-6,M1,2.6490000000000002E-5,6.1E-6,2.4000000000000003E-7,6.4E-7,M1,2.447E-5,5.65E-7,2.4000000000000003E-7,6.4E-7,M1,2.5125E-5,1.4605E-5,2.05E-7,1.6E-7,M1,2.517E-5,1.4605E-5,1.6E-7,8.4E-7,M1,2.6530000000000002E-5,6.1400000000000005E-6,1.9200000000000003E-6,1.6E-7,M1,1.255E-5,1.4605E-5,2.05E-7,1.6E-7,M1,1.255E-5,1.4605E-5,1.6E-7,8.4E-7,M1,2.281E-5,2.35E-6,1.8E-7,1.6E-7,M1,2.281E-5,2.35E-6,1.6E-7,2.81E-6,M1,2.276E-5,5.0E-6,2.1E-7,1.6E-7,M2,8.35E-6,6.800000000000001E-7,3.2E-7,7.2E-7,M2,7.51E-6,6.800000000000001E-7,3.2E-7,1.12E-6,M2,7.51E-6,6.800000000000001E-7,1.12E-6,3.2E-7,M2,7.57E-6,7.4E-7,2.0E-7,1.938E-5,M2,7.57E-6,1.992E-5,2.0E-7,6.0E-7,M2,1.221E-5,1.916E-5,1.12E-6,3.2E-7,M2,1.221E-5,1.836E-5,3.2E-7,1.12E-6,M2,1.2525E-5,1.916E-5,7.2E-7,3.2E-7,M2,2.389E-5,1.4585E-5,6.0E-7,2.0E-7,M2,2.24E-5,1.4585E-5,1.6900000000000001E-6,2.0E-7,M2,2.24E-5,1.2165E-5,2.0E-7,2.62E-6,M2,2.24E-5,1.1765E-5,2.0E-7,6.0E-7,M2,2.306E-5,1.385E-6,2.0E-7,6.0E-7,M2,2.306E-5,1.785E-6,4.8200000000000004E-6,2.0E-7,M2,2.688E-5,1.785E-6,1.0E-6,2.0E-7,M2,2.768E-5,1.785E-6,2.0E-7,1.0E-6,M2,3.1310000000000003E-5,1.788E-5,7.2E-7,3.2E-7,M2,1.3595000000000001E-5,1.3245000000000001E-5,7.2E-7,3.2E-7,M2,3.716E-5,2.03E-5,3.2E-7,7.2E-7,M2,3.742E-5,1.634E-5,3.2E-7,7.2E-7,M2,1.111E-5,6.0600000000000004E-6,3.2E-7,7.2E-7,M2,1.313E-5,5.250000000000001E-7,3.2E-7,7.2E-7,M2,3.011E-5,1.992E-5,2.0E-7,6.0E-7,M2,3.011E-5,7.4E-7,2.0E-7,1.938E-5,M2,2.925E-5,6.800000000000001E-7,1.12E-6,3.2E-7,M2,3.0050000000000002E-5,6.800000000000001E-7,3.2E-7,1.12E-6,M2,2.921E-5,6.800000000000001E-7,3.2E-7,7.2E-7,M2,4.0E-7,2.03E-5,3.2E-7,7.2E-7,M2,1.4E-7,1.634E-5,3.2E-7,7.2E-7,M2,1.0E-5,1.785E-6,2.0E-7,1.0E-6,M2,1.0E-5,1.785E-6,1.0E-6,2.0E-7,M2,1.0E-5,1.785E-6,4.8200000000000004E-6,2.0E-7,M2,1.462E-5,1.385E-6,2.0E-7,6.0E-7,M2,1.054E-5,2.1905E-5,2.0E-7,6.0E-7,M2,1.054E-5,2.2305E-5,1.01E-6,2.0E-7,M2,1.135E-5,1.8555E-5,2.0E-7,3.95E-6,M2,1.135E-5,1.8355E-5,2.0E-7,6.0E-7,M2,1.339E-5,1.4585E-5,6.0E-7,2.0E-7,M2,1.379E-5,1.4585E-5,1.6900000000000001E-6,2.0E-7,M2,1.528E-5,1.2165E-5,2.0E-7,2.62E-6,M2,1.528E-5,1.1765E-5,2.0E-7,6.0E-7,M2,5.85E-6,1.788E-5,7.2E-7,3.2E-7,M2,2.3565E-5,1.3245000000000001E-5,7.2E-7,3.2E-7,M2,2.643E-5,3.7E-6,6.0E-7,2.0E-7,M2,1.379E-5,3.7E-6,1.284E-5,2.0E-7,M2,1.359E-5,3.7E-6,6.0E-7,2.0E-7,M2,2.714E-5,2.1905E-5,2.0E-7,6.0E-7,M2,2.633E-5,2.2305E-5,1.01E-6,2.0E-7,M2,2.633E-5,1.8555E-5,2.0E-7,3.95E-6,M2,2.633E-5,1.8355E-5,2.0E-7,6.0E-7,M2,2.4635E-5,1.916E-5,7.2E-7,3.2E-7,M2,2.535E-5,1.836E-5,3.2E-7,1.12E-6,M2,2.455E-5,1.916E-5,1.12E-6,3.2E-7,M2,2.645E-5,6.0600000000000004E-6,3.2E-7,7.2E-7,M2,2.443E-5,5.250000000000001E-7,3.2E-7,7.2E-7,M3,8.35E-6,6.800000000000001E-7,3.2E-7,7.2E-7,M3,7.51E-6,6.800000000000001E-7,3.2E-7,1.12E-6,M3,7.51E-6,6.800000000000001E-7,1.12E-6,3.2E-7,M3,1.227E-5,1.922E-5,1.0E-6,2.0E-7,M3,1.227E-5,1.842E-5,2.0E-7,1.0E-6,M3,1.227E-5,1.922E-5,7.15E-7,2.0E-7,M3,1.2585E-5,1.922E-5,6.0E-7,2.0E-7,M3,3.1310000000000003E-5,1.788E-5,7.2E-7,3.2E-7,M3,1.3595000000000001E-5,1.3245000000000001E-5,7.2E-7,3.2E-7,M3,3.722E-5,2.036E-5,2.0E-7,6.0E-7,M3,3.722E-5,2.036E-5,4.6E-7,2.0E-7,M3,3.748E-5,1.6800000000000002E-5,2.0E-7,3.76E-6,M3,3.748E-5,1.64E-5,2.0E-7,6.0E-7,M3,1.117E-5,6.12E-6,2.0E-7,6.0E-7,M3,1.117E-5,6.12E-6,2.22E-6,2.0E-7,M3,1.319E-5,5.85E-7,2.0E-7,5.735E-6,M3,1.319E-5,5.85E-7,2.0E-7,6.0E-7,M3,2.925E-5,6.800000000000001E-7,1.12E-6,3.2E-7,M3,3.0050000000000002E-5,6.800000000000001E-7,3.2E-7,1.12E-6,M3,2.921E-5,6.800000000000001E-7,3.2E-7,7.2E-7,M3,4.6E-7,2.036E-5,2.0E-7,6.0E-7,M3,2.0E-7,2.036E-5,4.6E-7,2.0E-7,M3,2.0E-7,1.6800000000000002E-5,2.0E-7,3.76E-6,M3,2.0E-7,1.64E-5,2.0E-7,6.0E-7,M3,5.91E-6,1.794E-5,6.0E-7,2.0E-7,M3,6.11E-6,1.794E-5,1.7915E-5,2.0E-7,M3,2.3825E-5,1.3305E-5,2.0E-7,4.835E-6,M3,2.3625E-5,1.3305E-5,6.0E-7,2.0E-7,M3,2.4635E-5,1.916E-5,7.2E-7,3.2E-7,M3,2.535E-5,1.836E-5,3.2E-7,1.12E-6,M3,2.455E-5,1.916E-5,1.12E-6,3.2E-7,M3,2.6510000000000002E-5,6.12E-6,2.0E-7,6.0E-7,M3,2.449E-5,6.12E-6,2.22E-6,2.0E-7,M3,2.449E-5,5.85E-7,2.0E-7,5.735E-6,M3,2.449E-5,5.85E-7,2.0E-7,6.0E-7,M4,8.35E-6,6.800000000000001E-7,3.2E-7,7.2E-7,M4,7.51E-6,6.800000000000001E-7,3.2E-7,1.12E-6,M4,7.51E-6,6.800000000000001E-7,1.12E-6,3.2E-7,M4,3.137E-5,1.794E-5,6.0E-7,2.0E-7,M4,1.3855E-5,1.794E-5,1.7915E-5,2.0E-7,M4,1.3855E-5,1.3305E-5,2.0E-7,4.835E-6,M4,1.3655E-5,1.3305E-5,6.0E-7,2.0E-7,M4,2.9310000000000002E-5,7.4E-7,1.0E-6,2.0E-7,M4,3.011E-5,7.4E-7,2.0E-7,1.0E-6,M4,2.927E-5,7.4E-7,1.04E-6,2.0E-7,M4,2.927E-5,7.4E-7,2.0E-7,6.0E-7,M4,2.4695E-5,1.922E-5,6.0E-7,2.0E-7,M4,2.4895E-5,1.922E-5,7.15E-7,2.0E-7,M4,2.541E-5,1.842E-5,2.0E-7,1.0E-6,M4,2.461E-5,1.922E-5,1.0E-6,2.0E-7,M5,8.41E-6,7.4E-7,2.0E-7,6.0E-7,M5,7.57E-6,7.4E-7,1.04E-6,2.0E-7,M5,7.57E-6,7.4E-7,2.0E-7,1.0E-6,M5,7.57E-6,7.4E-7,1.0E-6,2.0E-7,
M1,2.312E-5,8.51E-6,2.4000000000000003E-7,6.4E-7,M1,2.696E-5,1.6435E-5,6.4E-7,2.4000000000000003E-7,M1,1.8E-7,1.3615000000000001E-5,2.4000000000000003E-7,6.4E-7,M1,4.4E-7,1.7575E-5,2.4000000000000003E-7,6.4E-7,M1,4.4200000000000004E-5,1.7575E-5,2.4000000000000003E-7,6.4E-7,M1,4.446E-5,1.3615000000000001E-5,2.4000000000000003E-7,6.4E-7,M1,2.8820000000000002E-5,1.6475E-5,3.14E-6,1.6E-7,M1,1.6505E-5,1.6475E-5,1.6E-7,8.05E-7,M1,1.646E-5,1.712E-5,2.05E-7,1.6E-7,M1,1.3520000000000001E-5,2.35E-6,4.61E-6,1.6E-7,M1,1.713E-5,2.31E-6,1.04E-6,2.4000000000000003E-7,M1,1.793E-5,2.31E-6,2.4000000000000003E-7,1.04E-6,M1,1.793E-5,3.59E-6,6.4E-7,2.4000000000000003E-7,M1,2.152E-5,8.51E-6,2.4000000000000003E-7,6.4E-7,M1,1.728E-5,1.6435E-5,6.4E-7,2.4000000000000003E-7,M1,1.292E-5,1.6475E-5,3.14E-6,1.6E-7,M1,3.646E-5,1.7135E-5,2.4000000000000003E-7,6.4E-7,M1,3.7E-5,2.46E-6,2.4000000000000003E-7,6.4E-7,M1,3.3940000000000004E-5,1.365E-6,2.4000000000000003E-7,6.4E-7,M1,3.844E-5,2.9E-6,2.4000000000000003E-7,6.4E-7,M1,1.0700000000000001E-5,1.365E-6,2.4000000000000003E-7,6.4E-7,M1,6.2E-6,2.9E-6,2.4000000000000003E-7,6.4E-7,M1,1.736E-5,1.832E-5,1.0160000000000001E-5,1.6E-7,M1,1.565E-5,6.42E-6,2.4000000000000003E-7,6.4E-7,M1,1.226E-5,5.65E-7,2.4000000000000003E-7,6.4E-7,M1,2.346E-5,3.59E-6,6.4E-7,2.4000000000000003E-7,M1,1.473E-5,5.28E-6,6.4E-7,2.4000000000000003E-7,M1,2.8990000000000002E-5,6.42E-6,2.4000000000000003E-7,6.4E-7,M1,3.238E-5,5.65E-7,2.4000000000000003E-7,6.4E-7,M1,1.414E-5,1.805E-6,1.66E-5,1.6E-7,M1,2.826E-5,1.6475E-5,1.6E-7,8.05E-7,M1,2.8215E-5,1.6475E-5,2.05E-7,1.6E-7,M1,1.569E-5,4.77E-6,1.6E-7,1.85E-6,M1,1.569E-5,4.77E-6,1.9200000000000003E-6,1.6E-7,M1,2.7230000000000002E-5,4.7300000000000005E-6,2.4000000000000003E-7,6.4E-7,M1,2.8990000000000002E-5,6.42E-6,2.4000000000000003E-7,6.4E-7,M1,1.524E-5,1.788E-5,2.4000000000000003E-7,6.4E-7,M1,1.238E-5,1.8635E-5,2.4000000000000003E-7,6.4E-7,M1,2.951E-5,5.28E-6,6.4E-7,2.4000000000000003E-7,M1,2.078E-5,3.59E-6,6.4E-7,2.4000000000000003E-7,M1,8.18E-6,1.7135E-5,2.4000000000000003E-7,6.4E-7,M1,7.64E-6,2.46E-6,2.4000000000000003E-7,6.4E-7,M1,2.944E-5,1.9075E-5,3.02E-6,1.6E-7,M1,2.94E-5,1.9035E-5,1.04E-6,2.4000000000000003E-7,M1,2.94E-5,1.8235E-5,2.4000000000000003E-7,1.04E-6,M1,2.94E-5,1.788E-5,2.4000000000000003E-7,6.4E-7,M1,6.9E-6,2.0E-8,6.4E-7,2.4000000000000003E-7,M1,3.734E-5,2.0E-8,6.4E-7,2.4000000000000003E-7,M1,2.675E-5,2.35E-6,1.6E-7,1.44E-6,M1,2.675E-5,2.35E-6,4.61E-6,1.6E-7,M2,2.3140000000000002E-5,8.53E-6,2.0E-7,6.0E-7,M2,2.3140000000000002E-5,8.930000000000001E-6,2.0E-7,7.725E-6,M2,2.3140000000000002E-5,1.6455E-5,4.04E-6,2.0E-7,M2,2.698E-5,1.6455E-5,6.0E-7,2.0E-7,M2,1.4E-7,1.3575E-5,3.2E-7,7.2E-7,M2,4.0E-7,1.7535E-5,3.2E-7,7.2E-7,M2,4.4160000000000004E-5,1.7535E-5,3.2E-7,7.2E-7,M2,4.442E-5,1.3575E-5,3.2E-7,7.2E-7,M2,1.715E-5,2.33E-6,1.0E-6,2.0E-7,M2,1.795E-5,2.33E-6,2.0E-7,1.0E-6,M2,1.795E-5,2.33E-6,2.0E-7,1.48E-6,M2,1.795E-5,3.61E-6,6.0E-7,2.0E-7,M2,2.154E-5,8.53E-6,2.0E-7,6.0E-7,M2,2.154E-5,8.930000000000001E-6,2.0E-7,7.725E-6,M2,1.77E-5,1.6455E-5,4.04E-6,2.0E-7,M2,1.73E-5,1.6455E-5,6.0E-7,2.0E-7,M2,3.648E-5,1.7155E-5,2.0E-7,6.0E-7,M2,3.648E-5,2.88E-6,2.0E-7,1.4475E-5,M2,3.648E-5,2.88E-6,7.4E-7,2.0E-7,M2,3.702E-5,2.48E-6,2.0E-7,6.0E-7,M2,3.3900000000000004E-5,1.325E-6,3.2E-7,7.2E-7,M2,3.84E-5,2.86E-6,3.2E-7,7.2E-7,M2,1.066E-5,1.325E-6,3.2E-7,7.2E-7,M2,6.16E-6,2.86E-6,3.2E-7,7.2E-7,M2,1.567E-5,6.44E-6,2.0E-7,6.0E-7,M2,1.567E-5,5.85E-7,2.0E-7,6.0550000000000005E-6,M2,1.2280000000000001E-5,5.85E-7,3.59E-6,2.0E-7,M2,1.2280000000000001E-5,5.85E-7,2.0E-7,6.0E-7,M2,2.342E-5,3.55E-6,7.2E-7,3.2E-7,M2,1.469E-5,5.24E-6,7.2E-7,3.2E-7,M2,2.9010000000000002E-5,6.44E-6,2.0E-7,6.0E-7,M2,2.9010000000000002E-5,5.85E-7,2.0E-7,6.0550000000000005E-6,M2,2.9010000000000002E-5,5.85E-7,3.59E-6,2.0E-7,M2,3.24E-5,5.85E-7,2.0E-7,6.0E-7,M2,2.7190000000000002E-5,4.69E-6,3.2E-7,7.2E-7,M2,2.895E-5,6.38E-6,3.2E-7,7.2E-7,M2,1.526E-5,1.79E-5,2.0E-7,6.0E-7,M2,1.526E-5,1.83E-5,2.0E-7,9.55E-7,M2,1.24E-5,1.9055E-5,3.06E-6,2.0E-7,M2,1.24E-5,1.8655E-5,2.0E-7,6.0E-7,M2,2.947E-5,5.24E-6,7.2E-7,3.2E-7,M2,2.074E-5,3.55E-6,7.2E-7,3.2E-7,M2,8.2E-6,1.7155E-5,2.0E-7,6.0E-7,M2,8.2E-6,2.88E-6,2.0E-7,1.4475E-5,M2,7.66E-6,2.88E-6,7.4E-7,2.0E-7,M2,7.66E-6,2.48E-6,2.0E-7,6.0E-7,M2,2.942E-5,1.9055E-5,1.0E-6,2.0E-7,M2,2.942E-5,1.8255E-5,2.0E-7,1.0E-6,M2,2.942E-5,1.83E-5,2.0E-7,9.55E-7,M2,2.942E-5,1.79E-5,2.0E-7,6.0E-7,M2,6.92E-6,4.0E-8,6.0E-7,2.0E-7,M2,7.32E-6,4.0E-8,3.0240000000000002E-5,2.0E-7,M2,3.736E-5,4.0E-8,6.0E-7,2.0E-7,M3,2.0E-7,1.3635E-5,2.0E-7,6.0E-7,M3,2.0E-7,1.4035E-5,4.6E-7,2.0E-7,M3,4.6E-7,1.4035E-5,2.0E-7,3.76E-6,M3,4.6E-7,1.7595E-5,2.0E-7,6.0E-7,M3,4.422E-5,1.7595E-5,2.0E-7,6.0E-7,M3,4.422E-5,1.4035E-5,2.0E-7,3.76E-6,M3,4.422E-5,1.4035E-5,4.6E-7,2.0E-7,M3,4.448E-5,1.3635E-5,2.0E-7,6.0E-7,M3,3.396E-5,1.385E-6,2.0E-7,6.0E-7,M3,3.396E-5,1.785E-6,2.0E-7,1.7350000000000001E-6,M3,3.396E-5,3.32E-6,4.7E-6,2.0E-7,M3,3.846E-5,2.92E-6,2.0E-7,6.0E-7,M3,1.072E-5,1.385E-6,2.0E-7,6.0E-7,M3,1.072E-5,1.785E-6,2.0E-7,1.7350000000000001E-6,M3,6.22E-6,3.32E-6,4.7E-6,2.0E-7,M3,6.22E-6,2.92E-6,2.0E-7,6.0E-7,M3,2.348E-5,3.61E-6,6.0E-7,2.0E-7,M3,2.348E-5,3.61E-6,2.0E-7,1.8900000000000001E-6,M3,2.342E-5,4.44E-6,3.2E-7,1.12E-6,M3,2.262E-5,5.24E-6,1.12E-6,3.2E-7,M3,1.469E-5,5.24E-6,7.2E-7,3.2E-7,M3,2.7190000000000002E-5,4.69E-6,3.2E-7,7.2E-7,M3,2.895E-5,6.38E-6,3.2E-7,7.2E-7,M3,2.947E-5,5.24E-6,7.2E-7,3.2E-7,M3,2.074E-5,3.55E-6,7.2E-7,3.2E-7,M4,2.348E-5,4.5E-6,2.0E-7,1.0E-6,M4,2.268E-5,5.3E-6,1.0E-6,2.0E-7,M4,1.515E-5,5.3E-6,8.53E-6,2.0E-7,M4,1.4750000000000001E-5,5.3E-6,6.0E-7,2.0E-7,M4,2.725E-5,4.75E-6,2.0E-7,6.0E-7,M4,2.725E-5,4.75E-6,1.96E-6,2.0E-7,M4,2.9010000000000002E-5,4.75E-6,2.0E-7,1.8900000000000001E-6,M4,2.9010000000000002E-5,6.44E-6,2.0E-7,6.0E-7,M4,2.953E-5,5.3E-6,6.0E-7,2.0E-7,M4,2.953E-5,3.61E-6,2.0E-7,1.8900000000000001E-6,M4,2.867E-5,3.55E-6,1.12E-6,3.2E-7,M4,2.947E-5,3.55E-6,3.2E-7,1.12E-6,M4,2.074E-5,3.55E-6,7.2E-7,3.2E-7,M5,2.873E-5,3.61E-6,1.0E-6,2.0E-7,M5,2.953E-5,3.61E-6,2.0E-7,1.0E-6,M5,2.12E-5,3.61E-6,8.53E-6,2.0E-7,M5,2.08E-5,3.61E-6,6.0E-7,2.0E-7,
M1,8.56E-6,4.65E-6,1.6E-7,2.8E-7,M1,6.8E-6,4.65E-6,1.9200000000000003E-6,1.6E-7,M1,9.19E-6,2.0E-8,6.4E-7,2.4000000000000003E-7,M1,2.8345E-5,2.0E-8,6.4E-7,2.4000000000000003E-7,M1,1.8E-7,1.899E-5,2.4000000000000003E-7,6.4E-7,M1,4.4E-7,2.295E-5,2.4000000000000003E-7,6.4E-7,M1,1.674E-5,1.805E-6,3.44E-6,1.6E-7,M1,2.421E-5,2.31E-6,6.4E-7,2.4000000000000003E-7,M1,2.4785E-5,1.135E-5,6.4E-7,2.4000000000000003E-7,M1,3.624E-5,2.295E-5,2.4000000000000003E-7,6.4E-7,M1,3.65E-5,1.899E-5,2.4000000000000003E-7,6.4E-7,M1,8.52E-6,4.7300000000000005E-6,2.4000000000000003E-7,6.4E-7,M1,1.163E-5,9.25E-7,2.4000000000000003E-7,6.4E-7,M1,1.177E-5,1.499E-5,1.6E-7,7.0200000000000006E-6,M1,1.153E-5,2.185E-5,4.0E-7,1.6E-7,M1,2.4145E-5,1.2630000000000001E-5,6.4E-7,2.4000000000000003E-7,M1,2.411E-5,9.810000000000001E-6,2.4000000000000003E-7,6.4E-7,M1,2.4385E-5,1.323E-5,8.15E-7,1.6E-7,M1,2.4345E-5,1.319E-5,1.04E-6,2.4000000000000003E-7,M1,2.4345E-5,1.239E-5,2.4000000000000003E-7,1.04E-6,M1,2.4145E-5,1.2630000000000001E-5,6.4E-7,2.4000000000000003E-7,M1,3.119E-5,3.4700000000000002E-6,6.4E-7,2.4000000000000003E-7,M1,1.5215000000000001E-5,2.31E-6,6.4E-7,2.4000000000000003E-7,M1,1.207E-5,2.31E-6,6.4E-7,2.4000000000000003E-7,M1,1.1495000000000001E-5,1.135E-5,6.4E-7,2.4000000000000003E-7,M1,1.732E-5,2.506E-5,2.28E-6,1.6E-7,M1,1.2135E-5,1.2630000000000001E-5,6.4E-7,2.4000000000000003E-7,M1,1.257E-5,9.810000000000001E-6,2.4000000000000003E-7,6.4E-7,M1,1.117E-5,1.267E-5,2.4100000000000002E-6,1.6E-7,M1,1.258E-5,1.2630000000000001E-5,1.04E-6,2.4000000000000003E-7,M1,1.338E-5,1.2630000000000001E-5,2.4000000000000003E-7,1.04E-6,M1,1.338E-5,1.319E-5,2.4000000000000003E-7,6.4E-7,M1,2.82E-5,4.65E-6,1.6E-7,2.8E-7,M1,2.82E-5,4.65E-6,1.9200000000000003E-6,1.6E-7,M1,3.503E-5,2.251E-5,2.4000000000000003E-7,6.4E-7,M1,3.423E-5,5.05E-7,1.04E-6,2.4000000000000003E-7,M1,3.503E-5,5.05E-7,2.4000000000000003E-7,1.04E-6,M1,3.481E-5,5.45E-7,4.2E-7,1.6E-7,M1,2.1065E-5,2.31E-6,6.4E-7,2.4000000000000003E-7,M1,2.1005E-5,2.885E-6,6.4E-7,2.4000000000000003E-7,M1,5.33E-6,2.925E-6,1.6075E-5,1.6E-7,M1,5.29E-6,2.885E-6,2.4000000000000003E-7,1.04E-6,M1,5.29E-6,2.885E-6,1.04E-6,2.4000000000000003E-7,M1,5.09E-6,3.4700000000000002E-6,6.4E-7,2.4000000000000003E-7,M1,2.798E-5,1.363E-5,2.4000000000000003E-7,6.4E-7,M1,3.65E-5,1.18E-5,2.4000000000000003E-7,6.4E-7,M1,2.356E-5,1.805E-6,4.56E-6,1.6E-7,M1,2.796E-5,1.745E-6,1.6E-7,2.2E-7,M1,8.8E-6,1.805E-6,4.56E-6,1.6E-7,M1,8.8E-6,1.745E-6,1.6E-7,2.2E-7,M1,2.816E-5,4.7300000000000005E-6,2.4000000000000003E-7,6.4E-7,M1,2.505E-5,9.25E-7,2.4000000000000003E-7,6.4E-7,M1,1.65E-6,2.251E-5,2.4000000000000003E-7,6.4E-7,M1,1.65E-6,5.05E-7,2.4000000000000003E-7,1.04E-6,M1,1.65E-6,5.05E-7,1.04E-6,2.4000000000000003E-7,M1,1.6900000000000001E-6,5.45E-7,4.2E-7,1.6E-7,M1,2.499E-5,1.499E-5,1.6E-7,7.0200000000000006E-6,M1,2.499E-5,2.185E-5,4.0E-7,1.6E-7,M1,1.8E-7,1.18E-5,2.4000000000000003E-7,6.4E-7,M1,8.7E-6,1.363E-5,2.4000000000000003E-7,6.4E-7,M2,9.21E-6,4.0E-8,6.0E-7,2.0E-7,M2,9.61E-6,4.0E-8,1.9155E-5,2.0E-7,M2,2.8365E-5,4.0E-8,6.0E-7,2.0E-7,M2,2.0E-7,1.901E-5,2.0E-7,6.0E-7,M2,2.0E-7,1.941E-5,2.0E-7,3.76E-6,M2,2.0E-7,2.2970000000000002E-5,4.6E-7,2.0E-7,M2,4.6E-7,2.2970000000000002E-5,2.0E-7,6.0E-7,M2,2.423E-5,2.33E-6,6.0E-7,2.0E-7,M2,2.463E-5,2.33E-6,2.0E-7,9.24E-6,M2,2.463E-5,1.137E-5,5.75E-7,2.0E-7,M2,2.4805E-5,1.137E-5,6.0E-7,2.0E-7,M2,3.62E-5,2.291E-5,3.2E-7,7.2E-7,M2,3.646E-5,1.895E-5,3.2E-7,7.2E-7,M2,8.54E-6,4.75E-6,2.0E-7,6.0E-7,M2,8.54E-6,4.75E-6,3.31E-6,2.0E-7,M2,1.165E-5,1.345E-6,2.0E-7,3.6050000000000002E-6,M2,1.165E-5,9.450000000000001E-7,2.0E-7,6.0E-7,M2,2.4105E-5,1.259E-5,7.2E-7,3.2E-7,M2,2.407E-5,9.77E-6,3.2E-7,7.2E-7,M2,2.4365E-5,1.321E-5,1.0E-6,2.0E-7,M2,2.4365E-5,1.241E-5,2.0E-7,1.0E-6,M2,2.4365E-5,1.2650000000000001E-5,2.0E-7,7.6E-7,M2,2.4165E-5,1.2650000000000001E-5,6.0E-7,2.0E-7,M2,3.115E-5,3.43E-6,7.2E-7,3.2E-7,M2,1.5235E-5,2.845E-6,7.2E-7,3.2E-7,M2,1.5435E-5,2.905E-6,2.6E-7,2.0E-7,M2,1.5375E-5,2.845E-6,1.12E-6,3.2E-7,M2,1.5375E-5,2.045E-6,3.2E-7,1.12E-6,M2,1.5175E-5,2.27E-6,7.2E-7,3.2E-7,M2,1.209E-5,2.33E-6,6.0E-7,2.0E-7,M2,1.209E-5,2.33E-6,2.0E-7,9.24E-6,M2,1.1715E-5,1.137E-5,5.75E-7,2.0E-7,M2,1.1515E-5,1.137E-5,6.0E-7,2.0E-7,M2,1.2095E-5,1.259E-5,7.2E-7,3.2E-7,M2,1.253E-5,9.77E-6,3.2E-7,7.2E-7,M2,1.26E-5,1.2650000000000001E-5,1.0E-6,2.0E-7,M2,1.34E-5,1.2650000000000001E-5,2.0E-7,1.0E-6,M2,1.34E-5,1.2650000000000001E-5,2.0E-7,7.6E-7,M2,1.34E-5,1.321E-5,2.0E-7,6.0E-7,M2,3.505E-5,2.253E-5,2.0E-7,6.0E-7,M2,3.505E-5,5.250000000000001E-7,2.0E-7,2.2205000000000002E-5,M2,3.425E-5,5.250000000000001E-7,1.0E-6,2.0E-7,M2,3.505E-5,5.250000000000001E-7,2.0E-7,1.0E-6,M2,2.1085E-5,2.33E-6,6.0E-7,2.0E-7,M2,2.1285E-5,2.33E-6,2.0E-7,7.75E-7,M2,2.1225E-5,2.905E-6,2.6E-7,2.0E-7,M2,2.1025E-5,2.905E-6,6.0E-7,2.0E-7,M2,5.31E-6,2.905E-6,2.0E-7,1.0E-6,M2,5.31E-6,2.905E-6,1.0E-6,2.0E-7,M2,5.31E-6,2.905E-6,2.0E-7,7.85E-7,M2,5.11E-6,3.49E-6,6.0E-7,2.0E-7,M2,2.794E-5,1.359E-5,3.2E-7,7.2E-7,M2,3.646E-5,1.1760000000000001E-5,3.2E-7,7.2E-7,M2,2.818E-5,4.75E-6,2.0E-7,6.0E-7,M2,2.507E-5,4.75E-6,3.31E-6,2.0E-7,M2,2.507E-5,1.345E-6,2.0E-7,3.6050000000000002E-6,M2,2.507E-5,9.450000000000001E-7,2.0E-7,6.0E-7,M2,1.67E-6,2.253E-5,2.0E-7,6.0E-7,M2,1.67E-6,5.250000000000001E-7,2.0E-7,2.2205000000000002E-5,M2,1.67E-6,5.250000000000001E-7,2.0E-7,1.0E-6,M2,1.67E-6,5.250000000000001E-7,1.0E-6,2.0E-7,M2,1.4E-7,1.1760000000000001E-5,3.2E-7,7.2E-7,M2,8.66E-6,1.359E-5,3.2E-7,7.2E-7,M3,3.626E-5,2.2970000000000002E-5,2.0E-7,6.0E-7,M3,3.626E-5,2.2970000000000002E-5,4.6E-7,2.0E-7,M3,3.652E-5,1.941E-5,2.0E-7,3.76E-6,M3,3.652E-5,1.901E-5,2.0E-7,6.0E-7,M3,2.4165E-5,1.2650000000000001E-5,6.0E-7,2.0E-7,M3,2.4365E-5,1.023E-5,2.0E-7,2.62E-6,M3,2.413E-5,1.023E-5,4.35E-7,2.0E-7,M3,2.413E-5,9.83E-6,2.0E-7,6.0E-7,M3,3.121E-5,3.49E-6,6.0E-7,2.0E-7,M3,3.141E-5,2.905E-6,2.0E-7,7.85E-7,M3,1.5495E-5,2.905E-6,1.6115E-5,2.0E-7,M3,1.5295000000000002E-5,2.905E-6,6.0E-7,2.0E-7,M3,1.5435E-5,2.905E-6,1.0E-6,2.0E-7,M3,1.5435E-5,2.105E-6,2.0E-7,1.0E-6,M3,1.5435E-5,2.33E-6,2.0E-7,7.75E-7,M3,1.5235E-5,2.33E-6,6.0E-7,2.0E-7,M3,1.2155E-5,1.2650000000000001E-5,6.0E-7,2.0E-7,M3,1.2355E-5,1.023E-5,2.0E-7,2.62E-6,M3,1.2355E-5,1.023E-5,4.35E-7,2.0E-7,M3,1.259E-5,9.83E-6,2.0E-7,6.0E-7,M3,2.8E-5,1.365E-5,2.0E-7,6.0E-7,M3,2.8E-5,1.202E-5,2.0E-7,1.83E-6,M3,2.8E-5,1.202E-5,8.72E-6,2.0E-7,M3,3.652E-5,1.182E-5,2.0E-7,6.0E-7,M3,2.0E-7,1.182E-5,2.0E-7,6.0E-7,M3,2.0E-7,1.202E-5,8.72E-6,2.0E-7,M3,8.72E-6,1.202E-5,2.0E-7,1.83E-6,M3,8.72E-6,1.365E-5,2.0E-7,6.0E-7,
M1,3.1785E-5,1.513E-5,3.5550000000000003E-6,1.6E-7,M1,3.06E-5,1.509E-5,6.4E-7,2.4000000000000003E-7,M1,3.091E-5,4.9000000000000005E-6,2.4000000000000003E-7,6.4E-7,M1,3.231E-5,5.38E-6,1.9200000000000003E-6,1.6E-7,M1,3.978E-5,1.82E-6,2.4000000000000003E-7,6.4E-7,M1,3.419E-5,1.365E-6,2.4000000000000003E-7,6.4E-7,M1,5.034E-5,1.623E-5,2.4000000000000003E-7,6.4E-7,M1,5.0600000000000003E-5,1.227E-5,2.4000000000000003E-7,6.4E-7,M1,1.3340000000000001E-5,2.96E-6,2.434E-5,1.6E-7,M1,3.135E-5,4.2000000000000004E-6,6.4E-7,2.4000000000000003E-7,M1,3.2005E-5,2.0E-8,6.4E-7,2.4000000000000003E-7,M1,4.4E-7,1.623E-5,2.4000000000000003E-7,6.4E-7,M1,1.8E-7,1.227E-5,2.4000000000000003E-7,6.4E-7,M1,3.714E-5,1.3800000000000001E-6,2.4000000000000003E-7,6.4E-7,M1,3.768E-5,1.579E-5,2.4000000000000003E-7,6.4E-7,M1,1.804E-5,5.65E-7,2.4000000000000003E-7,6.4E-7,M1,1.851E-5,5.34E-6,2.4000000000000003E-7,6.4E-7,M1,3.155E-5,1.513E-5,1.6E-7,8.6E-7,M1,3.155E-5,1.583E-5,2.7E-7,1.6E-7,M1,3.455E-5,1.381E-5,6.4E-7,2.4000000000000003E-7,M1,2.318E-5,8.76E-6,6.4E-7,2.4000000000000003E-7,M1,1.62E-5,1.6270000000000002E-5,2.28E-6,1.6E-7,M1,1.987E-5,4.9000000000000005E-6,2.4000000000000003E-7,6.4E-7,M1,1.978E-5,1.509E-5,6.4E-7,2.4000000000000003E-7,M1,1.679E-5,5.38E-6,1.9200000000000003E-6,1.6E-7,M1,1.659E-5,1.365E-6,2.4000000000000003E-7,6.4E-7,M1,1.1E-5,1.82E-6,2.4000000000000003E-7,6.4E-7,M1,1.364E-5,1.3800000000000001E-6,2.4000000000000003E-7,6.4E-7,M1,1.31E-5,1.579E-5,2.4000000000000003E-7,6.4E-7,M1,1.99E-5,1.7055000000000002E-5,1.1220000000000001E-5,1.6E-7,M1,1.8375E-5,2.0E-8,6.4E-7,2.4000000000000003E-7,M1,1.903E-5,4.2000000000000004E-6,6.4E-7,2.4000000000000003E-7,M1,3.274E-5,5.65E-7,2.4000000000000003E-7,6.4E-7,M1,3.227E-5,5.34E-6,2.4000000000000003E-7,6.4E-7,M1,1.92E-5,1.513E-5,1.6E-7,8.6E-7,M1,1.92E-5,1.513E-5,2.7E-7,1.6E-7,M1,1.9810000000000002E-5,1.805E-6,1.1400000000000001E-5,1.6E-7,M1,3.2540000000000004E-5,1.6270000000000002E-5,2.28E-6,1.6E-7,M1,1.568E-5,1.513E-5,3.5550000000000003E-6,1.6E-7,M1,2.72E-5,8.76E-6,6.4E-7,2.4000000000000003E-7,M1,2.7400000000000002E-5,1.301E-5,2.4000000000000003E-7,1.04E-6,M1,2.66E-5,1.381E-5,1.04E-6,2.4000000000000003E-7,M1,1.6270000000000002E-5,1.385E-5,1.133E-5,1.6E-7,M2,3.062E-5,1.5110000000000001E-5,6.0E-7,2.0E-7,M2,3.082E-5,4.92E-6,2.0E-7,1.039E-5,M2,3.082E-5,4.92E-6,3.1E-7,2.0E-7,M2,3.0930000000000004E-5,4.92E-6,2.0E-7,6.0E-7,M2,3.974E-5,1.7800000000000001E-6,3.2E-7,7.2E-7,M2,3.415E-5,1.325E-6,3.2E-7,7.2E-7,M2,5.03E-5,1.619E-5,3.2E-7,7.2E-7,M2,5.0560000000000004E-5,1.223E-5,3.2E-7,7.2E-7,M2,3.1310000000000003E-5,4.16E-6,7.2E-7,3.2E-7,M2,3.1965E-5,-2.0E-8,7.2E-7,3.2E-7,M2,4.0E-7,1.619E-5,3.2E-7,7.2E-7,M2,1.4E-7,1.223E-5,3.2E-7,7.2E-7,M2,3.716E-5,1.4E-6,2.0E-7,6.0E-7,M2,3.716E-5,1.8000000000000001E-6,2.0E-7,1.421E-5,M2,3.716E-5,1.581E-5,7.4E-7,2.0E-7,M2,3.77E-5,1.581E-5,2.0E-7,6.0E-7,M2,1.806E-5,5.85E-7,2.0E-7,6.0E-7,M2,1.806E-5,5.85E-7,2.0E-7,4.975E-6,M2,1.806E-5,5.36E-6,6.7E-7,2.0E-7,M2,1.853E-5,5.36E-6,2.0E-7,6.0E-7,M2,3.451E-5,1.377E-5,7.2E-7,3.2E-7,M2,2.3140000000000002E-5,8.72E-6,7.2E-7,3.2E-7,M2,1.989E-5,4.92E-6,2.0E-7,6.0E-7,M2,1.989E-5,4.92E-6,2.0E-7,1.039E-5,M2,1.989E-5,1.5110000000000001E-5,3.1E-7,2.0E-7,M2,1.98E-5,1.5110000000000001E-5,6.0E-7,2.0E-7,M2,1.655E-5,1.325E-6,3.2E-7,7.2E-7,M2,1.096E-5,1.7800000000000001E-6,3.2E-7,7.2E-7,M2,1.366E-5,1.4E-6,2.0E-7,6.0E-7,M2,1.366E-5,1.8000000000000001E-6,2.0E-7,1.421E-5,M2,1.312E-5,1.581E-5,7.4E-7,2.0E-7,M2,1.312E-5,1.581E-5,2.0E-7,6.0E-7,M2,1.8395E-5,4.0E-8,6.0E-7,2.0E-7,M2,1.8595E-5,4.0E-8,2.0E-7,4.38E-6,M2,1.8535E-5,4.16E-6,1.12E-6,3.2E-7,M2,1.8535E-5,3.36E-6,3.2E-7,1.12E-6,M2,1.899E-5,4.16E-6,7.2E-7,3.2E-7,M2,3.276E-5,5.85E-7,2.0E-7,6.0E-7,M2,3.276E-5,5.85E-7,2.0E-7,4.975E-6,M2,3.229E-5,5.36E-6,6.7E-7,2.0E-7,M2,3.229E-5,5.36E-6,2.0E-7,6.0E-7,M2,2.716E-5,8.72E-6,7.2E-7,3.2E-7,M2,2.736E-5,1.297E-5,3.2E-7,1.12E-6,M2,2.656E-5,1.377E-5,1.12E-6,3.2E-7,M3,3.98E-5,1.84E-6,2.0E-7,6.0E-7,M3,3.98E-5,1.785E-6,2.0E-7,6.55E-7,M3,3.421E-5,1.785E-6,5.7900000000000005E-6,2.0E-7,M3,3.421E-5,1.385E-6,2.0E-7,6.0E-7,M3,5.036E-5,1.6250000000000002E-5,2.0E-7,6.0E-7,M3,5.036E-5,1.6250000000000002E-5,4.6E-7,2.0E-7,M3,5.062E-5,1.269E-5,2.0E-7,3.76E-6,M3,5.062E-5,1.2290000000000001E-5,2.0E-7,6.0E-7,M3,3.1310000000000003E-5,4.16E-6,7.2E-7,3.2E-7,M3,3.1965E-5,-2.0E-8,7.2E-7,3.2E-7,M3,4.6E-7,1.6250000000000002E-5,2.0E-7,6.0E-7,M3,2.0E-7,1.6250000000000002E-5,4.6E-7,2.0E-7,M3,2.0E-7,1.269E-5,2.0E-7,3.76E-6,M3,2.0E-7,1.2290000000000001E-5,2.0E-7,6.0E-7,M3,3.451E-5,1.377E-5,7.2E-7,3.2E-7,M3,2.3140000000000002E-5,8.72E-6,7.2E-7,3.2E-7,M3,1.6610000000000002E-5,1.385E-6,2.0E-7,6.0E-7,M3,1.102E-5,1.785E-6,5.7900000000000005E-6,2.0E-7,M3,1.102E-5,1.785E-6,2.0E-7,6.55E-7,M3,1.102E-5,1.84E-6,2.0E-7,6.0E-7,M3,1.8535E-5,4.16E-6,1.12E-6,3.2E-7,M3,1.8535E-5,3.36E-6,3.2E-7,1.12E-6,M3,1.899E-5,4.16E-6,7.2E-7,3.2E-7,M3,2.722E-5,8.78E-6,6.0E-7,2.0E-7,M3,2.7420000000000002E-5,8.78E-6,2.0E-7,5.25E-6,M3,2.7420000000000002E-5,1.303E-5,2.0E-7,1.0E-6,M3,2.662E-5,1.383E-5,1.0E-6,2.0E-7,M4,3.137E-5,4.22E-6,6.0E-7,2.0E-7,M4,3.177E-5,4.22E-6,6.55E-7,2.0E-7,M4,3.2225000000000004E-5,4.0E-8,2.0E-7,4.38E-6,M4,3.2025E-5,4.0E-8,6.0E-7,2.0E-7,M4,3.457E-5,1.383E-5,6.0E-7,2.0E-7,M4,3.457E-5,8.78E-6,2.0E-7,5.25E-6,M4,2.34E-5,8.78E-6,1.137E-5,2.0E-7,M4,2.32E-5,8.78E-6,6.0E-7,2.0E-7,M4,1.8595E-5,4.22E-6,1.0E-6,2.0E-7,M4,1.8595E-5,3.42E-6,2.0E-7,1.0E-6,M4,1.8595E-5,4.22E-6,6.55E-7,2.0E-7,M4,1.905E-5,4.22E-6,6.0E-7,2.0E-7,
M1,1.8435E-5,1.805E-6,1.695E-6,1.6E-7,M1,1.821E-5,1.805E-6,3.85E-7,1.6E-7,M1,8.66E-6,2.195E-5,6.4E-7,2.4000000000000003E-7,M1,9.22E-6,1.4185E-5,6.4E-7,2.4000000000000003E-7,M1,3.138E-5,4.65E-6,1.6E-7,2.8E-7,M1,2.962E-5,4.77E-6,1.9200000000000003E-6,1.6E-7,M1,1.8E-7,1.913E-5,2.4000000000000003E-7,6.4E-7,M1,4.4E-7,2.309E-5,2.4000000000000003E-7,6.4E-7,M1,1.4E-5,2.35E-6,1.6E-7,1.44E-6,M1,1.1940000000000001E-5,3.63E-6,2.22E-6,1.6E-7,M1,1.11E-5,9.62E-6,2.62E-6,1.6E-7,M1,1.3520000000000001E-5,8.78E-6,2.4000000000000003E-7,1.04E-6,M1,1.272E-5,9.58E-6,1.04E-6,2.4000000000000003E-7,M1,1.3520000000000001E-5,9.25E-7,2.4000000000000003E-7,6.4E-7,M1,2.892E-5,1.4225E-5,1.6E-7,7.925E-6,M1,2.892E-5,2.199E-5,5.2E-7,1.6E-7,M1,1.65E-6,2.265E-5,2.4000000000000003E-7,6.4E-7,M1,2.18E-6,5.05E-7,2.4000000000000003E-7,6.4E-7,M1,2.418E-5,2.35E-6,1.6E-7,1.44E-6,M1,2.418E-5,3.63E-6,2.22E-6,1.6E-7,M1,2.845E-5,1.16E-5,1.6E-7,8.6E-7,M1,2.845E-5,1.23E-5,2.7E-7,1.6E-7,M1,2.7720000000000002E-5,1.305E-6,2.4000000000000003E-7,6.4E-7,M1,2.7720000000000002E-5,9.65E-7,2.4000000000000003E-7,1.04E-6,M1,2.692E-5,1.765E-6,1.04E-6,2.4000000000000003E-7,M1,2.323E-5,1.805E-6,4.69E-6,1.6E-7,M1,3.792E-5,1.913E-5,2.4000000000000003E-7,6.4E-7,M1,3.766E-5,2.309E-5,2.4000000000000003E-7,6.4E-7,M1,1.732E-5,2.5450000000000002E-5,3.7E-6,1.6E-7,M1,2.055E-5,2.31E-6,6.4E-7,2.4000000000000003E-7,M1,5.84E-6,3.4700000000000002E-6,6.4E-7,2.4000000000000003E-7,M1,3.186E-5,3.4700000000000002E-6,6.4E-7,2.4000000000000003E-7,M1,1.715E-5,2.31E-6,6.4E-7,2.4000000000000003E-7,M1,2.94E-5,1.27E-5,2.4000000000000003E-7,6.4E-7,M1,3.792E-5,1.187E-5,2.4000000000000003E-7,6.4E-7,M1,2.586E-5,8.740000000000001E-6,2.4000000000000003E-7,6.4E-7,M1,2.5925E-5,1.156E-5,6.4E-7,2.4000000000000003E-7,M1,2.6165E-5,1.16E-5,1.495E-6,1.6E-7,M1,1.042E-5,1.805E-6,4.69E-6,1.6E-7,M1,1.042E-5,1.745E-6,1.6E-7,2.2E-7,M1,9.51E-6,2.0E-8,6.4E-7,2.4000000000000003E-7,M1,2.662E-5,2.0E-8,6.4E-7,2.4000000000000003E-7,M1,9.62E-6,1.16E-5,1.6E-7,8.6E-7,M1,9.62E-6,1.16E-5,2.7E-7,1.6E-7,M1,1.224E-5,8.740000000000001E-6,2.4000000000000003E-7,6.4E-7,M1,1.1775E-5,1.156E-5,6.4E-7,2.4000000000000003E-7,M1,1.068E-5,1.16E-5,1.495E-6,1.6E-7,M1,6.8E-6,4.65E-6,1.6E-7,2.8E-7,M1,6.8E-6,4.77E-6,1.9200000000000003E-6,1.6E-7,M1,2.462E-5,9.62E-6,2.62E-6,1.6E-7,M1,2.4580000000000002E-5,9.58E-6,1.04E-6,2.4000000000000003E-7,M1,2.4580000000000002E-5,8.78E-6,2.4000000000000003E-7,1.04E-6,M1,2.4580000000000002E-5,9.25E-7,2.4000000000000003E-7,6.4E-7,M1,1.8E-7,1.187E-5,2.4000000000000003E-7,6.4E-7,M1,8.7E-6,1.27E-5,2.4000000000000003E-7,6.4E-7,M1,3.645E-5,2.265E-5,2.4000000000000003E-7,6.4E-7,M1,3.592E-5,5.05E-7,2.4000000000000003E-7,6.4E-7,M2,8.68E-6,2.197E-5,6.0E-7,2.0E-7,M2,8.88E-6,2.197E-5,5.6E-7,2.0E-7,M2,9.24E-6,1.4205E-5,2.0E-7,7.965E-6,M2,9.24E-6,1.4205E-5,6.0E-7,2.0E-7,M2,2.0E-7,1.915E-5,2.0E-7,6.0E-7,M2,2.0E-7,1.955E-5,4.6E-7,2.0E-7,M2,4.6E-7,1.955E-5,2.0E-7,3.76E-6,M2,4.6E-7,2.311E-5,2.0E-7,6.0E-7,M2,1.354E-5,8.8E-6,2.0E-7,1.0E-6,M2,1.274E-5,9.6E-6,1.0E-6,2.0E-7,M2,1.354E-5,1.345E-6,2.0E-7,8.455E-6,M2,1.354E-5,9.450000000000001E-7,2.0E-7,6.0E-7,M2,1.67E-6,2.267E-5,2.0E-7,6.0E-7,M2,1.67E-6,5.250000000000001E-7,2.0E-7,2.2345E-5,M2,1.61E-6,4.65E-7,3.2E-7,1.12E-6,M2,1.61E-6,4.65E-7,1.12E-6,3.2E-7,M2,2.14E-6,4.65E-7,3.2E-7,7.2E-7,M2,2.7740000000000002E-5,1.325E-6,2.0E-7,6.0E-7,M2,2.7740000000000002E-5,1.725E-6,2.0E-7,2.6E-7,M2,2.7740000000000002E-5,9.85E-7,2.0E-7,1.0E-6,M2,2.694E-5,1.785E-6,1.0E-6,2.0E-7,M2,3.794E-5,1.915E-5,2.0E-7,6.0E-7,M2,3.768E-5,1.955E-5,4.6E-7,2.0E-7,M2,3.768E-5,1.955E-5,2.0E-7,3.76E-6,M2,3.768E-5,2.311E-5,2.0E-7,6.0E-7,M2,2.0510000000000002E-5,2.27E-6,7.2E-7,3.2E-7,M2,6.2E-6,3.045E-6,3.2E-7,1.12E-6,M2,6.2E-6,3.045E-6,1.12E-6,3.2E-7,M2,6.26E-6,3.105E-6,2.0E-7,5.85E-7,M2,5.86E-6,3.49E-6,6.0E-7,2.0E-7,M2,3.1820000000000004E-5,3.43E-6,7.2E-7,3.2E-7,M2,1.711E-5,2.27E-6,7.2E-7,3.2E-7,M2,2.936E-5,1.266E-5,3.2E-7,7.2E-7,M2,3.788E-5,1.183E-5,3.2E-7,7.2E-7,M2,2.588E-5,8.76E-6,2.0E-7,6.0E-7,M2,2.588E-5,9.16E-6,2.0E-7,2.62E-6,M2,2.588E-5,1.1580000000000001E-5,4.65E-7,2.0E-7,M2,2.5945E-5,1.1580000000000001E-5,6.0E-7,2.0E-7,M2,9.53E-6,4.0E-8,6.0E-7,2.0E-7,M2,9.73E-6,4.0E-8,1.711E-5,2.0E-7,M2,2.664E-5,4.0E-8,6.0E-7,2.0E-7,M2,1.226E-5,8.76E-6,2.0E-7,6.0E-7,M2,1.226E-5,9.16E-6,2.0E-7,2.62E-6,M2,1.1995E-5,1.1580000000000001E-5,4.65E-7,2.0E-7,M2,1.1795E-5,1.1580000000000001E-5,6.0E-7,2.0E-7,M2,2.46E-5,9.6E-6,1.0E-6,2.0E-7,M2,2.46E-5,8.8E-6,2.0E-7,1.0E-6,M2,2.46E-5,1.345E-6,2.0E-7,8.455E-6,M2,2.46E-5,9.450000000000001E-7,2.0E-7,6.0E-7,M2,1.4E-7,1.183E-5,3.2E-7,7.2E-7,M2,8.66E-6,1.266E-5,3.2E-7,7.2E-7,M2,3.647E-5,2.267E-5,2.0E-7,6.0E-7,M2,3.647E-5,5.250000000000001E-7,2.0E-7,2.2345E-5,M2,3.561E-5,4.65E-7,1.12E-6,3.2E-7,M2,3.641E-5,4.65E-7,3.2E-7,1.12E-6,M2,3.588E-5,4.65E-7,3.2E-7,7.2E-7,M3,1.67E-6,5.250000000000001E-7,2.0E-7,1.0E-6,M3,1.67E-6,5.250000000000001E-7,1.0E-6,2.0E-7,M3,1.67E-6,5.250000000000001E-7,7.3E-7,2.0E-7,M3,2.2E-6,5.250000000000001E-7,2.0E-7,6.0E-7,M3,2.0510000000000002E-5,2.27E-6,7.2E-7,3.2E-7,M3,6.2E-6,3.045E-6,3.2E-7,1.12E-6,M3,6.2E-6,3.045E-6,1.12E-6,3.2E-7,M3,3.1820000000000004E-5,3.43E-6,7.2E-7,3.2E-7,M3,3.102E-5,3.045E-6,1.12E-6,3.2E-7,M3,3.1820000000000004E-5,3.045E-6,3.2E-7,1.12E-6,M3,1.757E-5,3.105E-6,1.451E-5,2.0E-7,M3,1.757E-5,2.33E-6,2.0E-7,9.75E-7,M3,1.717E-5,2.33E-6,6.0E-7,2.0E-7,M3,2.942E-5,1.272E-5,2.0E-7,6.0E-7,M3,2.942E-5,1.209E-5,2.0E-7,8.3E-7,M3,2.942E-5,1.209E-5,8.72E-6,2.0E-7,M3,3.794E-5,1.189E-5,2.0E-7,6.0E-7,M3,2.0E-7,1.189E-5,2.0E-7,6.0E-7,M3,2.0E-7,1.209E-5,8.72E-6,2.0E-7,M3,8.72E-6,1.209E-5,2.0E-7,8.3E-7,M3,8.72E-6,1.272E-5,2.0E-7,6.0E-7,M3,3.567E-5,5.250000000000001E-7,1.0E-6,2.0E-7,M3,3.647E-5,5.250000000000001E-7,2.0E-7,1.0E-6,M3,3.594E-5,5.250000000000001E-7,7.3E-7,2.0E-7,M3,3.594E-5,5.250000000000001E-7,2.0E-7,6.0E-7,M4,2.0510000000000002E-5,2.27E-6,7.2E-7,3.2E-7,M4,2.0510000000000002E-5,2.245E-6,3.2E-7,1.12E-6,M4,1.971E-5,3.045E-6,1.12E-6,3.2E-7,M4,6.26E-6,3.105E-6,1.451E-5,2.0E-7,M4,6.26E-6,3.105E-6,2.0E-7,1.0E-6,M4,6.26E-6,3.105E-6,1.0E-6,2.0E-7,M4,3.1820000000000004E-5,3.43E-6,7.2E-7,3.2E-7,M4,3.102E-5,3.045E-6,1.12E-6,3.2E-7,M4,3.1820000000000004E-5,3.045E-6,3.2E-7,1.12E-6,M5,2.057E-5,2.33E-6,6.0E-7,2.0E-7,M5,2.057E-5,2.33E-6,2.0E-7,9.75E-7,M5,2.057E-5,2.305E-6,2.0E-7,1.0E-6,M5,1.977E-5,3.105E-6,1.0E-6,2.0E-7,M5,3.1820000000000004E-5,3.43E-6,7.2E-7,3.2E-7,M5,3.102E-5,3.045E-6,1.12E-6,3.2E-7,M5,3.1820000000000004E-5,3.045E-6,3.2E-7,1.12E-6,M6,3.188E-5,3.49E-6,6.0E-7,2.0E-7,M6,3.188E-5,3.105E-6,2.0E-7,5.85E-7,M6,3.108E-5,3.105E-6,1.0E-6,2.0E-7,M6,3.188E-5,3.105E-6,2.0E-7,1.0E-6,
M1,4.0980000000000004E-5,1.32E-6,2.4000000000000003E-7,6.4E-7,M1,4.0980000000000004E-5,9.65E-7,2.4000000000000003E-7,1.04E-6,M1,4.018E-5,1.765E-6,1.04E-6,2.4000000000000003E-7,M1,3.548E-5,1.805E-6,5.7000000000000005E-6,1.6E-7,M1,5.0515E-5,1.821E-5,6.4E-7,2.4000000000000003E-7,M1,4.4845E-5,1.821E-5,1.04E-6,2.4000000000000003E-7,M1,4.4845E-5,1.741E-5,2.4000000000000003E-7,1.04E-6,M1,4.4885E-5,1.579E-5,1.6E-7,2.62E-6,M1,4.4885E-5,1.579E-5,6.25E-7,1.6E-7,M1,4.5455E-5,1.3170000000000001E-5,6.4E-7,2.4000000000000003E-7,M1,4.2630000000000004E-5,1.0350000000000001E-5,2.4000000000000003E-7,6.4E-7,M1,1.8E-7,1.1410000000000001E-5,2.4000000000000003E-7,6.4E-7,M1,4.4E-7,1.344E-5,2.4000000000000003E-7,6.4E-7,M1,4.800000000000001E-7,1.368E-5,1.6E-7,1.8900000000000001E-6,M1,4.619E-5,1.3870000000000001E-5,2.4000000000000003E-7,6.4E-7,M1,1.629E-5,1.3870000000000001E-5,2.4000000000000003E-7,6.4E-7,M1,1.1565E-5,1.821E-5,6.4E-7,2.4000000000000003E-7,M1,1.7635E-5,1.741E-5,2.4000000000000003E-7,1.04E-6,M1,1.6835E-5,1.821E-5,1.04E-6,2.4000000000000003E-7,M1,1.7675E-5,1.579E-5,1.6E-7,2.62E-6,M1,1.721E-5,1.579E-5,6.25E-7,1.6E-7,M1,4.5E-5,3.5E-6,6.4E-7,2.4000000000000003E-7,M1,3.5605E-5,2.31E-6,6.4E-7,2.4000000000000003E-7,M1,3.278E-5,2.35E-6,1.6E-7,8.05E-7,M1,1.341E-5,2.995E-6,1.953E-5,1.6E-7,M1,1.337E-5,2.955E-6,2.4000000000000003E-7,1.04E-6,M1,1.337E-5,2.955E-6,1.04E-6,2.4000000000000003E-7,M1,1.297E-5,3.5E-6,6.4E-7,2.4000000000000003E-7,M1,2.6475E-5,2.31E-6,6.4E-7,2.4000000000000003E-7,M1,1.708E-5,3.5E-6,6.4E-7,2.4000000000000003E-7,M1,1.985E-5,1.0350000000000001E-5,2.4000000000000003E-7,6.4E-7,M1,1.6625E-5,1.3170000000000001E-5,6.4E-7,2.4000000000000003E-7,M1,6.23E-5,1.1410000000000001E-5,2.4000000000000003E-7,6.4E-7,M1,6.204E-5,1.344E-5,2.4000000000000003E-7,6.4E-7,M1,6.208E-5,1.368E-5,1.6E-7,1.8900000000000001E-6,M1,1.565E-5,4.6400000000000005E-6,2.4000000000000003E-7,6.4E-7,M1,1.389E-5,4.6400000000000005E-6,2.4000000000000003E-7,6.4E-7,M1,1.565E-5,4.6400000000000005E-6,2.4000000000000003E-7,6.4E-7,M1,2.5620000000000002E-5,5.65E-7,2.4000000000000003E-7,6.4E-7,M1,1.336E-5,1.711E-5,2.4000000000000003E-7,6.4E-7,M1,1.629E-5,1.535E-5,2.4000000000000003E-7,6.4E-7,M1,3.1600000000000002E-6,5.2E-7,2.4000000000000003E-7,6.4E-7,M1,3.0E-6,1.4930000000000001E-5,6.4E-7,2.4000000000000003E-7,M1,3.24E-6,1.497E-5,3.1E-7,1.6E-7,M1,2.154E-5,1.805E-6,5.7000000000000005E-6,1.6E-7,M1,2.154E-5,1.76E-6,1.6E-7,2.05E-7,M1,4.619E-5,1.535E-5,2.4000000000000003E-7,6.4E-7,M1,4.9120000000000004E-5,1.711E-5,2.4000000000000003E-7,6.4E-7,M1,2.318E-5,2.0E-8,6.4E-7,2.4000000000000003E-7,M1,3.8900000000000004E-5,2.0E-8,6.4E-7,2.4000000000000003E-7,M1,2.934E-5,2.31E-6,6.4E-7,2.4000000000000003E-7,M1,4.911E-5,3.5E-6,6.4E-7,2.4000000000000003E-7,M1,4.531E-5,1.535E-5,2.4000000000000003E-7,6.4E-7,M1,4.565E-5,1.645E-5,6.4E-7,2.4000000000000003E-7,M1,4.6870000000000004E-5,4.68E-6,1.9200000000000003E-6,1.6E-7,M1,3.686E-5,5.65E-7,2.4000000000000003E-7,6.4E-7,M1,4.6830000000000004E-5,4.6400000000000005E-6,2.4000000000000003E-7,6.4E-7,M1,3.04E-5,1.805E-6,1.9200000000000003E-6,1.6E-7,M1,5.932E-5,5.2E-7,2.4000000000000003E-7,6.4E-7,M1,5.9080000000000004E-5,1.4930000000000001E-5,6.4E-7,2.4000000000000003E-7,M1,5.9170000000000004E-5,1.497E-5,3.1E-7,1.6E-7,M1,1.717E-5,1.535E-5,2.4000000000000003E-7,6.4E-7,M1,1.643E-5,1.645E-5,6.4E-7,2.4000000000000003E-7,M2,4.1E-5,1.34E-6,2.0E-7,6.0E-7,M2,4.1E-5,1.74E-6,2.0E-7,2.45E-7,M2,4.1E-5,9.85E-7,2.0E-7,1.0E-6,M2,4.02E-5,1.785E-6,1.0E-6,2.0E-7,M2,5.0535E-5,1.823E-5,6.0E-7,2.0E-7,M2,4.4865E-5,1.823E-5,6.07E-6,2.0E-7,M2,4.4865E-5,1.823E-5,1.0E-6,2.0E-7,M2,4.4865E-5,1.743E-5,2.0E-7,1.0E-6,M2,4.5475E-5,1.319E-5,6.0E-7,2.0E-7,M2,4.5675E-5,1.077E-5,2.0E-7,2.62E-6,M2,4.265E-5,1.077E-5,3.225E-6,2.0E-7,M2,4.265E-5,1.037E-5,2.0E-7,6.0E-7,M2,2.0E-7,1.143E-5,2.0E-7,6.0E-7,M2,2.0E-7,1.183E-5,4.6E-7,2.0E-7,M2,4.6E-7,1.183E-5,2.0E-7,2.03E-6,M2,4.6E-7,1.346E-5,2.0E-7,6.0E-7,M2,4.621E-5,1.389E-5,2.0E-7,6.0E-7,M2,1.631E-5,1.389E-5,3.01E-5,2.0E-7,M2,1.631E-5,1.389E-5,2.0E-7,6.0E-7,M2,1.1585E-5,1.823E-5,6.0E-7,2.0E-7,M2,1.1785E-5,1.823E-5,6.07E-6,2.0E-7,M2,1.7655E-5,1.743E-5,2.0E-7,1.0E-6,M2,1.6855E-5,1.823E-5,1.0E-6,2.0E-7,M2,4.496E-5,3.46E-6,7.2E-7,3.2E-7,M2,3.5565E-5,2.27E-6,7.2E-7,3.2E-7,M2,1.3330000000000001E-5,2.915E-6,3.2E-7,1.12E-6,M2,1.3330000000000001E-5,2.915E-6,1.12E-6,3.2E-7,M2,1.293E-5,3.46E-6,7.2E-7,3.2E-7,M2,2.6435E-5,2.27E-6,7.2E-7,3.2E-7,M2,1.704E-5,3.46E-6,7.2E-7,3.2E-7,M2,1.987E-5,1.037E-5,2.0E-7,6.0E-7,M2,1.987E-5,1.077E-5,2.0E-7,2.62E-6,M2,1.6845E-5,1.319E-5,3.225E-6,2.0E-7,M2,1.6645E-5,1.319E-5,6.0E-7,2.0E-7,M2,6.232E-5,1.143E-5,2.0E-7,6.0E-7,M2,6.206E-5,1.183E-5,4.6E-7,2.0E-7,M2,6.206E-5,1.183E-5,2.0E-7,2.03E-6,M2,6.206E-5,1.346E-5,2.0E-7,6.0E-7,M2,1.567E-5,4.66E-6,2.0E-7,6.0E-7,M2,1.391E-5,4.66E-6,1.96E-6,2.0E-7,M2,1.391E-5,4.66E-6,2.0E-7,6.0E-7,M2,1.561E-5,4.6E-6,3.2E-7,7.2E-7,M2,2.558E-5,5.250000000000001E-7,3.2E-7,7.2E-7,M2,1.332E-5,1.707E-5,3.2E-7,7.2E-7,M2,1.6250000000000002E-5,1.531E-5,3.2E-7,7.2E-7,M2,3.18E-6,5.4E-7,2.0E-7,6.0E-7,M2,3.18E-6,5.4E-7,2.0E-7,1.461E-5,M2,3.18E-6,1.4950000000000001E-5,2.4000000000000003E-7,2.0E-7,M2,3.02E-6,1.4950000000000001E-5,6.0E-7,2.0E-7,M2,4.6150000000000004E-5,1.531E-5,3.2E-7,7.2E-7,M2,4.908E-5,1.707E-5,3.2E-7,7.2E-7,M2,2.32E-5,4.0E-8,6.0E-7,2.0E-7,M2,2.36E-5,4.0E-8,1.552E-5,2.0E-7,M2,3.892E-5,4.0E-8,6.0E-7,2.0E-7,M2,2.936E-5,2.33E-6,6.0E-7,2.0E-7,M2,2.976E-5,2.33E-6,2.0E-7,8.450000000000001E-7,M2,2.976E-5,2.975E-6,1.957E-5,2.0E-7,M2,4.8270000000000004E-5,2.915E-6,1.12E-6,3.2E-7,M2,4.907E-5,2.915E-6,3.2E-7,1.12E-6,M2,4.907E-5,3.46E-6,7.2E-7,3.2E-7,M2,4.533E-5,1.537E-5,2.0E-7,6.0E-7,M2,4.533E-5,1.577E-5,2.0E-7,9.000000000000001E-7,M2,4.533E-5,1.647E-5,5.4E-7,2.0E-7,M2,4.567E-5,1.647E-5,6.0E-7,2.0E-7,M2,3.688E-5,5.85E-7,2.0E-7,6.0E-7,M2,3.688E-5,5.85E-7,1.0170000000000001E-5,2.0E-7,M2,4.599E-5,5.250000000000001E-7,1.12E-6,3.2E-7,M2,4.6790000000000004E-5,5.250000000000001E-7,3.2E-7,1.12E-6,M2,4.6790000000000004E-5,4.6E-6,3.2E-7,7.2E-7,M2,5.9340000000000004E-5,5.4E-7,2.0E-7,6.0E-7,M2,5.9340000000000004E-5,5.4E-7,2.0E-7,1.461E-5,M2,5.93E-5,1.4950000000000001E-5,2.4000000000000003E-7,2.0E-7,M2,5.91E-5,1.4950000000000001E-5,6.0E-7,2.0E-7,M2,1.719E-5,1.537E-5,2.0E-7,6.0E-7,M2,1.719E-5,1.577E-5,2.0E-7,9.000000000000001E-7,M2,1.685E-5,1.647E-5,5.4E-7,2.0E-7,M2,1.645E-5,1.647E-5,6.0E-7,2.0E-7,M3,4.496E-5,3.46E-6,7.2E-7,3.2E-7,M3,3.5565E-5,2.27E-6,7.2E-7,3.2E-7,M3,1.339E-5,2.975E-6,2.0E-7,1.0E-6,M3,1.339E-5,2.975E-6,1.0E-6,2.0E-7,M3,1.339E-5,2.975E-6,2.0E-7,7.450000000000001E-7,M3,1.2990000000000001E-5,3.52E-6,6.0E-7,2.0E-7,M3,2.6495E-5,2.33E-6,6.0E-7,2.0E-7,M3,1.73E-5,2.33E-6,9.595E-6,2.0E-7,M3,1.73E-5,2.33E-6,2.0E-7,1.39E-6,M3,1.71E-5,3.52E-6,6.0E-7,2.0E-7,M3,1.567E-5,4.66E-6,2.0E-7,6.0E-7,M3,1.567E-5,5.85E-7,2.0E-7,4.275E-6,M3,1.561E-5,5.250000000000001E-7,3.2E-7,1.12E-6,M3,1.561E-5,5.250000000000001E-7,1.12E-6,3.2E-7,M3,2.558E-5,5.250000000000001E-7,3.2E-7,7.2E-7,M3,1.338E-5,1.713E-5,2.0E-7,6.0E-7,M3,1.338E-5,1.577E-5,2.0E-7,1.96E-6,M3,1.338E-5,1.577E-5,3.13E-6,2.0E-7,M3,1.631E-5,1.537E-5,2.0E-7,6.0E-7,M3,4.621E-5,1.537E-5,2.0E-7,6.0E-7,M3,4.621E-5,1.577E-5,3.13E-6,2.0E-7,M3,4.914E-5,1.577E-5,2.0E-7,1.96E-6,M3,4.914E-5,1.713E-5,2.0E-7,6.0E-7,M3,4.8270000000000004E-5,2.915E-6,1.12E-6,3.2E-7,M3,4.907E-5,2.915E-6,3.2E-7,1.12E-6,M3,4.907E-5,3.46E-6,7.2E-7,3.2E-7,M3,4.599E-5,5.250000000000001E-7,1.12E-6,3.2E-7,M3,4.6790000000000004E-5,5.250000000000001E-7,3.2E-7,1.12E-6,M3,4.6790000000000004E-5,4.6E-6,3.2E-7,7.2E-7,M4,4.496E-5,3.46E-6,7.2E-7,3.2E-7,M4,3.5565E-5,2.27E-6,7.2E-7,3.2E-7,M4,1.567E-5,5.85E-7,2.0E-7,1.0E-6,M4,1.567E-5,5.85E-7,1.0E-6,2.0E-7,M4,1.567E-5,5.85E-7,1.0170000000000001E-5,2.0E-7,M4,2.5640000000000002E-5,5.85E-7,2.0E-7,6.0E-7,M4,4.833E-5,2.975E-6,1.0E-6,2.0E-7,M4,4.913E-5,2.975E-6,2.0E-7,1.0E-6,M4,4.913E-5,2.975E-6,2.0E-7,7.450000000000001E-7,M4,4.913E-5,3.52E-6,6.0E-7,2.0E-7,M4,4.599E-5,5.250000000000001E-7,1.12E-6,3.2E-7,M4,4.6790000000000004E-5,5.250000000000001E-7,3.2E-7,1.12E-6,M4,4.6790000000000004E-5,4.6E-6,3.2E-7,7.2E-7,M5,4.502E-5,3.52E-6,6.0E-7,2.0E-7,M5,4.5220000000000004E-5,2.33E-6,2.0E-7,1.39E-6,M5,3.5825000000000003E-5,2.33E-6,9.595E-6,2.0E-7,M5,3.5625E-5,2.33E-6,6.0E-7,2.0E-7,M5,4.599E-5,5.250000000000001E-7,1.12E-6,3.2E-7,M5,4.6790000000000004E-5,5.250000000000001E-7,3.2E-7,1.12E-6,M5,4.6790000000000004E-5,4.6E-6,3.2E-7,7.2E-7,M6,4.605E-5,5.85E-7,1.0E-6,2.0E-7,M6,4.685E-5,5.85E-7,2.0E-7,1.0E-6,M6,4.685E-5,5.85E-7,2.0E-7,4.275E-6,M6,4.685E-5,4.66E-6,2.0E-7,6.0E-7,
M1,3.31E-6,6.6E-7,2.4000000000000003E-7,6.4E-7,M1,3.1150000000000002E-6,1.5555E-5,6.4E-7,2.4000000000000003E-7,M1,3.355E-6,1.5595E-5,3.75E-7,1.6E-7,M1,4.636E-5,1.6035E-5,2.28E-6,1.6E-7,M1,4.5605E-5,1.4895E-5,3.5550000000000003E-6,1.6E-7,M1,1.636E-5,1.6035E-5,2.28E-6,1.6E-7,M1,4.629E-5,4.96E-6,1.9200000000000003E-6,1.6E-7,M1,6.432000000000001E-5,1.5995000000000002E-5,2.4000000000000003E-7,6.4E-7,M1,6.458E-5,1.2035E-5,2.4000000000000003E-7,6.4E-7,M1,4.853E-5,1.3575E-5,6.4E-7,2.4000000000000003E-7,M1,3.048E-5,2.31E-6,6.4E-7,2.4000000000000003E-7,M1,3.388E-5,2.31E-6,6.4E-7,2.4000000000000003E-7,M1,3.388E-5,1.2775E-5,2.4000000000000003E-7,1.04E-6,M1,3.308E-5,1.3575E-5,1.04E-6,2.4000000000000003E-7,M1,1.6270000000000002E-5,1.3615000000000001E-5,1.781E-5,1.6E-7,M1,4.4E-7,1.5995000000000002E-5,2.4000000000000003E-7,6.4E-7,M1,1.8E-7,1.2035E-5,2.4000000000000003E-7,6.4E-7,M1,1.679E-5,4.96E-6,1.9200000000000003E-6,1.6E-7,M1,3.779E-5,9.25E-7,2.4000000000000003E-7,6.4E-7,M1,3.989E-5,6.51E-6,2.4000000000000003E-7,6.4E-7,M1,4.206E-5,1.46E-6,2.4000000000000003E-7,6.4E-7,M1,3.6440000000000003E-5,1.365E-6,2.4000000000000003E-7,6.4E-7,M1,4.537E-5,1.4895E-5,2.7E-7,1.6E-7,M1,4.548E-5,1.4895E-5,1.6E-7,8.6E-7,M1,3.739E-5,3.82E-6,2.0100000000000002E-6,1.6E-7,M1,3.739E-5,2.35E-6,1.6E-7,1.63E-6,M1,2.006E-5,1.682E-5,2.488E-5,1.6E-7,M1,2.487E-5,6.51E-6,2.4000000000000003E-7,6.4E-7,M1,2.697E-5,9.25E-7,2.4000000000000003E-7,6.4E-7,M1,2.836E-5,1.805E-6,1.6E-7,2.55E-7,M1,2.274E-5,1.9E-6,5.78E-6,1.6E-7,M1,2.56E-5,3.82E-6,2.0100000000000002E-6,1.6E-7,M1,2.745E-5,2.35E-6,1.6E-7,1.63E-6,M1,1.936E-5,1.5595E-5,2.7E-7,1.6E-7,M1,1.947E-5,1.4895E-5,1.6E-7,8.6E-7,M1,1.947E-5,1.4855000000000001E-5,6.4E-7,2.4000000000000003E-7,M1,1.972E-5,4.48E-6,2.4000000000000003E-7,6.4E-7,M1,1.584E-5,1.4895E-5,3.5550000000000003E-6,1.6E-7,M1,4.489E-5,1.4855000000000001E-5,6.4E-7,2.4000000000000003E-7,M1,4.504E-5,4.48E-6,2.4000000000000003E-7,6.4E-7,M1,6.145E-5,6.6E-7,2.4000000000000003E-7,6.4E-7,M1,6.1245E-5,1.5555E-5,6.4E-7,2.4000000000000003E-7,M1,6.127E-5,1.5595E-5,3.75E-7,1.6E-7,M1,3.154E-5,1.805E-6,1.9200000000000003E-6,1.6E-7,M1,1.671E-5,2.0E-8,6.4E-7,2.4000000000000003E-7,M1,3.9505E-5,2.0E-8,6.4E-7,2.4000000000000003E-7,M1,3.9745E-5,6.000000000000001E-8,2.85E-7,1.6E-7,M2,3.33E-6,6.800000000000001E-7,2.0E-7,6.0E-7,M2,3.33E-6,6.800000000000001E-7,2.0E-7,1.5095E-5,M2,3.33E-6,1.5575E-5,2.05E-7,2.0E-7,M2,3.135E-6,1.5575E-5,6.0E-7,2.0E-7,M2,6.434E-5,1.6015E-5,2.0E-7,6.0E-7,M2,6.434E-5,1.2455E-5,2.0E-7,3.76E-6,M2,6.434E-5,1.2455E-5,4.6E-7,2.0E-7,M2,6.46E-5,1.2055E-5,2.0E-7,6.0E-7,M2,4.849E-5,1.3535E-5,7.2E-7,3.2E-7,M2,3.044E-5,2.27E-6,7.2E-7,3.2E-7,M2,3.3900000000000004E-5,2.33E-6,6.0E-7,2.0E-7,M2,3.3900000000000004E-5,2.33E-6,2.0E-7,1.1465E-5,M2,3.3900000000000004E-5,1.2795E-5,2.0E-7,1.0E-6,M2,3.31E-5,1.3595000000000001E-5,1.0E-6,2.0E-7,M2,4.6E-7,1.6015E-5,2.0E-7,6.0E-7,M2,4.6E-7,1.2455E-5,2.0E-7,3.76E-6,M2,2.0E-7,1.2455E-5,4.6E-7,2.0E-7,M2,2.0E-7,1.2055E-5,2.0E-7,6.0E-7,M2,3.775E-5,8.85E-7,3.2E-7,7.2E-7,M2,3.985E-5,6.47E-6,3.2E-7,7.2E-7,M2,4.202E-5,1.42E-6,3.2E-7,7.2E-7,M2,3.6400000000000004E-5,1.325E-6,3.2E-7,7.2E-7,M2,2.483E-5,6.47E-6,3.2E-7,7.2E-7,M2,2.693E-5,8.85E-7,3.2E-7,7.2E-7,M2,1.949E-5,1.4875E-5,6.0E-7,2.0E-7,M2,1.969E-5,4.5E-6,2.0E-7,1.0575E-5,M2,1.969E-5,4.5E-6,2.5E-7,2.0E-7,M2,1.974E-5,4.5E-6,2.0E-7,6.0E-7,M2,4.491E-5,1.4875E-5,6.0E-7,2.0E-7,M2,4.511E-5,4.5E-6,2.0E-7,1.0575E-5,M2,4.506E-5,4.5E-6,2.5E-7,2.0E-7,M2,4.506E-5,4.5E-6,2.0E-7,6.0E-7,M2,6.147E-5,6.800000000000001E-7,2.0E-7,6.0E-7,M2,6.147E-5,6.800000000000001E-7,2.0E-7,1.5095E-5,M2,6.1465E-5,1.5575E-5,2.05E-7,2.0E-7,M2,6.1265E-5,1.5575E-5,6.0E-7,2.0E-7,M2,1.667E-5,-2.0E-8,7.2E-7,3.2E-7,M2,3.9465E-5,-2.0E-8,7.2E-7,3.2E-7,M3,4.855E-5,1.3595000000000001E-5,6.0E-7,2.0E-7,M3,4.855E-5,2.33E-6,2.0E-7,1.1465E-5,M3,3.09E-5,2.33E-6,1.785E-5,2.0E-7,M3,3.05E-5,2.33E-6,6.0E-7,2.0E-7,M3,3.775E-5,8.85E-7,3.2E-7,7.2E-7,M3,3.985E-5,6.47E-6,3.2E-7,7.2E-7,M3,4.2080000000000004E-5,1.48E-6,2.0E-7,6.0E-7,M3,3.646E-5,1.88E-6,5.82E-6,2.0E-7,M3,3.646E-5,1.785E-6,2.0E-7,2.95E-7,M3,3.646E-5,1.385E-6,2.0E-7,6.0E-7,M3,2.483E-5,6.47E-6,3.2E-7,7.2E-7,M3,2.693E-5,8.85E-7,3.2E-7,7.2E-7,M3,1.667E-5,-2.0E-8,7.2E-7,3.2E-7,M3,3.9465E-5,-2.0E-8,7.2E-7,3.2E-7,M4,3.781E-5,9.450000000000001E-7,2.0E-7,6.0E-7,M4,3.781E-5,1.345E-6,2.3E-6,2.0E-7,M4,3.991E-5,1.345E-6,2.0E-7,5.7850000000000005E-6,M4,3.991E-5,6.53E-6,2.0E-7,6.0E-7,M4,2.489E-5,6.53E-6,2.0E-7,6.0E-7,M4,2.489E-5,1.345E-6,2.0E-7,5.7850000000000005E-6,M4,2.489E-5,1.345E-6,2.3E-6,2.0E-7,M4,2.699E-5,9.450000000000001E-7,2.0E-7,6.0E-7,M4,1.673E-5,4.0E-8,6.0E-7,2.0E-7,M4,1.693E-5,4.0E-8,2.2995E-5,2.0E-7,M4,3.9525E-5,4.0E-8,6.0E-7,2.0E-7,
M1,2.2E-5,1.2055E-5,6.4E-7,2.4000000000000003E-7,M1,2.24E-5,7.81E-6,2.4000000000000003E-7,1.04E-6,M1,2.24E-5,7.81E-6,1.04E-6,2.4000000000000003E-7,M1,2.2440000000000002E-5,7.85E-6,1.02E-6,1.6E-7,M1,1.101E-5,4.6E-6,2.4000000000000003E-7,6.4E-7,M1,8.19E-6,4.7E-6,2.4000000000000003E-7,6.4E-7,M1,2.87E-5,1.2755E-5,2.4000000000000003E-7,6.4E-7,M1,2.845E-5,1.097E-5,2.4000000000000003E-7,6.4E-7,M1,2.849E-5,1.79E-6,1.6E-7,9.58E-6,M1,2.849E-5,1.35E-6,1.6E-7,6.0E-7,M1,1.648E-5,1.4220000000000001E-5,5.06E-6,1.6E-7,M1,2.959E-5,4.7E-6,2.4000000000000003E-7,6.4E-7,M1,2.677E-5,4.6E-6,2.4000000000000003E-7,6.4E-7,M1,1.8E-7,9.235E-6,2.4000000000000003E-7,6.4E-7,M1,4.4E-7,1.3195E-5,2.4000000000000003E-7,6.4E-7,M1,1.221E-5,1.3E-6,2.4000000000000003E-7,6.4E-7,M1,8.16E-6,1.35E-6,2.4000000000000003E-7,6.4E-7,M1,3.734E-5,1.3195E-5,2.4000000000000003E-7,6.4E-7,M1,3.76E-5,9.235E-6,2.4000000000000003E-7,6.4E-7,M1,1.486E-5,1.378E-5,2.4000000000000003E-7,6.4E-7,M1,1.19E-5,1.5775E-5,2.4000000000000003E-7,6.4E-7,M1,1.254E-5,1.2095E-5,3.04E-6,1.6E-7,M1,1.699E-5,2.18E-6,6.4E-7,2.4000000000000003E-7,M1,3.011E-5,3.5600000000000002E-6,6.4E-7,2.4000000000000003E-7,M1,2.962E-5,1.35E-6,2.4000000000000003E-7,6.4E-7,M1,2.557E-5,1.3E-6,2.4000000000000003E-7,6.4E-7,M1,1.2450000000000001E-5,2.22E-6,1.6E-7,1.44E-6,M1,1.2415E-5,2.22E-6,1.95E-7,1.6E-7,M1,2.197E-5,1.2095E-5,1.6E-7,8.6E-7,M1,2.197E-5,1.2795E-5,2.7E-7,1.6E-7,M1,1.5890000000000002E-5,1.2095E-5,1.6E-7,8.6E-7,M1,1.578E-5,1.2795E-5,2.7E-7,1.6E-7,M1,1.452E-5,7.41E-6,2.4000000000000003E-7,6.4E-7,M1,1.5380000000000002E-5,1.2055E-5,6.4E-7,2.4000000000000003E-7,M1,9.08E-6,1.2755E-5,2.4000000000000003E-7,6.4E-7,M1,9.33E-6,1.097E-5,2.4000000000000003E-7,6.4E-7,M1,9.37E-6,1.79E-6,1.6E-7,9.58E-6,M1,9.37E-6,1.35E-6,1.6E-7,6.0E-7,M1,2.588E-5,1.5775E-5,2.4000000000000003E-7,6.4E-7,M1,2.292E-5,1.378E-5,2.4000000000000003E-7,6.4E-7,M1,2.039E-5,2.18E-6,6.4E-7,2.4000000000000003E-7,M1,7.27E-6,3.5600000000000002E-6,6.4E-7,2.4000000000000003E-7,M1,3.136E-5,2.0E-8,6.4E-7,2.4000000000000003E-7,M1,1.0025E-5,2.0E-8,6.4E-7,2.4000000000000003E-7,M1,4.925E-6,6.000000000000001E-8,5.5E-6,1.6E-7,M1,1.097E-5,1.3E-6,1.6E-7,3.5E-6,M1,1.097E-5,4.6400000000000005E-6,2.4000000000000003E-7,1.6E-7,M1,2.6890000000000002E-5,1.3E-6,1.6E-7,3.5E-6,M1,2.681E-5,4.6400000000000005E-6,2.4000000000000003E-7,1.6E-7,M1,2.5205E-5,2.18E-6,6.4E-7,2.4000000000000003E-7,M1,2.5405E-5,2.66E-6,2.4000000000000003E-7,1.04E-6,M1,2.4605E-5,3.46E-6,1.04E-6,2.4000000000000003E-7,M1,2.541E-5,3.5E-6,1.95E-7,1.6E-7,M1,1.805E-5,1.74E-6,1.9200000000000003E-6,1.6E-7,M1,2.2440000000000002E-5,1.2095E-5,3.04E-6,1.6E-7,M2,2.196E-5,1.2015000000000001E-5,7.2E-7,3.2E-7,M2,2.236E-5,7.77E-6,3.2E-7,1.12E-6,M2,2.236E-5,7.77E-6,1.12E-6,3.2E-7,M2,1.103E-5,4.62E-6,2.0E-7,6.0E-7,M2,8.210000000000001E-6,4.62E-6,3.02E-6,2.0E-7,M2,8.210000000000001E-6,4.62E-6,2.0E-7,3.0E-7,M2,8.210000000000001E-6,4.72E-6,2.0E-7,6.0E-7,M2,2.872E-5,1.2775E-5,2.0E-7,6.0E-7,M2,2.847E-5,1.2775E-5,4.5000000000000003E-7,2.0E-7,M2,2.847E-5,1.119E-5,2.0E-7,1.785E-6,M2,2.847E-5,1.099E-5,2.0E-7,6.0E-7,M2,2.955E-5,4.66E-6,3.2E-7,7.2E-7,M2,2.673E-5,4.56E-6,3.2E-7,7.2E-7,M2,1.4E-7,9.195000000000001E-6,3.2E-7,7.2E-7,M2,4.0E-7,1.3155E-5,3.2E-7,7.2E-7,M2,1.217E-5,1.26E-6,3.2E-7,7.2E-7,M2,8.12E-6,1.31E-6,3.2E-7,7.2E-7,M2,3.73E-5,1.3155E-5,3.2E-7,7.2E-7,M2,3.756E-5,9.195000000000001E-6,3.2E-7,7.2E-7,M2,1.482E-5,1.374E-5,3.2E-7,7.2E-7,M2,1.186E-5,1.5735E-5,3.2E-7,7.2E-7,M2,1.6950000000000002E-5,2.14E-6,7.2E-7,3.2E-7,M2,3.0070000000000002E-5,3.52E-6,7.2E-7,3.2E-7,M2,2.958E-5,1.31E-6,3.2E-7,7.2E-7,M2,2.553E-5,1.26E-6,3.2E-7,7.2E-7,M2,1.454E-5,7.43E-6,2.0E-7,6.0E-7,M2,1.454E-5,7.83E-6,1.06E-6,2.0E-7,M2,1.54E-5,7.83E-6,2.0E-7,4.445E-6,M2,1.54E-5,1.2075E-5,6.0E-7,2.0E-7,M2,9.100000000000001E-6,1.2775E-5,2.0E-7,6.0E-7,M2,9.100000000000001E-6,1.2775E-5,4.5000000000000003E-7,2.0E-7,M2,9.35E-6,1.119E-5,2.0E-7,1.785E-6,M2,9.35E-6,1.099E-5,2.0E-7,6.0E-7,M2,2.584E-5,1.5735E-5,3.2E-7,7.2E-7,M2,2.288E-5,1.374E-5,3.2E-7,7.2E-7,M2,2.041E-5,2.2E-6,6.0E-7,2.0E-7,M2,2.041E-5,2.2E-6,2.0E-7,1.5800000000000001E-6,M2,7.690000000000001E-6,3.58E-6,1.292E-5,2.0E-7,M2,7.2900000000000005E-6,3.58E-6,6.0E-7,2.0E-7,M2,3.138E-5,4.0E-8,6.0E-7,2.0E-7,M2,1.0245000000000001E-5,4.0E-8,2.1535E-5,2.0E-7,M2,1.0045E-5,4.0E-8,6.0E-7,2.0E-7,M2,2.5225E-5,2.2E-6,6.0E-7,2.0E-7,M2,2.5425E-5,2.2E-6,2.0E-7,1.48E-6,M2,2.5425E-5,2.68E-6,2.0E-7,1.0E-6,M2,2.4625E-5,3.48E-6,1.0E-6,2.0E-7,M3,2.202E-5,1.2075E-5,6.0E-7,2.0E-7,M3,2.242E-5,7.83E-6,2.0E-7,4.445E-6,M3,2.242E-5,7.83E-6,2.0E-7,1.0E-6,M3,2.242E-5,7.83E-6,1.0E-6,2.0E-7,M3,2.961E-5,4.72E-6,2.0E-7,6.0E-7,M3,2.961E-5,4.62E-6,2.0E-7,3.0E-7,M3,2.679E-5,4.62E-6,3.02E-6,2.0E-7,M3,2.679E-5,4.62E-6,2.0E-7,6.0E-7,M3,2.0E-7,9.255E-6,2.0E-7,6.0E-7,M3,2.0E-7,9.655E-6,4.6E-7,2.0E-7,M3,4.6E-7,9.655E-6,2.0E-7,3.76E-6,M3,4.6E-7,1.3215E-5,2.0E-7,6.0E-7,M3,1.223E-5,1.32E-6,2.0E-7,6.0E-7,M3,1.223E-5,1.72E-6,2.0E-7,2.5E-7,M3,8.18E-6,1.77E-6,4.25E-6,2.0E-7,M3,8.18E-6,1.37E-6,2.0E-7,6.0E-7,M3,3.736E-5,1.3215E-5,2.0E-7,6.0E-7,M3,3.736E-5,9.655E-6,2.0E-7,3.76E-6,M3,3.736E-5,9.655E-6,4.6E-7,2.0E-7,M3,3.762E-5,9.255E-6,2.0E-7,6.0E-7,M3,1.488E-5,1.38E-5,2.0E-7,6.0E-7,M3,1.1920000000000001E-5,1.42E-5,3.1600000000000002E-6,2.0E-7,M3,1.1920000000000001E-5,1.42E-5,2.0E-7,2.195E-6,M3,1.1920000000000001E-5,1.5795E-5,2.0E-7,6.0E-7,M3,1.701E-5,2.2E-6,6.0E-7,2.0E-7,M3,1.741E-5,2.2E-6,2.0E-7,1.5800000000000001E-6,M3,1.741E-5,3.58E-6,1.292E-5,2.0E-7,M3,3.013E-5,3.58E-6,6.0E-7,2.0E-7,M3,2.964E-5,1.37E-6,2.0E-7,6.0E-7,M3,2.964E-5,1.72E-6,2.0E-7,2.5E-7,M3,2.559E-5,1.72E-6,4.25E-6,2.0E-7,M3,2.559E-5,1.32E-6,2.0E-7,6.0E-7,M3,2.59E-5,1.5795E-5,2.0E-7,6.0E-7,M3,2.59E-5,1.42E-5,2.0E-7,2.195E-6,M3,2.294E-5,1.42E-5,3.1600000000000002E-6,2.0E-7,M3,2.294E-5,1.38E-5,2.0E-7,6.0E-7,
M1,1.667E-5,8.845000000000001E-6,2.4000000000000003E-7,6.4E-7,M1,1.514E-5,1.1665000000000001E-5,6.4E-7,2.4000000000000003E-7,M1,3.2900000000000003E-6,1.405E-6,2.4000000000000003E-7,6.4E-7,M1,3.32E-6,1.8195E-5,2.4000000000000003E-7,6.4E-7,M1,1.827E-5,8.845000000000001E-6,2.4000000000000003E-7,6.4E-7,M1,1.94E-5,1.1665000000000001E-5,6.4E-7,2.4000000000000003E-7,M1,2.206E-5,5.405E-6,1.9200000000000003E-6,1.6E-7,M1,1.12E-5,6.05E-7,1.6E-7,4.96E-6,M1,7.75E-6,6.05E-7,3.61E-6,1.6E-7,M1,2.005E-5,2.0725E-5,1.31E-6,1.6E-7,M1,2.005E-5,1.5110000000000001E-5,1.6E-7,5.775E-6,M1,2.005E-5,1.403E-5,1.6E-7,1.24E-6,M1,2.382E-5,6.05E-7,1.6E-7,4.96E-6,M1,2.382E-5,6.05E-7,3.61E-6,1.6E-7,M1,4.4E-7,1.8635E-5,2.4000000000000003E-7,6.4E-7,M1,1.8E-7,1.4675000000000001E-5,2.4000000000000003E-7,6.4E-7,M1,2.869E-5,1.365E-6,2.4000000000000003E-7,6.4E-7,M1,3.26E-5,1.8450000000000001E-6,2.4000000000000003E-7,6.4E-7,M1,3.2515E-5,2.0E-8,6.4E-7,2.4000000000000003E-7,M1,2.385E-6,2.0E-8,6.4E-7,2.4000000000000003E-7,M1,1.4365E-5,1.1705E-5,1.6E-7,7.2E-7,M1,1.432E-5,1.2265E-5,2.05E-7,1.6E-7,M1,3.476E-5,1.4675000000000001E-5,2.4000000000000003E-7,6.4E-7,M1,3.45E-5,1.8635E-5,2.4000000000000003E-7,6.4E-7,M1,2.34E-6,1.8450000000000001E-6,2.4000000000000003E-7,6.4E-7,M1,6.25E-6,1.365E-6,2.4000000000000003E-7,6.4E-7,M1,2.43E-5,1.6215E-5,6.4E-7,2.4000000000000003E-7,M1,1.42E-5,1.0385E-5,6.4E-7,2.4000000000000003E-7,M1,2.0700000000000002E-5,1.1705E-5,1.6E-7,7.2E-7,M1,2.0655E-5,1.1705E-5,2.05E-7,1.6E-7,M1,1.12E-5,5.405E-6,1.9200000000000003E-6,1.6E-7,M1,1.497E-5,1.403E-5,1.6E-7,1.24E-6,M1,1.4930000000000001E-5,1.487E-5,2.4000000000000003E-7,6.4E-7,M1,1.338E-5,2.0685E-5,6.4E-7,2.4000000000000003E-7,M1,2.1720000000000002E-5,1.9585E-5,2.4000000000000003E-7,6.4E-7,M1,2.1720000000000002E-5,1.6100000000000002E-5,2.4000000000000003E-7,6.4E-7,M1,2.1760000000000002E-5,1.347E-5,1.6E-7,3.0300000000000002E-6,M1,2.1760000000000002E-5,1.347E-5,2.8E-7,1.6E-7,M1,2.058E-5,2.35E-6,1.6E-7,2.075E-6,M1,2.054E-5,2.31E-6,2.4000000000000003E-7,1.04E-6,M1,2.054E-5,2.31E-6,1.04E-6,2.4000000000000003E-7,M1,2.611E-5,2.31E-6,6.4E-7,2.4000000000000003E-7,M1,2.549E-5,1.365E-6,2.4000000000000003E-7,6.4E-7,M1,9.450000000000001E-6,1.365E-6,2.4000000000000003E-7,6.4E-7,M1,2.0340000000000002E-5,1.0385E-5,6.4E-7,2.4000000000000003E-7,M1,1.024E-5,1.6215E-5,6.4E-7,2.4000000000000003E-7,M1,1.522E-5,1.347E-5,4.74E-6,1.6E-7,M1,3.1650000000000004E-5,1.405E-6,2.4000000000000003E-7,6.4E-7,M1,3.162E-5,1.8195E-5,2.4000000000000003E-7,6.4E-7,M1,8.43E-6,2.31E-6,6.4E-7,2.4000000000000003E-7,M1,1.42E-5,4.225E-6,6.4E-7,2.4000000000000003E-7,M1,1.322E-5,1.9585E-5,2.4000000000000003E-7,6.4E-7,M1,1.322E-5,1.6100000000000002E-5,2.4000000000000003E-7,6.4E-7,M1,1.326E-5,1.347E-5,1.6E-7,3.0300000000000002E-6,M1,1.314E-5,1.347E-5,2.8E-7,1.6E-7,M2,1.669E-5,8.865E-6,2.0E-7,6.0E-7,M2,1.556E-5,9.265E-6,1.33E-6,2.0E-7,M2,1.556E-5,9.265E-6,2.0E-7,2.62E-6,M2,1.516E-5,1.1685E-5,6.0E-7,2.0E-7,M2,3.31E-6,1.4250000000000001E-6,2.0E-7,6.0E-7,M2,3.31E-6,1.825E-6,2.0E-7,1.659E-5,M2,3.31E-6,1.8215E-5,2.3E-7,2.0E-7,M2,3.34E-6,1.8215E-5,2.0E-7,6.0E-7,M2,1.829E-5,8.865E-6,2.0E-7,6.0E-7,M2,1.829E-5,9.265E-6,1.33E-6,2.0E-7,M2,1.942E-5,9.265E-6,2.0E-7,2.62E-6,M2,1.942E-5,1.1685E-5,6.0E-7,2.0E-7,M2,4.0E-7,1.8595E-5,3.2E-7,7.2E-7,M2,1.4E-7,1.4635E-5,3.2E-7,7.2E-7,M2,2.8650000000000002E-5,1.325E-6,3.2E-7,7.2E-7,M2,3.256E-5,1.805E-6,3.2E-7,7.2E-7,M2,3.2535E-5,4.0E-8,6.0E-7,2.0E-7,M2,2.605E-6,4.0E-8,3.033E-5,2.0E-7,M2,2.405E-6,4.0E-8,6.0E-7,2.0E-7,M2,3.472E-5,1.4635E-5,3.2E-7,7.2E-7,M2,3.446E-5,1.8595E-5,3.2E-7,7.2E-7,M2,2.3E-6,1.805E-6,3.2E-7,7.2E-7,M2,6.21E-6,1.325E-6,3.2E-7,7.2E-7,M2,2.426E-5,1.6175E-5,7.2E-7,3.2E-7,M2,1.416E-5,1.0345E-5,7.2E-7,3.2E-7,M2,1.489E-5,1.483E-5,3.2E-7,7.2E-7,M2,1.489E-5,1.9845E-5,3.2E-7,1.12E-6,M2,1.409E-5,2.0645E-5,1.12E-6,3.2E-7,M2,1.38E-5,2.0705E-5,1.35E-6,2.0E-7,M2,1.34E-5,2.0705E-5,6.0E-7,2.0E-7,M2,2.1740000000000002E-5,1.9605E-5,2.0E-7,6.0E-7,M2,2.1740000000000002E-5,1.632E-5,2.0E-7,3.885E-6,M2,2.1740000000000002E-5,1.612E-5,2.0E-7,6.0E-7,M2,2.056E-5,2.33E-6,2.0E-7,1.0E-6,M2,2.056E-5,2.33E-6,1.0E-6,2.0E-7,M2,2.056E-5,2.33E-6,5.77E-6,2.0E-7,M2,2.6130000000000002E-5,2.33E-6,6.0E-7,2.0E-7,M2,2.551E-5,1.385E-6,2.0E-7,6.0E-7,M2,9.47E-6,1.785E-6,1.624E-5,2.0E-7,M2,9.47E-6,1.385E-6,2.0E-7,6.0E-7,M2,2.03E-5,1.0345E-5,7.2E-7,3.2E-7,M2,1.02E-5,1.6175E-5,7.2E-7,3.2E-7,M2,3.167E-5,1.4250000000000001E-6,2.0E-7,6.0E-7,M2,3.167E-5,1.825E-6,2.0E-7,1.659E-5,M2,3.164E-5,1.8215E-5,2.3E-7,2.0E-7,M2,3.164E-5,1.8215E-5,2.0E-7,6.0E-7,M2,8.45E-6,2.33E-6,6.0E-7,2.0E-7,M2,8.85E-6,2.33E-6,2.0E-7,2.115E-6,M2,8.85E-6,4.245E-6,5.77E-6,2.0E-7,M2,1.4220000000000001E-5,4.245E-6,6.0E-7,2.0E-7,M2,1.324E-5,1.9605E-5,2.0E-7,6.0E-7,M2,1.324E-5,1.632E-5,2.0E-7,3.885E-6,M2,1.324E-5,1.612E-5,2.0E-7,6.0E-7,M3,4.6E-7,1.8655E-5,2.0E-7,6.0E-7,M3,4.6E-7,1.5095E-5,2.0E-7,3.76E-6,M3,2.0E-7,1.5095E-5,4.6E-7,2.0E-7,M3,2.0E-7,1.4695E-5,2.0E-7,6.0E-7,M3,2.871E-5,1.385E-6,2.0E-7,6.0E-7,M3,2.871E-5,1.785E-6,4.1100000000000005E-6,2.0E-7,M3,3.262E-5,1.785E-6,2.0E-7,6.800000000000001E-7,M3,3.262E-5,1.8650000000000001E-6,2.0E-7,6.0E-7,M3,3.478E-5,1.4695E-5,2.0E-7,6.0E-7,M3,3.478E-5,1.5095E-5,2.0E-7,3.76E-6,M3,3.452E-5,1.8655E-5,4.6E-7,2.0E-7,M3,3.452E-5,1.8655E-5,2.0E-7,6.0E-7,M3,2.36E-6,1.8650000000000001E-6,2.0E-7,6.0E-7,M3,2.36E-6,1.785E-6,2.0E-7,6.800000000000001E-7,M3,2.36E-6,1.785E-6,4.1100000000000005E-6,2.0E-7,M3,6.27E-6,1.385E-6,2.0E-7,6.0E-7,M3,2.432E-5,1.6235E-5,6.0E-7,2.0E-7,M3,2.432E-5,1.0405E-5,2.0E-7,6.03E-6,M3,2.346E-5,1.0345E-5,1.12E-6,3.2E-7,M3,2.426E-5,1.0345E-5,3.2E-7,1.12E-6,M3,1.416E-5,1.0345E-5,7.2E-7,3.2E-7,M3,1.489E-5,1.483E-5,3.2E-7,7.2E-7,M3,1.489E-5,1.9845E-5,3.2E-7,1.12E-6,M3,1.409E-5,2.0645E-5,1.12E-6,3.2E-7,M3,2.036E-5,1.0405E-5,6.0E-7,2.0E-7,M3,2.056E-5,1.0405E-5,2.0E-7,6.03E-6,M3,1.066E-5,1.6235E-5,1.01E-5,2.0E-7,M3,1.026E-5,1.6235E-5,6.0E-7,2.0E-7,M4,2.3520000000000002E-5,1.0405E-5,1.0E-6,2.0E-7,M4,2.432E-5,1.0405E-5,2.0E-7,1.0E-6,M4,1.4420000000000001E-5,1.0405E-5,1.01E-5,2.0E-7,M4,1.4220000000000001E-5,1.0405E-5,6.0E-7,2.0E-7,M4,1.4950000000000001E-5,1.489E-5,2.0E-7,6.0E-7,M4,1.4950000000000001E-5,1.509E-5,2.0E-7,5.815E-6,M4,1.4950000000000001E-5,1.9905E-5,2.0E-7,1.0E-6,M4,1.415E-5,2.0705E-5,1.0E-6,2.0E-7,
M1,2.9180000000000002E-5,1.805E-6,1.6E-7,2.3E-7,M1,2.9180000000000002E-5,1.875E-6,4.78E-6,1.6E-7,M1,1.808E-5,1.0575E-5,2.4000000000000003E-7,6.4E-7,M1,1.638E-5,1.594E-5,6.4E-7,2.4000000000000003E-7,M1,2.398E-5,4.9050000000000005E-6,1.9200000000000003E-6,1.6E-7,M1,1.8E-7,1.312E-5,2.4000000000000003E-7,6.4E-7,M1,4.4E-7,1.708E-5,2.4000000000000003E-7,6.4E-7,M1,3.257E-5,2.0E-8,6.4E-7,2.4000000000000003E-7,M1,4.79E-6,2.0E-8,6.4E-7,2.4000000000000003E-7,M1,1.1920000000000001E-5,1.805E-6,1.416E-5,1.6E-7,M1,3.732E-5,1.708E-5,2.4000000000000003E-7,6.4E-7,M1,3.758E-5,1.312E-5,2.4000000000000003E-7,6.4E-7,M1,2.57E-5,4.865E-6,2.4000000000000003E-7,6.4E-7,M1,2.765E-5,5.65E-7,2.4000000000000003E-7,6.4E-7,M1,2.254E-5,1.598E-5,3.06E-6,1.6E-7,M1,2.544E-5,1.598E-5,5.4E-7,1.6E-7,M1,1.434E-5,3.725E-6,6.4E-7,2.4000000000000003E-7,M1,1.0860000000000001E-5,2.31E-6,6.4E-7,2.4000000000000003E-7,M1,1.734E-5,1.2115E-5,6.4E-7,2.4000000000000003E-7,M1,2.7855E-5,1.466E-5,6.4E-7,2.4000000000000003E-7,M1,2.65E-5,2.31E-6,6.4E-7,2.4000000000000003E-7,M1,2.302E-5,3.725E-6,6.4E-7,2.4000000000000003E-7,M1,2.342E-5,1.742E-5,2.4000000000000003E-7,6.4E-7,M1,2.362E-5,1.889E-5,6.4E-7,2.4000000000000003E-7,M1,2.3860000000000002E-5,1.893E-5,2.68E-6,1.6E-7,M1,1.556E-5,1.666E-5,2.05E-7,1.6E-7,M1,1.5605E-5,1.598E-5,1.6E-7,8.4E-7,M1,9.505E-6,1.466E-5,6.4E-7,2.4000000000000003E-7,M1,2.002E-5,1.2115E-5,6.4E-7,2.4000000000000003E-7,M1,1.434E-5,1.742E-5,2.4000000000000003E-7,6.4E-7,M1,1.374E-5,1.889E-5,6.4E-7,2.4000000000000003E-7,M1,1.146E-5,1.893E-5,2.68E-6,1.6E-7,M1,1.2100000000000001E-5,4.9050000000000005E-6,1.9200000000000003E-6,1.6E-7,M1,8.66E-6,1.805E-6,1.6E-7,2.3E-7,M1,4.04E-6,1.875E-6,4.78E-6,1.6E-7,M1,1.202E-5,1.598E-5,5.4E-7,1.6E-7,M1,1.24E-5,1.598E-5,3.06E-6,1.6E-7,M1,1.011E-5,5.65E-7,2.4000000000000003E-7,6.4E-7,M1,1.206E-5,4.865E-6,2.4000000000000003E-7,6.4E-7,M1,2.2235E-5,1.598E-5,2.05E-7,1.6E-7,M1,2.228E-5,1.598E-5,1.6E-7,8.4E-7,M1,1.646E-5,1.7860000000000002E-5,5.0800000000000005E-6,1.6E-7,M1,3.213E-5,9.95E-7,2.4000000000000003E-7,6.4E-7,M1,3.264E-5,1.664E-5,2.4000000000000003E-7,6.4E-7,M1,1.968E-5,1.0575E-5,2.4000000000000003E-7,6.4E-7,M1,2.098E-5,1.594E-5,6.4E-7,2.4000000000000003E-7,M1,5.12E-6,1.664E-5,2.4000000000000003E-7,6.4E-7,M1,5.63E-6,9.95E-7,2.4000000000000003E-7,6.4E-7,M2,1.81E-5,1.0595000000000001E-5,2.0E-7,6.0E-7,M2,1.6800000000000002E-5,1.0995E-5,1.5E-6,2.0E-7,M2,1.6800000000000002E-5,1.0995E-5,2.0E-7,5.1650000000000005E-6,M2,1.64E-5,1.596E-5,6.0E-7,2.0E-7,M2,2.0E-7,1.314E-5,2.0E-7,6.0E-7,M2,2.0E-7,1.354E-5,2.0E-7,3.76E-6,M2,2.0E-7,1.71E-5,4.6E-7,2.0E-7,M2,4.6E-7,1.71E-5,2.0E-7,6.0E-7,M2,3.259E-5,4.0E-8,6.0E-7,2.0E-7,M2,5.21E-6,4.0E-8,2.758E-5,2.0E-7,M2,4.81E-6,4.0E-8,6.0E-7,2.0E-7,M2,3.734E-5,1.71E-5,2.0E-7,6.0E-7,M2,3.734E-5,1.354E-5,2.0E-7,3.76E-6,M2,3.734E-5,1.354E-5,4.6E-7,2.0E-7,M2,3.76E-5,1.314E-5,2.0E-7,6.0E-7,M2,2.566E-5,4.825E-6,3.2E-7,7.2E-7,M2,2.761E-5,4.0250000000000004E-6,3.2E-7,1.12E-6,M2,2.681E-5,4.825E-6,1.12E-6,3.2E-7,M2,2.767E-5,5.85E-7,2.0E-7,4.5E-6,M2,2.767E-5,5.85E-7,2.0E-7,6.0E-7,M2,1.436E-5,3.745E-6,6.0E-7,2.0E-7,M2,1.128E-5,3.745E-6,3.28E-6,2.0E-7,M2,1.128E-5,2.33E-6,2.0E-7,1.615E-6,M2,1.0880000000000001E-5,2.33E-6,6.0E-7,2.0E-7,M2,1.73E-5,1.2075E-5,7.2E-7,3.2E-7,M2,2.7815E-5,1.462E-5,7.2E-7,3.2E-7,M2,2.652E-5,2.33E-6,6.0E-7,2.0E-7,M2,2.652E-5,2.33E-6,2.0E-7,1.615E-6,M2,2.646E-5,2.885E-6,3.2E-7,1.12E-6,M2,2.566E-5,3.685E-6,1.12E-6,3.2E-7,M2,2.298E-5,3.685E-6,7.2E-7,3.2E-7,M2,2.344E-5,1.744E-5,2.0E-7,6.0E-7,M2,2.344E-5,1.7840000000000002E-5,2.0E-7,1.2700000000000001E-6,M2,2.344E-5,1.891E-5,6.0E-7,2.0E-7,M2,2.364E-5,1.891E-5,6.0E-7,2.0E-7,M2,9.465E-6,1.462E-5,7.2E-7,3.2E-7,M2,1.9980000000000002E-5,1.2075E-5,7.2E-7,3.2E-7,M2,1.436E-5,1.744E-5,2.0E-7,6.0E-7,M2,1.436E-5,1.7840000000000002E-5,2.0E-7,1.2700000000000001E-6,M2,1.396E-5,1.891E-5,6.0E-7,2.0E-7,M2,1.376E-5,1.891E-5,6.0E-7,2.0E-7,M2,1.007E-5,5.250000000000001E-7,3.2E-7,7.2E-7,M2,1.202E-5,4.825E-6,3.2E-7,7.2E-7,M2,3.209E-5,9.55E-7,3.2E-7,7.2E-7,M2,3.26E-5,1.66E-5,3.2E-7,7.2E-7,M2,1.97E-5,1.0595000000000001E-5,2.0E-7,6.0E-7,M2,1.97E-5,1.0995E-5,1.5E-6,2.0E-7,M2,2.1E-5,1.0995E-5,2.0E-7,5.1650000000000005E-6,M2,2.1E-5,1.596E-5,6.0E-7,2.0E-7,M2,5.0800000000000005E-6,1.66E-5,3.2E-7,7.2E-7,M2,5.59E-6,9.55E-7,3.2E-7,7.2E-7,M3,2.572E-5,4.885E-6,2.0E-7,6.0E-7,M3,2.572E-5,4.885E-6,2.15E-6,2.0E-7,M3,2.767E-5,4.085E-6,2.0E-7,1.0E-6,M3,2.6870000000000002E-5,4.885E-6,1.0E-6,2.0E-7,M3,1.73E-5,1.2075E-5,7.2E-7,3.2E-7,M3,2.7815E-5,1.462E-5,7.2E-7,3.2E-7,M3,2.652E-5,2.945E-6,2.0E-7,1.0E-6,M3,2.572E-5,3.745E-6,1.0E-6,2.0E-7,M3,2.344E-5,3.745E-6,3.28E-6,2.0E-7,M3,2.304E-5,3.745E-6,6.0E-7,2.0E-7,M3,9.525E-6,1.468E-5,6.0E-7,2.0E-7,M3,9.725000000000001E-6,1.468E-5,1.0515E-5,2.0E-7,M3,1.9980000000000002E-5,1.382E-5,3.2E-7,1.12E-6,M3,1.918E-5,1.462E-5,1.12E-6,3.2E-7,M3,1.9980000000000002E-5,1.2075E-5,7.2E-7,3.2E-7,M3,1.007E-5,5.250000000000001E-7,3.2E-7,7.2E-7,M3,1.007E-5,4.825E-6,1.12E-6,3.2E-7,M3,1.007E-5,4.0250000000000004E-6,3.2E-7,1.12E-6,M3,1.013E-5,4.885E-6,2.15E-6,2.0E-7,M3,1.208E-5,4.885E-6,2.0E-7,6.0E-7,M3,3.215E-5,1.015E-6,2.0E-7,6.0E-7,M3,3.215E-5,1.415E-6,7.1E-7,2.0E-7,M3,3.266E-5,1.415E-6,2.0E-7,1.5445E-5,M3,3.266E-5,1.666E-5,2.0E-7,6.0E-7,M3,5.0800000000000005E-6,1.66E-5,3.2E-7,7.2E-7,M3,5.59E-6,9.55E-7,3.2E-7,7.2E-7,M4,1.736E-5,1.2135E-5,6.0E-7,2.0E-7,M4,1.776E-5,1.2135E-5,2.0E-7,2.745E-6,M4,1.77E-5,1.462E-5,1.12E-6,3.2E-7,M4,1.77E-5,1.382E-5,3.2E-7,1.12E-6,M4,2.7815E-5,1.462E-5,7.2E-7,3.2E-7,M4,2.004E-5,1.3880000000000001E-5,2.0E-7,1.0E-6,M4,1.924E-5,1.468E-5,1.0E-6,2.0E-7,M4,2.004E-5,1.2135E-5,2.0E-7,2.745E-6,M4,2.004E-5,1.2135E-5,6.0E-7,2.0E-7,M4,1.013E-5,5.85E-7,2.0E-7,6.0E-7,M4,1.013E-5,5.85E-7,2.0E-7,4.5E-6,M4,1.013E-5,4.885E-6,1.0E-6,2.0E-7,M4,1.013E-5,4.085E-6,2.0E-7,1.0E-6,M4,5.14E-6,1.666E-5,2.0E-7,6.0E-7,M4,5.14E-6,1.415E-6,2.0E-7,1.5445E-5,M4,5.14E-6,1.415E-6,7.1E-7,2.0E-7,M4,5.65E-6,1.015E-6,2.0E-7,6.0E-7,M5,1.77E-5,1.462E-5,1.12E-6,3.2E-7,M5,1.77E-5,1.382E-5,3.2E-7,1.12E-6,M5,2.7815E-5,1.462E-5,7.2E-7,3.2E-7,M6,1.776E-5,1.468E-5,1.0E-6,2.0E-7,M6,1.776E-5,1.3880000000000001E-5,2.0E-7,1.0E-6,M6,1.776E-5,1.468E-5,1.0515E-5,2.0E-7,M6,2.7875E-5,1.468E-5,6.0E-7,2.0E-7,
M1,1.674E-5,9.7E-6,2.4000000000000003E-7,6.4E-7,M1,1.861E-5,1.252E-5,6.4E-7,2.4000000000000003E-7,M1,1.8E-5,1.982E-5,6.4E-7,2.4000000000000003E-7,M1,1.861E-5,1.5145E-5,6.4E-7,2.4000000000000003E-7,M1,1.971E-5,1.256E-5,1.6E-7,8.6E-7,M1,1.9600000000000002E-5,1.256E-5,2.7E-7,1.6E-7,M1,2.301E-5,1.8540000000000002E-5,6.4E-7,2.4000000000000003E-7,M1,1.3555E-5,1.124E-5,6.4E-7,2.4000000000000003E-7,M1,1.244E-5,1.0E-6,2.4000000000000003E-7,6.4E-7,M1,1.115E-5,1.855E-6,2.4000000000000003E-7,6.4E-7,M1,1.119E-5,2.095E-6,1.6E-7,2.825E-6,M1,2.077E-5,4.76E-6,1.9200000000000003E-6,1.6E-7,M1,1.8445E-5,3.58E-6,6.4E-7,2.4000000000000003E-7,M1,1.8645000000000002E-5,2.1000000000000002E-6,2.4000000000000003E-7,1.04E-6,M1,1.8645000000000002E-5,2.1000000000000002E-6,1.04E-6,2.4000000000000003E-7,M1,1.8685E-5,2.14E-6,2.55E-7,1.6E-7,M1,6.78E-6,5.6E-7,2.4000000000000003E-7,6.4E-7,M1,8.27E-6,2.052E-5,2.4000000000000003E-7,6.4E-7,M1,2.616E-5,2.2290000000000002E-5,2.4000000000000003E-7,6.4E-7,M1,3.17E-5,1.7E-5,2.4000000000000003E-7,6.4E-7,M1,1.4060000000000001E-5,1.44E-6,4.0E-6,1.6E-7,M1,5.72E-6,2.2290000000000002E-5,2.4000000000000003E-7,6.4E-7,M1,1.8E-7,1.7E-5,2.4000000000000003E-7,6.4E-7,M1,9.43E-6,4.76E-6,1.9200000000000003E-6,1.6E-7,M1,1.3180000000000001E-5,2.14E-6,1.6E-7,1.64E-6,M1,1.3180000000000001E-5,3.62E-6,2.55E-7,1.6E-7,M1,1.0E-5,2.3E-6,6.4E-7,2.4000000000000003E-7,M1,2.148E-5,2.3E-6,6.4E-7,2.4000000000000003E-7,M1,1.331E-5,1.256E-5,2.03E-6,1.6E-7,M1,1.514E-5,1.172E-5,2.4000000000000003E-7,1.04E-6,M1,1.434E-5,1.252E-5,1.04E-6,2.4000000000000003E-7,M1,1.514E-5,9.7E-6,2.4000000000000003E-7,6.4E-7,M1,1.236E-5,1.256E-5,1.6E-7,8.6E-7,M1,1.225E-5,1.326E-5,2.7E-7,1.6E-7,M1,1.2120000000000001E-5,1.252E-5,6.4E-7,2.4000000000000003E-7,M1,1.232E-5,1.902E-5,2.4000000000000003E-7,1.04E-6,M1,1.152E-5,1.982E-5,1.04E-6,2.4000000000000003E-7,M1,5.305E-6,1.986E-5,7.215E-6,1.6E-7,M1,2.302E-5,1.3600000000000001E-6,2.4000000000000003E-7,6.4E-7,M1,1.7860000000000002E-5,1.0E-6,2.4000000000000003E-7,6.4E-7,M1,1.402E-5,1.0E-6,2.4000000000000003E-7,6.4E-7,M1,8.86E-6,1.3600000000000001E-6,2.4000000000000003E-7,6.4E-7,M1,8.47E-6,1.8540000000000002E-5,6.4E-7,2.4000000000000003E-7,M1,1.7925000000000002E-5,1.124E-5,6.4E-7,2.4000000000000003E-7,M1,2.073E-5,4.72E-6,2.4000000000000003E-7,6.4E-7,M1,1.944E-5,1.66E-6,1.04E-6,2.4000000000000003E-7,M1,1.944E-5,8.6E-7,2.4000000000000003E-7,1.04E-6,M1,1.948E-5,1.44E-6,1.6E-7,4.2E-7,M1,1.295E-5,1.4485000000000001E-5,6.22E-6,1.6E-7,M1,1.444E-5,2.273E-5,3.24E-6,1.6E-7,M1,1.752E-5,1.4485000000000001E-5,1.6E-7,6.6750000000000005E-6,M1,1.752E-5,1.4485000000000001E-5,1.65E-6,1.6E-7,M1,2.361E-5,2.052E-5,2.4000000000000003E-7,6.4E-7,M1,2.51E-5,5.6E-7,2.4000000000000003E-7,6.4E-7,M2,1.67E-5,9.66E-6,3.2E-7,7.2E-7,M2,1.67E-5,1.248E-5,1.12E-6,3.2E-7,M2,1.67E-5,1.168E-5,3.2E-7,1.12E-6,M2,1.676E-5,1.254E-5,2.07E-6,2.0E-7,M2,1.863E-5,1.254E-5,6.0E-7,2.0E-7,M2,1.796E-5,1.978E-5,7.2E-7,3.2E-7,M2,1.857E-5,1.5105E-5,7.2E-7,3.2E-7,M2,2.2970000000000002E-5,1.85E-5,7.2E-7,3.2E-7,M2,1.3515E-5,1.12E-5,7.2E-7,3.2E-7,M2,1.2460000000000001E-5,1.02E-6,2.0E-7,6.0E-7,M2,1.2460000000000001E-5,1.42E-6,2.0E-7,4.6E-7,M2,1.117E-5,1.68E-6,1.4900000000000001E-6,2.0E-7,M2,1.117E-5,1.68E-6,2.0E-7,5.95E-7,M2,1.117E-5,1.875E-6,2.0E-7,6.0E-7,M2,1.8465E-5,3.6000000000000003E-6,6.0E-7,2.0E-7,M2,1.8665000000000002E-5,2.12E-6,2.0E-7,1.68E-6,M2,1.8665000000000002E-5,2.12E-6,2.0E-7,1.0E-6,M2,1.8665000000000002E-5,2.12E-6,1.0E-6,2.0E-7,M2,6.8E-6,5.800000000000001E-7,2.0E-7,6.0E-7,M2,6.8E-6,5.800000000000001E-7,2.0E-7,2.016E-5,M2,6.74E-6,2.048E-5,1.12E-6,3.2E-7,M2,6.74E-6,1.968E-5,3.2E-7,1.12E-6,M2,8.23E-6,2.048E-5,3.2E-7,7.2E-7,M2,2.612E-5,2.2250000000000002E-5,3.2E-7,7.2E-7,M2,3.166E-5,1.696E-5,3.2E-7,7.2E-7,M2,5.68E-6,2.2250000000000002E-5,3.2E-7,7.2E-7,M2,1.4E-7,1.696E-5,3.2E-7,7.2E-7,M2,9.96E-6,2.26E-6,7.2E-7,3.2E-7,M2,2.144E-5,2.26E-6,7.2E-7,3.2E-7,M2,1.5100000000000001E-5,1.168E-5,3.2E-7,1.12E-6,M2,1.43E-5,1.248E-5,1.12E-6,3.2E-7,M2,1.5100000000000001E-5,9.66E-6,3.2E-7,7.2E-7,M2,1.214E-5,1.254E-5,6.0E-7,2.0E-7,M2,1.234E-5,1.254E-5,2.0E-7,7.5E-6,M2,1.234E-5,1.904E-5,2.0E-7,1.0E-6,M2,1.154E-5,1.984E-5,1.0E-6,2.0E-7,M2,2.298E-5,1.32E-6,3.2E-7,7.2E-7,M2,1.782E-5,9.600000000000001E-7,3.2E-7,7.2E-7,M2,1.398E-5,9.600000000000001E-7,3.2E-7,7.2E-7,M2,8.82E-6,1.32E-6,3.2E-7,7.2E-7,M2,8.43E-6,1.85E-5,7.2E-7,3.2E-7,M2,1.7885E-5,1.12E-5,7.2E-7,3.2E-7,M2,2.075E-5,4.74E-6,2.0E-7,6.0E-7,M2,2.075E-5,2.075E-6,2.0E-7,2.865E-6,M2,2.075E-5,1.68E-6,2.0E-7,5.95E-7,M2,1.946E-5,1.68E-6,1.4900000000000001E-6,2.0E-7,M2,1.946E-5,1.68E-6,1.0E-6,2.0E-7,M2,1.946E-5,8.8E-7,2.0E-7,1.0E-6,M2,2.357E-5,2.048E-5,3.2E-7,7.2E-7,M2,2.506E-5,1.968E-5,3.2E-7,1.12E-6,M2,2.426E-5,2.048E-5,1.12E-6,3.2E-7,M2,2.512E-5,5.800000000000001E-7,2.0E-7,2.016E-5,M2,2.512E-5,5.800000000000001E-7,2.0E-7,6.0E-7,M3,1.676E-5,9.72E-6,2.0E-7,6.0E-7,M3,1.676E-5,1.012E-5,2.0E-7,2.62E-6,M3,1.676E-5,1.254E-5,1.0E-6,2.0E-7,M3,1.676E-5,1.174E-5,2.0E-7,1.0E-6,M3,1.802E-5,1.984E-5,6.0E-7,2.0E-7,M3,1.802E-5,1.984E-5,8.1E-7,2.0E-7,M3,1.863E-5,1.5165E-5,2.0E-7,4.875E-6,M3,1.863E-5,1.5165E-5,6.0E-7,2.0E-7,M3,2.2970000000000002E-5,1.85E-5,7.2E-7,3.2E-7,M3,1.3515E-5,1.12E-5,7.2E-7,3.2E-7,M3,6.74E-6,2.048E-5,1.12E-6,3.2E-7,M3,6.74E-6,1.968E-5,3.2E-7,1.12E-6,M3,8.23E-6,2.048E-5,3.2E-7,7.2E-7,M3,2.618E-5,2.231E-5,2.0E-7,6.0E-7,M3,2.618E-5,1.742E-5,2.0E-7,5.49E-6,M3,2.618E-5,1.742E-5,5.74E-6,2.0E-7,M3,3.172E-5,1.702E-5,2.0E-7,6.0E-7,M3,5.74E-6,2.231E-5,2.0E-7,6.0E-7,M3,5.74E-6,1.742E-5,2.0E-7,5.49E-6,M3,2.0E-7,1.742E-5,5.74E-6,2.0E-7,M3,2.0E-7,1.702E-5,2.0E-7,6.0E-7,M3,1.002E-5,2.3200000000000002E-6,6.0E-7,2.0E-7,M3,1.042E-5,2.3200000000000002E-6,1.128E-5,2.0E-7,M3,2.15E-5,2.3200000000000002E-6,6.0E-7,2.0E-7,M3,1.516E-5,1.174E-5,2.0E-7,1.0E-6,M3,1.436E-5,1.254E-5,1.0E-6,2.0E-7,M3,1.516E-5,1.012E-5,2.0E-7,2.62E-6,M3,1.516E-5,9.72E-6,2.0E-7,6.0E-7,M3,2.304E-5,1.3800000000000001E-6,2.0E-7,6.0E-7,M3,1.788E-5,1.7800000000000001E-6,5.36E-6,2.0E-7,M3,1.788E-5,1.42E-6,2.0E-7,5.6E-7,M3,1.788E-5,1.02E-6,2.0E-7,6.0E-7,M3,1.4040000000000001E-5,1.02E-6,2.0E-7,6.0E-7,M3,1.4040000000000001E-5,1.42E-6,2.0E-7,5.6E-7,M3,8.88E-6,1.7800000000000001E-6,5.36E-6,2.0E-7,M3,8.88E-6,1.3800000000000001E-6,2.0E-7,6.0E-7,M3,8.49E-6,1.8560000000000002E-5,6.0E-7,2.0E-7,M3,8.89E-6,1.8560000000000002E-5,9.455E-6,2.0E-7,M3,1.8145E-5,1.126E-5,2.0E-7,7.5E-6,M3,1.7945000000000002E-5,1.126E-5,6.0E-7,2.0E-7,M3,2.357E-5,2.048E-5,3.2E-7,7.2E-7,M3,2.506E-5,1.968E-5,3.2E-7,1.12E-6,M3,2.426E-5,2.048E-5,1.12E-6,3.2E-7,M4,2.303E-5,1.8560000000000002E-5,6.0E-7,2.0E-7,M4,1.3775000000000001E-5,1.8560000000000002E-5,9.455E-6,2.0E-7,M4,1.3775000000000001E-5,1.126E-5,2.0E-7,7.5E-6,M4,1.3575E-5,1.126E-5,6.0E-7,2.0E-7,M4,6.74E-6,2.048E-5,1.12E-6,3.2E-7,M4,6.74E-6,1.968E-5,3.2E-7,1.12E-6,M4,8.23E-6,2.048E-5,3.2E-7,7.2E-7,M4,2.357E-5,2.048E-5,3.2E-7,7.2E-7,M4,2.506E-5,1.968E-5,3.2E-7,1.12E-6,M4,2.426E-5,2.048E-5,1.12E-6,3.2E-7,M5,6.8E-6,2.054E-5,1.0E-6,2.0E-7,M5,6.8E-6,1.974E-5,2.0E-7,1.0E-6,M5,6.8E-6,2.054E-5,1.6900000000000001E-6,2.0E-7,M5,8.29E-6,2.054E-5,2.0E-7,6.0E-7,M5,2.363E-5,2.054E-5,2.0E-7,6.0E-7,M5,2.363E-5,2.054E-5,1.6900000000000001E-6,2.0E-7,M5,2.512E-5,1.974E-5,2.0E-7,1.0E-6,M5,2.432E-5,2.054E-5,1.0E-6,2.0E-7,
M1,3.104E-5,2.0605E-5,2.4000000000000003E-7,6.4E-7,M1,3.029E-5,6.3E-7,2.4000000000000003E-7,6.4E-7,M1,1.8E-7,1.7085E-5,2.4000000000000003E-7,6.4E-7,M1,4.4E-7,2.1045E-5,2.4000000000000003E-7,6.4E-7,M1,1.262E-5,1.32E-5,1.6E-7,7.4E-7,M1,1.262E-5,1.32E-5,2.05E-7,1.6E-7,M1,1.13E-5,2.35E-6,1.6E-7,1.44E-6,M1,1.13E-5,3.63E-6,6.4E-7,1.6E-7,M1,9.460000000000001E-6,1.0975E-5,2.4000000000000003E-7,6.4E-7,M1,1.1220000000000001E-5,1.078E-5,2.4000000000000003E-7,6.4E-7,M1,3.212E-5,2.1045E-5,2.4000000000000003E-7,6.4E-7,M1,3.238E-5,1.7085E-5,2.4000000000000003E-7,6.4E-7,M1,1.1920000000000001E-5,1.805E-6,8.96E-6,1.6E-7,M1,2.1380000000000002E-5,1.1215E-5,1.6E-7,1.65E-7,M1,2.1380000000000002E-5,1.1215E-5,1.9200000000000003E-6,1.6E-7,M1,1.326E-5,2.2355000000000002E-5,6.28E-6,1.6E-7,M1,7.23E-6,9.25E-7,2.4000000000000003E-7,6.4E-7,M1,9.460000000000001E-6,4.865E-6,2.4000000000000003E-7,6.4E-7,M1,2.004E-5,1.3160000000000001E-5,6.4E-7,2.4000000000000003E-7,M1,2.024E-5,1.9905E-5,1.04E-6,2.4000000000000003E-7,M1,2.024E-5,1.9105E-5,2.4000000000000003E-7,1.04E-6,M1,2.028E-5,1.9945E-5,8.4E-7,1.6E-7,M1,2.27E-6,6.3E-7,2.4000000000000003E-7,6.4E-7,M1,1.52E-6,2.0605E-5,2.4000000000000003E-7,6.4E-7,M1,1.872E-5,1.3160000000000001E-5,6.4E-7,2.4000000000000003E-7,M1,1.708E-5,1.0340000000000001E-5,2.4000000000000003E-7,6.4E-7,M1,1.9975E-5,1.32E-5,1.6E-7,7.4E-7,M1,1.9975E-5,1.378E-5,2.05E-7,1.6E-7,M1,2.042E-5,1.188E-5,6.4E-7,2.4000000000000003E-7,M1,8.54E-6,1.8625E-5,6.4E-7,2.4000000000000003E-7,M1,1.3520000000000001E-5,1.498E-5,5.76E-6,1.6E-7,M1,2.31E-5,4.865E-6,2.4000000000000003E-7,6.4E-7,M1,2.533E-5,9.25E-7,2.4000000000000003E-7,6.4E-7,M1,1.1400000000000001E-5,1.454E-5,2.4000000000000003E-7,6.4E-7,M1,1.1400000000000001E-5,2.1515E-5,2.4000000000000003E-7,1.04E-6,M1,1.06E-5,2.2315E-5,1.04E-6,2.4000000000000003E-7,M1,7.860000000000001E-6,2.2355000000000002E-5,3.74E-6,1.6E-7,M1,8.66E-6,1.805E-6,1.6E-7,2.3E-7,M1,8.62E-6,1.035E-6,2.4000000000000003E-7,1.04E-6,M1,7.82E-6,1.835E-6,1.04E-6,2.4000000000000003E-7,M1,4.0E-6,1.435E-6,2.4000000000000003E-7,6.4E-7,M1,2.398E-5,1.875E-6,4.78E-6,1.6E-7,M1,2.398E-5,1.805E-6,1.6E-7,2.3E-7,M1,2.698E-5,2.485E-6,5.9E-7,1.6E-7,M1,2.674E-5,2.445E-6,6.4E-7,2.4000000000000003E-7,M1,4.79E-6,2.445E-6,6.4E-7,2.4000000000000003E-7,M1,1.3880000000000001E-5,1.556E-5,1.6E-7,4.545E-6,M1,1.382E-5,1.9945E-5,2.2E-7,1.6E-7,M1,1.548E-5,1.0340000000000001E-5,2.4000000000000003E-7,6.4E-7,M1,1.344E-5,1.3160000000000001E-5,6.4E-7,2.4000000000000003E-7,M1,2.362E-5,1.8625E-5,6.4E-7,2.4000000000000003E-7,M1,1.174E-5,1.188E-5,6.4E-7,2.4000000000000003E-7,M1,2.134E-5,2.35E-6,1.6E-7,1.44E-6,M1,2.086E-5,3.63E-6,6.4E-7,1.6E-7,M2,3.1E-5,2.0565E-5,3.2E-7,7.2E-7,M2,3.025E-5,5.9E-7,3.2E-7,7.2E-7,M2,1.4E-7,1.7045E-5,3.2E-7,7.2E-7,M2,4.0E-7,2.1005E-5,3.2E-7,7.2E-7,M2,9.42E-6,1.0935E-5,3.2E-7,7.2E-7,M2,1.038E-5,1.1135000000000001E-5,1.12E-6,3.2E-7,M2,1.118E-5,1.1135000000000001E-5,3.2E-7,1.12E-6,M2,1.124E-5,1.1195E-5,2.0E-7,2.05E-7,M2,1.124E-5,1.08E-5,2.0E-7,6.0E-7,M2,3.208E-5,2.1005E-5,3.2E-7,7.2E-7,M2,3.234E-5,1.7045E-5,3.2E-7,7.2E-7,M2,7.19E-6,8.85E-7,3.2E-7,7.2E-7,M2,9.42E-6,4.825E-6,3.2E-7,7.2E-7,M2,2.006E-5,1.3180000000000001E-5,6.0E-7,2.0E-7,M2,2.026E-5,1.3180000000000001E-5,2.0E-7,6.945E-6,M2,2.026E-5,1.9925E-5,1.0E-6,2.0E-7,M2,2.026E-5,1.9125E-5,2.0E-7,1.0E-6,M2,2.2300000000000002E-6,5.9E-7,3.2E-7,7.2E-7,M2,1.48E-6,2.0565E-5,3.2E-7,7.2E-7,M2,1.874E-5,1.3180000000000001E-5,6.0E-7,2.0E-7,M2,1.71E-5,1.3180000000000001E-5,1.84E-6,2.0E-7,M2,1.71E-5,1.076E-5,2.0E-7,2.62E-6,M2,1.71E-5,1.036E-5,2.0E-7,6.0E-7,M2,2.038E-5,1.184E-5,7.2E-7,3.2E-7,M2,8.5E-6,1.8585E-5,7.2E-7,3.2E-7,M2,2.306E-5,4.825E-6,3.2E-7,7.2E-7,M2,2.529E-5,8.85E-7,3.2E-7,7.2E-7,M2,1.142E-5,1.456E-5,2.0E-7,6.0E-7,M2,1.142E-5,1.496E-5,2.0E-7,7.575E-6,M2,1.142E-5,2.1535E-5,2.0E-7,1.0E-6,M2,1.062E-5,2.2335000000000002E-5,1.0E-6,2.0E-7,M2,8.64E-6,1.055E-6,2.0E-7,1.0E-6,M2,7.84E-6,1.855E-6,1.0E-6,2.0E-7,M2,4.0200000000000005E-6,1.855E-6,4.8200000000000004E-6,2.0E-7,M2,4.0200000000000005E-6,1.455E-6,2.0E-7,6.0E-7,M2,2.676E-5,2.465E-6,6.0E-7,2.0E-7,M2,5.21E-6,2.465E-6,2.195E-5,2.0E-7,M2,4.81E-6,2.465E-6,6.0E-7,2.0E-7,M2,1.55E-5,1.036E-5,2.0E-7,6.0E-7,M2,1.55E-5,1.076E-5,2.0E-7,2.62E-6,M2,1.544E-5,1.232E-5,3.2E-7,1.12E-6,M2,1.464E-5,1.312E-5,1.12E-6,3.2E-7,M2,1.34E-5,1.312E-5,7.2E-7,3.2E-7,M2,2.358E-5,1.8585E-5,7.2E-7,3.2E-7,M2,1.17E-5,1.184E-5,7.2E-7,3.2E-7,M3,3.106E-5,2.0625E-5,2.0E-7,6.0E-7,M3,3.031E-5,2.0625E-5,9.5E-7,2.0E-7,M3,3.025E-5,2.0565E-5,1.12E-6,3.2E-7,M3,3.025E-5,1.9765E-5,3.2E-7,1.12E-6,M3,3.025E-5,5.9E-7,3.2E-7,7.2E-7,M3,2.0E-7,1.7105E-5,2.0E-7,6.0E-7,M3,2.0E-7,1.7505E-5,4.6E-7,2.0E-7,M3,4.6E-7,1.7505E-5,2.0E-7,3.76E-6,M3,4.6E-7,2.1065E-5,2.0E-7,6.0E-7,M3,9.48E-6,1.0995E-5,2.0E-7,6.0E-7,M3,9.48E-6,1.1195E-5,1.96E-6,2.0E-7,M3,1.044E-5,1.1195E-5,1.0E-6,2.0E-7,M3,1.124E-5,1.1195E-5,2.0E-7,1.0E-6,M3,3.214E-5,2.1065E-5,2.0E-7,6.0E-7,M3,3.214E-5,1.7505E-5,2.0E-7,3.76E-6,M3,3.214E-5,1.7505E-5,4.6E-7,2.0E-7,M3,3.24E-5,1.7105E-5,2.0E-7,6.0E-7,M3,7.25E-6,9.450000000000001E-7,2.0E-7,6.0E-7,M3,7.25E-6,1.345E-6,2.0E-7,3.74E-6,M3,7.19E-6,4.825E-6,1.12E-6,3.2E-7,M3,7.19E-6,4.0250000000000004E-6,3.2E-7,1.12E-6,M3,9.42E-6,4.825E-6,3.2E-7,7.2E-7,M3,2.2300000000000002E-6,5.9E-7,3.2E-7,7.2E-7,M3,1.48E-6,2.0565E-5,3.2E-7,7.2E-7,M3,2.038E-5,1.184E-5,7.2E-7,3.2E-7,M3,8.5E-6,1.8585E-5,7.2E-7,3.2E-7,M3,2.306E-5,4.825E-6,3.2E-7,7.2E-7,M3,2.529E-5,8.85E-7,3.2E-7,7.2E-7,M3,1.55E-5,1.238E-5,2.0E-7,1.0E-6,M3,1.47E-5,1.3180000000000001E-5,1.0E-6,2.0E-7,M3,1.3860000000000001E-5,1.3180000000000001E-5,1.84E-6,2.0E-7,M3,1.346E-5,1.3180000000000001E-5,6.0E-7,2.0E-7,M3,2.364E-5,1.8645000000000002E-5,6.0E-7,2.0E-7,M3,1.1760000000000001E-5,1.8645000000000002E-5,1.208E-5,2.0E-7,M3,1.1760000000000001E-5,1.19E-5,2.0E-7,6.945E-6,M3,1.1760000000000001E-5,1.19E-5,6.0E-7,2.0E-7,M4,3.025E-5,2.0565E-5,1.12E-6,3.2E-7,M4,3.025E-5,1.9765E-5,3.2E-7,1.12E-6,M4,3.025E-5,5.9E-7,3.2E-7,7.2E-7,M4,7.25E-6,4.885E-6,1.0E-6,2.0E-7,M4,7.25E-6,4.085E-6,2.0E-7,1.0E-6,M4,7.25E-6,4.885E-6,2.43E-6,2.0E-7,M4,9.48E-6,4.885E-6,2.0E-7,6.0E-7,M4,2.2300000000000002E-6,5.9E-7,3.2E-7,7.2E-7,M4,2.2300000000000002E-6,1.9765E-5,3.2E-7,1.12E-6,M4,1.43E-6,2.0565E-5,1.12E-6,3.2E-7,M4,1.54E-6,2.0625E-5,9.5E-7,2.0E-7,M4,1.54E-6,2.0625E-5,2.0E-7,6.0E-7,M4,2.038E-5,1.184E-5,7.2E-7,3.2E-7,M4,2.078E-5,1.7785E-5,3.2E-7,1.12E-6,M4,1.9980000000000002E-5,1.8585E-5,1.12E-6,3.2E-7,M4,8.96E-6,1.8645000000000002E-5,1.208E-5,2.0E-7,M4,8.56E-6,1.8645000000000002E-5,6.0E-7,2.0E-7,M4,2.306E-5,4.825E-6,3.2E-7,7.2E-7,M4,2.306E-5,1.285E-6,3.2E-7,1.12E-6,M4,2.306E-5,1.285E-6,1.12E-6,3.2E-7,M4,2.312E-5,1.345E-6,2.43E-6,2.0E-7,M4,2.535E-5,9.450000000000001E-7,2.0E-7,6.0E-7,M5,3.031E-5,2.0625E-5,1.0E-6,2.0E-7,M5,3.031E-5,1.9825E-5,2.0E-7,1.0E-6,M5,3.031E-5,6.5E-7,2.0E-7,2.0175E-5,M5,3.031E-5,6.5E-7,2.0E-7,6.0E-7,M5,2.29E-6,6.5E-7,2.0E-7,6.0E-7,M5,2.29E-6,6.5E-7,2.0E-7,2.0175E-5,M5,2.29E-6,1.9825E-5,2.0E-7,1.0E-6,M5,1.4900000000000001E-6,2.0625E-5,1.0E-6,2.0E-7,M5,2.038E-5,1.184E-5,7.2E-7,3.2E-7,M5,2.078E-5,1.7785E-5,3.2E-7,1.12E-6,M5,1.9980000000000002E-5,1.8585E-5,1.12E-6,3.2E-7,M5,2.312E-5,4.885E-6,2.0E-7,6.0E-7,M5,2.312E-5,1.345E-6,2.0E-7,3.74E-6,M5,2.312E-5,1.345E-6,2.0E-7,1.0E-6,M5,2.312E-5,1.345E-6,1.0E-6,2.0E-7,M6,2.044E-5,1.19E-5,6.0E-7,2.0E-7,M6,2.084E-5,1.19E-5,2.0E-7,6.945E-6,M6,2.084E-5,1.7845E-5,2.0E-7,1.0E-6,M6,2.004E-5,1.8645000000000002E-5,1.0E-6,2.0E-7,
M1,2.762E-5,7.2E-7,2.4000000000000003E-7,6.4E-7,M1,2.744E-5,2.061E-5,2.4000000000000003E-7,6.4E-7,M1,2.612E-5,1.9200000000000003E-6,2.4000000000000003E-7,6.4E-7,M1,2.163E-5,1.365E-6,2.4000000000000003E-7,6.4E-7,M1,2.004E-5,1.3160000000000001E-5,6.4E-7,2.4000000000000003E-7,M1,1.878E-5,1.991E-5,6.4E-7,2.4000000000000003E-7,M1,1.262E-5,1.378E-5,2.05E-7,1.6E-7,M1,1.2665E-5,1.32E-5,1.6E-7,7.4E-7,M1,2.306E-5,1.365E-6,1.6E-7,4.275E-6,M1,2.306E-5,5.48E-6,2.4000000000000003E-7,1.6E-7,M1,1.1815E-5,2.35E-6,1.6E-7,1.44E-6,M1,1.178E-5,3.63E-6,1.95E-7,1.6E-7,M1,4.4E-7,2.105E-5,2.4000000000000003E-7,6.4E-7,M1,1.8E-7,1.709E-5,2.4000000000000003E-7,6.4E-7,M1,4.94E-6,7.2E-7,2.4000000000000003E-7,6.4E-7,M1,5.12E-6,2.061E-5,2.4000000000000003E-7,6.4E-7,M1,1.742E-5,3.59E-6,6.4E-7,2.4000000000000003E-7,M1,8.54E-6,4.3E-6,6.4E-7,2.4000000000000003E-7,M1,9.460000000000001E-6,1.1265E-5,2.4000000000000003E-7,6.4E-7,M1,1.1220000000000001E-5,1.078E-5,2.4000000000000003E-7,6.4E-7,M1,2.134E-5,1.078E-5,2.4000000000000003E-7,6.4E-7,M1,2.31E-5,1.1265E-5,2.4000000000000003E-7,6.4E-7,M1,1.9735E-5,1.3160000000000001E-5,6.4E-7,2.4000000000000003E-7,M1,1.708E-5,1.0340000000000001E-5,2.4000000000000003E-7,6.4E-7,M1,3.238E-5,1.709E-5,2.4000000000000003E-7,6.4E-7,M1,3.212E-5,2.105E-5,2.4000000000000003E-7,6.4E-7,M1,1.9975E-5,1.32E-5,2.05E-7,1.6E-7,M1,2.002E-5,1.32E-5,1.6E-7,7.4E-7,M1,1.3520000000000001E-5,1.498E-5,5.76E-6,1.6E-7,M1,2.382E-5,4.3E-6,6.4E-7,2.4000000000000003E-7,M1,1.474E-5,3.59E-6,6.4E-7,2.4000000000000003E-7,M1,1.093E-5,1.365E-6,2.4000000000000003E-7,6.4E-7,M1,6.44E-6,1.9200000000000003E-6,2.4000000000000003E-7,6.4E-7,M1,9.58E-6,1.365E-6,1.6E-7,4.275E-6,M1,9.5E-6,5.48E-6,2.4000000000000003E-7,1.6E-7,M1,1.206E-5,1.556E-5,1.6E-7,4.5500000000000005E-6,M1,1.168E-5,1.995E-5,5.4E-7,1.6E-7,M1,7.2000000000000005E-6,3.02E-6,6.4E-7,2.4000000000000003E-7,M1,2.496E-5,3.02E-6,6.4E-7,2.4000000000000003E-7,M1,2.0825E-5,2.35E-6,1.6E-7,1.44E-6,M1,2.0825E-5,3.63E-6,1.95E-7,1.6E-7,M1,1.548E-5,1.0340000000000001E-5,2.4000000000000003E-7,6.4E-7,M1,1.2425E-5,1.3160000000000001E-5,6.4E-7,2.4000000000000003E-7,M1,1.1400000000000001E-5,1.454E-5,2.4000000000000003E-7,6.4E-7,M1,9.62E-6,2.192E-5,2.4000000000000003E-7,6.4E-7,M1,1.326E-5,2.236E-5,6.28E-6,1.6E-7,M1,1.4230000000000001E-5,1.805E-6,4.34E-6,1.6E-7,M2,2.764E-5,7.4E-7,2.0E-7,6.0E-7,M2,2.746E-5,7.4E-7,3.8E-7,2.0E-7,M2,2.746E-5,7.4E-7,2.0E-7,2.009E-5,M2,2.746E-5,2.063E-5,2.0E-7,6.0E-7,M2,2.608E-5,1.88E-6,3.2E-7,7.2E-7,M2,2.159E-5,1.325E-6,3.2E-7,7.2E-7,M2,2.006E-5,1.3180000000000001E-5,6.0E-7,2.0E-7,M2,2.026E-5,1.3180000000000001E-5,2.0E-7,6.95E-6,M2,1.88E-5,1.993E-5,1.66E-6,2.0E-7,M2,1.88E-5,1.993E-5,6.0E-7,2.0E-7,M2,4.0E-7,2.101E-5,3.2E-7,7.2E-7,M2,1.4E-7,1.705E-5,3.2E-7,7.2E-7,M2,4.96E-6,7.4E-7,2.0E-7,6.0E-7,M2,4.96E-6,7.4E-7,3.8E-7,2.0E-7,M2,5.14E-6,7.4E-7,2.0E-7,2.009E-5,M2,5.14E-6,2.063E-5,2.0E-7,6.0E-7,M2,1.744E-5,3.61E-6,6.0E-7,2.0E-7,M2,1.744E-5,3.61E-6,2.0E-7,9.1E-7,M2,8.96E-6,4.32E-6,8.68E-6,2.0E-7,M2,8.56E-6,4.32E-6,6.0E-7,2.0E-7,M2,9.48E-6,1.1285E-5,2.0E-7,6.0E-7,M2,9.48E-6,1.12E-5,2.0E-7,4.85E-7,M2,9.48E-6,1.12E-5,1.96E-6,2.0E-7,M2,1.124E-5,1.08E-5,2.0E-7,6.0E-7,M2,2.13E-5,1.074E-5,3.2E-7,7.2E-7,M2,2.226E-5,1.114E-5,1.12E-6,3.2E-7,M2,2.306E-5,1.114E-5,3.2E-7,1.12E-6,M2,2.312E-5,1.12E-5,2.0E-7,4.85E-7,M2,2.312E-5,1.1285E-5,2.0E-7,6.0E-7,M2,1.9755E-5,1.3180000000000001E-5,6.0E-7,2.0E-7,M2,1.71E-5,1.3180000000000001E-5,3.055E-6,2.0E-7,M2,1.71E-5,1.076E-5,2.0E-7,2.62E-6,M2,1.71E-5,1.036E-5,2.0E-7,6.0E-7,M2,3.234E-5,1.705E-5,3.2E-7,7.2E-7,M2,3.208E-5,2.101E-5,3.2E-7,7.2E-7,M2,2.378E-5,4.26E-6,7.2E-7,3.2E-7,M2,1.47E-5,3.55E-6,7.2E-7,3.2E-7,M2,1.089E-5,1.325E-6,3.2E-7,7.2E-7,M2,6.4E-6,1.88E-6,3.2E-7,7.2E-7,M2,7.22E-6,3.04E-6,6.0E-7,2.0E-7,M2,7.62E-6,3.04E-6,1.756E-5,2.0E-7,M2,2.498E-5,3.04E-6,6.0E-7,2.0E-7,M2,1.55E-5,1.036E-5,2.0E-7,6.0E-7,M2,1.55E-5,1.076E-5,2.0E-7,2.62E-6,M2,1.544E-5,1.232E-5,3.2E-7,1.12E-6,M2,1.464E-5,1.312E-5,1.12E-6,3.2E-7,M2,1.2385000000000001E-5,1.312E-5,7.2E-7,3.2E-7,M2,1.142E-5,1.456E-5,2.0E-7,6.0E-7,M2,1.142E-5,1.496E-5,2.0E-7,7.58E-6,M2,9.640000000000001E-6,2.234E-5,1.98E-6,2.0E-7,M2,9.640000000000001E-6,2.194E-5,2.0E-7,6.0E-7,M3,2.614E-5,1.94E-6,2.0E-7,6.0E-7,M3,2.165E-5,2.34E-6,4.69E-6,2.0E-7,M3,2.165E-5,1.785E-6,2.0E-7,7.55E-7,M3,2.165E-5,1.385E-6,2.0E-7,6.0E-7,M3,4.6E-7,2.107E-5,2.0E-7,6.0E-7,M3,4.6E-7,1.751E-5,2.0E-7,3.76E-6,M3,2.0E-7,1.751E-5,4.6E-7,2.0E-7,M3,2.0E-7,1.711E-5,2.0E-7,6.0E-7,M3,2.136E-5,1.08E-5,2.0E-7,6.0E-7,M3,2.136E-5,1.12E-5,1.96E-6,2.0E-7,M3,2.232E-5,1.12E-5,1.0E-6,2.0E-7,M3,2.312E-5,1.12E-5,2.0E-7,1.0E-6,M3,3.24E-5,1.711E-5,2.0E-7,6.0E-7,M3,3.214E-5,1.751E-5,4.6E-7,2.0E-7,M3,3.214E-5,1.751E-5,2.0E-7,3.76E-6,M3,3.214E-5,2.107E-5,2.0E-7,6.0E-7,M3,2.378E-5,4.26E-6,7.2E-7,3.2E-7,M3,2.2780000000000002E-5,3.55E-6,1.12E-6,3.2E-7,M3,2.358E-5,3.55E-6,3.2E-7,1.12E-6,M3,1.516E-5,3.61E-6,8.68E-6,2.0E-7,M3,1.4760000000000001E-5,3.61E-6,6.0E-7,2.0E-7,M3,1.095E-5,1.385E-6,2.0E-7,6.0E-7,M3,1.095E-5,1.785E-6,2.0E-7,7.55E-7,M3,6.46E-6,2.34E-6,4.69E-6,2.0E-7,M3,6.46E-6,1.94E-6,2.0E-7,6.0E-7,M3,1.55E-5,1.238E-5,2.0E-7,1.0E-6,M3,1.47E-5,1.3180000000000001E-5,1.0E-6,2.0E-7,M3,1.2645E-5,1.3180000000000001E-5,3.055E-6,2.0E-7,M3,1.2445E-5,1.3180000000000001E-5,6.0E-7,2.0E-7,M4,2.378E-5,4.26E-6,7.2E-7,3.2E-7,M4,2.2780000000000002E-5,3.55E-6,1.12E-6,3.2E-7,M4,2.358E-5,3.55E-6,3.2E-7,1.12E-6,M5,2.378E-5,4.26E-6,7.2E-7,3.2E-7,M5,2.2780000000000002E-5,3.55E-6,1.12E-6,3.2E-7,M5,2.358E-5,3.55E-6,3.2E-7,1.12E-6,M6,2.354E-5,4.22E-6,1.2E-6,4.0E-7,M6,2.194E-5,3.5100000000000003E-6,2.0E-6,4.0E-7,M6,2.354E-5,3.5100000000000003E-6,4.0E-7,2.0E-6,M7,2.354E-5,4.22E-6,1.2E-6,4.0E-7,M7,2.354E-5,3.5100000000000003E-6,4.0E-7,1.11E-6,M7,2.194E-5,3.5100000000000003E-6,2.0E-6,4.0E-7,M7,2.354E-5,3.5100000000000003E-6,4.0E-7,2.0E-6,
M1,2.009E-5,1.44E-6,1.9200000000000003E-6,1.6E-7,M1,4.033E-5,1.4930000000000001E-5,2.4000000000000003E-7,6.4E-7,M1,3.9655E-5,5.2E-7,6.4E-7,2.4000000000000003E-7,M1,3.953E-5,5.6E-7,5.250000000000001E-7,1.6E-7,M1,2.557E-5,1.581E-5,2.4000000000000003E-7,6.4E-7,M1,2.85E-5,1.692E-5,2.4000000000000003E-7,6.4E-7,M1,1.336E-5,1.692E-5,2.4000000000000003E-7,6.4E-7,M1,1.629E-5,1.581E-5,2.4000000000000003E-7,6.4E-7,M1,2.3350000000000002E-5,1.0E-6,2.4000000000000003E-7,6.4E-7,M1,2.3350000000000002E-5,8.96E-6,2.4000000000000003E-7,6.4E-7,M1,1.607E-5,2.0E-8,6.4E-7,2.4000000000000003E-7,M1,2.779E-5,2.0E-8,6.4E-7,2.4000000000000003E-7,M1,2.625E-5,4.68E-6,1.9200000000000003E-6,1.6E-7,M1,1.518E-5,1.32E-6,2.4000000000000003E-7,6.4E-7,M1,2.005E-5,1.0E-6,2.4000000000000003E-7,6.4E-7,M1,1.8E-7,1.1410000000000001E-5,2.4000000000000003E-7,6.4E-7,M1,4.4E-7,1.537E-5,2.4000000000000003E-7,6.4E-7,M1,4.142E-5,1.537E-5,2.4000000000000003E-7,6.4E-7,M1,4.168E-5,1.1410000000000001E-5,2.4000000000000003E-7,6.4E-7,M1,1.397E-5,1.427E-5,3.045E-6,1.6E-7,M1,1.985E-5,8.52E-6,2.4000000000000003E-7,6.4E-7,M1,1.6625E-5,1.4230000000000001E-5,6.4E-7,2.4000000000000003E-7,M1,1.8750000000000002E-5,1.006E-5,6.4E-7,2.4000000000000003E-7,M1,2.849E-5,1.295E-5,6.4E-7,2.4000000000000003E-7,M1,1.393E-5,4.68E-6,1.9200000000000003E-6,1.6E-7,M1,1.764E-5,3.5E-6,6.4E-7,2.4000000000000003E-7,M1,1.8765E-5,2.0E-8,6.4E-7,2.4000000000000003E-7,M1,1.53E-6,1.4930000000000001E-5,2.4000000000000003E-7,6.4E-7,M1,1.805E-6,5.2E-7,6.4E-7,2.4000000000000003E-7,M1,2.045E-6,5.6E-7,5.250000000000001E-7,1.6E-7,M1,2.2935E-5,6.000000000000001E-8,1.6E-7,3.64E-6,M1,2.2935E-5,3.54E-6,1.285E-6,1.6E-7,M1,2.295E-5,1.01E-5,1.6E-7,3.05E-6,M1,1.341E-5,1.2990000000000001E-5,9.7E-6,1.6E-7,M1,1.855E-5,4.85E-6,1.6E-7,4.71E-6,M1,1.851E-5,4.61E-6,2.4000000000000003E-7,6.4E-7,M1,1.851E-5,1.0E-6,2.4000000000000003E-7,6.4E-7,M1,2.181E-5,1.0E-6,2.4000000000000003E-7,6.4E-7,M1,2.6680000000000002E-5,1.32E-6,2.4000000000000003E-7,6.4E-7,M1,2.4835000000000002E-5,1.4230000000000001E-5,6.4E-7,2.4000000000000003E-7,M1,2.201E-5,8.52E-6,2.4000000000000003E-7,6.4E-7,M1,2.4730000000000002E-5,1.427E-5,1.6E-7,8.6E-7,M1,2.4730000000000002E-5,1.427E-5,5.0E-7,1.6E-7,M1,2.557E-5,1.581E-5,2.4000000000000003E-7,6.4E-7,M1,1.629E-5,1.581E-5,2.4000000000000003E-7,6.4E-7,M1,2.5085E-5,1.427E-5,3.045E-6,1.6E-7,M1,1.721E-5,1.427E-5,1.6E-7,8.6E-7,M1,1.687E-5,1.427E-5,5.0E-7,1.6E-7,M2,4.035E-5,1.4950000000000001E-5,2.0E-7,6.0E-7,M2,4.035E-5,5.4E-7,2.0E-7,1.461E-5,M2,3.9875E-5,5.4E-7,6.75E-7,2.0E-7,M2,3.9675E-5,5.4E-7,6.0E-7,2.0E-7,M2,2.553E-5,1.577E-5,3.2E-7,7.2E-7,M2,2.8460000000000002E-5,1.688E-5,3.2E-7,7.2E-7,M2,1.332E-5,1.688E-5,3.2E-7,7.2E-7,M2,1.6250000000000002E-5,1.577E-5,3.2E-7,7.2E-7,M2,2.337E-5,1.02E-6,2.0E-7,6.0E-7,M2,2.337E-5,1.42E-6,2.0E-7,3.61E-6,M2,2.337E-5,4.83E-6,2.0E-7,4.75E-6,M2,2.337E-5,8.98E-6,2.0E-7,6.0E-7,M2,1.603E-5,-2.0E-8,7.2E-7,3.2E-7,M2,2.775E-5,-2.0E-8,7.2E-7,3.2E-7,M2,1.514E-5,1.28E-6,3.2E-7,7.2E-7,M2,2.001E-5,9.600000000000001E-7,3.2E-7,7.2E-7,M2,1.4E-7,1.137E-5,3.2E-7,7.2E-7,M2,4.0E-7,1.533E-5,3.2E-7,7.2E-7,M2,4.138E-5,1.533E-5,3.2E-7,7.2E-7,M2,4.164E-5,1.137E-5,3.2E-7,7.2E-7,M2,1.9810000000000002E-5,8.48E-6,3.2E-7,7.2E-7,M2,1.6585E-5,1.419E-5,7.2E-7,3.2E-7,M2,1.877E-5,1.008E-5,6.0E-7,2.0E-7,M2,1.897E-5,1.008E-5,2.0E-7,3.09E-6,M2,1.897E-5,1.297E-5,9.74E-6,2.0E-7,M2,2.851E-5,1.297E-5,6.0E-7,2.0E-7,M2,1.766E-5,3.52E-6,6.0E-7,2.0E-7,M2,1.7860000000000002E-5,4.0E-8,2.0E-7,3.68E-6,M2,1.7860000000000002E-5,4.0E-8,1.325E-6,2.0E-7,M2,1.8785E-5,4.0E-8,6.0E-7,2.0E-7,M2,1.55E-6,1.4950000000000001E-5,2.0E-7,6.0E-7,M2,1.55E-6,5.4E-7,2.0E-7,1.461E-5,M2,1.55E-6,5.4E-7,6.75E-7,2.0E-7,M2,1.825E-6,5.4E-7,6.0E-7,2.0E-7,M2,1.853E-5,4.63E-6,2.0E-7,6.0E-7,M2,1.853E-5,1.42E-6,2.0E-7,3.61E-6,M2,1.853E-5,1.02E-6,2.0E-7,6.0E-7,M2,2.177E-5,9.600000000000001E-7,3.2E-7,7.2E-7,M2,2.664E-5,1.28E-6,3.2E-7,7.2E-7,M2,2.4795E-5,1.419E-5,7.2E-7,3.2E-7,M2,2.197E-5,8.48E-6,3.2E-7,7.2E-7,M2,2.559E-5,1.583E-5,2.0E-7,6.0E-7,M2,1.631E-5,1.623E-5,9.48E-6,2.0E-7,M2,1.631E-5,1.583E-5,2.0E-7,6.0E-7,M3,2.559E-5,1.583E-5,2.0E-7,6.0E-7,M3,2.559E-5,1.623E-5,3.13E-6,2.0E-7,M3,2.852E-5,1.623E-5,2.0E-7,1.31E-6,M3,2.852E-5,1.694E-5,2.0E-7,6.0E-7,M3,1.338E-5,1.694E-5,2.0E-7,6.0E-7,M3,1.338E-5,1.623E-5,2.0E-7,1.31E-6,M3,1.338E-5,1.623E-5,3.13E-6,2.0E-7,M3,1.631E-5,1.583E-5,2.0E-7,6.0E-7,M3,1.609E-5,4.0E-8,6.0E-7,2.0E-7,M3,1.649E-5,4.0E-8,1.172E-5,2.0E-7,M3,2.781E-5,4.0E-8,6.0E-7,2.0E-7,M3,1.52E-5,1.34E-6,2.0E-7,6.0E-7,M3,1.52E-5,1.74E-6,5.07E-6,2.0E-7,M3,2.007E-5,1.42E-6,2.0E-7,5.2E-7,M3,2.007E-5,1.02E-6,2.0E-7,6.0E-7,M3,2.0E-7,1.143E-5,2.0E-7,6.0E-7,M3,2.0E-7,1.183E-5,2.0E-7,3.76E-6,M3,2.0E-7,1.539E-5,4.6E-7,2.0E-7,M3,4.6E-7,1.539E-5,2.0E-7,6.0E-7,M3,4.144E-5,1.539E-5,2.0E-7,6.0E-7,M3,4.144E-5,1.539E-5,4.6E-7,2.0E-7,M3,4.1700000000000004E-5,1.183E-5,2.0E-7,3.76E-6,M3,4.1700000000000004E-5,1.143E-5,2.0E-7,6.0E-7,M3,1.987E-5,8.54E-6,2.0E-7,6.0E-7,M3,1.987E-5,8.94E-6,2.0E-7,5.51E-6,M3,1.6845E-5,1.425E-5,3.225E-6,2.0E-7,M3,1.6645E-5,1.425E-5,6.0E-7,2.0E-7,M3,2.183E-5,1.02E-6,2.0E-7,6.0E-7,M3,2.183E-5,1.42E-6,2.0E-7,5.2E-7,M3,2.183E-5,1.74E-6,5.07E-6,2.0E-7,M3,2.6700000000000002E-5,1.34E-6,2.0E-7,6.0E-7,M3,2.4855000000000002E-5,1.425E-5,6.0E-7,2.0E-7,M3,2.5055E-5,8.94E-6,2.0E-7,5.51E-6,M3,2.203E-5,8.94E-6,3.225E-6,2.0E-7,M3,2.203E-5,8.54E-6,2.0E-7,6.0E-7,
M1,1.2735000000000001E-5,1.5975E-5,6.4E-7,2.4000000000000003E-7,M1,1.236E-5,1.893E-5,6.4E-7,2.4000000000000003E-7,M1,1.4390000000000001E-5,1.805E-6,4.58E-6,1.6E-7,M1,2.482E-5,2.197E-5,2.4000000000000003E-7,6.4E-7,M1,2.165E-5,1.449E-5,2.4000000000000003E-7,6.4E-7,M1,1.309E-5,1.5315E-5,7.18E-6,1.6E-7,M1,3.268E-5,2.007E-5,2.4000000000000003E-7,6.4E-7,M1,3.294E-5,1.611E-5,2.4000000000000003E-7,6.4E-7,M1,4.4E-7,2.007E-5,2.4000000000000003E-7,6.4E-7,M1,1.8E-7,1.611E-5,2.4000000000000003E-7,6.4E-7,M1,1.095E-5,1.365E-6,2.4000000000000003E-7,6.4E-7,M1,6.5000000000000004E-6,1.41E-6,2.4000000000000003E-7,6.4E-7,M1,9.57E-6,4.86E-6,1.9200000000000003E-6,1.6E-7,M1,2.0700000000000002E-5,1.339E-5,1.6E-7,8.6E-7,M1,2.0700000000000002E-5,1.409E-5,2.7E-7,1.6E-7,M1,8.61E-6,3.68E-6,6.4E-7,2.4000000000000003E-7,M1,1.77E-5,1.207E-5,6.4E-7,2.4000000000000003E-7,M1,9.53E-6,4.86E-6,2.0E-7,1.6E-7,M1,9.53E-6,1.365E-6,1.6E-7,3.655E-6,M1,2.363E-5,4.86E-6,2.0E-7,1.6E-7,M1,2.3670000000000002E-5,1.365E-6,1.6E-7,3.655E-6,M1,8.3E-6,2.197E-5,2.4000000000000003E-7,6.4E-7,M1,1.147E-5,1.449E-5,2.4000000000000003E-7,6.4E-7,M1,2.04E-5,1.6015E-5,1.6E-7,3.1150000000000002E-6,M1,2.0225E-5,1.6015E-5,3.35E-7,1.6E-7,M1,2.523E-5,6.1E-7,2.4000000000000003E-7,6.4E-7,M1,2.578E-5,1.963E-5,2.4000000000000003E-7,6.4E-7,M1,2.567E-5,2.4E-6,6.4E-7,2.4000000000000003E-7,M1,7.05E-6,2.4E-6,6.4E-7,2.4000000000000003E-7,M1,1.736E-5,1.053E-5,2.4000000000000003E-7,6.4E-7,M1,1.971E-5,1.3350000000000001E-5,6.4E-7,2.4000000000000003E-7,M1,1.181E-5,3.68E-6,6.4E-7,2.4000000000000003E-7,M1,1.183E-5,2.88E-6,2.4000000000000003E-7,1.04E-6,M1,1.103E-5,3.68E-6,1.04E-6,2.4000000000000003E-7,M1,1.187E-5,2.35E-6,1.6E-7,1.53E-6,M1,1.502E-5,1.207E-5,6.4E-7,2.4000000000000003E-7,M1,2.411E-5,3.68E-6,6.4E-7,2.4000000000000003E-7,M1,7.89E-6,6.1E-7,2.4000000000000003E-7,6.4E-7,M1,7.34E-6,1.963E-5,2.4000000000000003E-7,6.4E-7,M1,1.576E-5,1.053E-5,2.4000000000000003E-7,6.4E-7,M1,1.301E-5,1.3350000000000001E-5,6.4E-7,2.4000000000000003E-7,M1,1.239E-5,1.339E-5,1.6E-7,8.6E-7,M1,1.239E-5,1.339E-5,2.7E-7,1.6E-7,M1,2.217E-5,1.365E-6,2.4000000000000003E-7,6.4E-7,M1,2.662E-5,1.41E-6,2.4000000000000003E-7,6.4E-7,M1,2.187E-5,4.86E-6,1.9200000000000003E-6,1.6E-7,M1,2.133E-5,2.35E-6,1.6E-7,1.53E-6,M1,2.133E-5,3.72E-6,1.8E-7,1.6E-7,M2,1.2695E-5,1.5935E-5,7.2E-7,3.2E-7,M2,1.232E-5,1.889E-5,7.2E-7,3.2E-7,M2,2.484E-5,2.199E-5,2.0E-7,6.0E-7,M2,2.484E-5,1.451E-5,2.0E-7,8.08E-6,M2,2.398E-5,1.445E-5,1.12E-6,3.2E-7,M2,2.478E-5,1.445E-5,3.2E-7,1.12E-6,M2,2.161E-5,1.445E-5,3.2E-7,7.2E-7,M2,3.264E-5,2.003E-5,3.2E-7,7.2E-7,M2,3.29E-5,1.607E-5,3.2E-7,7.2E-7,M2,4.0E-7,2.003E-5,3.2E-7,7.2E-7,M2,1.4E-7,1.607E-5,3.2E-7,7.2E-7,M2,1.091E-5,1.325E-6,3.2E-7,7.2E-7,M2,6.46E-6,1.37E-6,3.2E-7,7.2E-7,M2,8.570000000000001E-6,3.64E-6,7.2E-7,3.2E-7,M2,1.766E-5,1.203E-5,7.2E-7,3.2E-7,M2,8.32E-6,2.199E-5,2.0E-7,6.0E-7,M2,8.32E-6,1.451E-5,2.0E-7,8.08E-6,M2,8.26E-6,1.445E-5,3.2E-7,1.12E-6,M2,8.26E-6,1.445E-5,1.12E-6,3.2E-7,M2,1.143E-5,1.445E-5,3.2E-7,7.2E-7,M2,2.519E-5,5.7E-7,3.2E-7,7.2E-7,M2,2.574E-5,1.959E-5,3.2E-7,7.2E-7,M2,2.569E-5,2.42E-6,6.0E-7,2.0E-7,M2,7.4700000000000005E-6,2.42E-6,1.842E-5,2.0E-7,M2,7.07E-6,2.42E-6,6.0E-7,2.0E-7,M2,1.738E-5,1.055E-5,2.0E-7,6.0E-7,M2,1.738E-5,1.095E-5,2.55E-6,2.0E-7,M2,1.973E-5,1.095E-5,2.0E-7,2.62E-6,M2,1.973E-5,1.337E-5,6.0E-7,2.0E-7,M2,1.183E-5,3.7E-6,6.0E-7,2.0E-7,M2,1.183E-5,3.7E-6,2.2E-7,2.0E-7,M2,1.185E-5,2.9E-6,2.0E-7,1.0E-6,M2,1.1050000000000001E-5,3.7E-6,1.0E-6,2.0E-7,M2,1.498E-5,1.203E-5,7.2E-7,3.2E-7,M2,1.5380000000000002E-5,3.64E-6,3.2E-7,1.12E-6,M2,1.5380000000000002E-5,3.64E-6,1.12E-6,3.2E-7,M2,1.544E-5,3.7E-6,8.89E-6,2.0E-7,M2,2.413E-5,3.7E-6,6.0E-7,2.0E-7,M2,7.85E-6,5.7E-7,3.2E-7,7.2E-7,M2,7.3E-6,1.959E-5,3.2E-7,7.2E-7,M2,1.578E-5,1.055E-5,2.0E-7,6.0E-7,M2,1.343E-5,1.095E-5,2.55E-6,2.0E-7,M2,1.343E-5,1.095E-5,2.0E-7,2.62E-6,M2,1.303E-5,1.337E-5,6.0E-7,2.0E-7,M2,2.213E-5,1.325E-6,3.2E-7,7.2E-7,M2,2.658E-5,1.37E-6,3.2E-7,7.2E-7,M3,1.2695E-5,1.5935E-5,7.2E-7,3.2E-7,M3,1.2895000000000001E-5,1.809E-5,3.2E-7,1.12E-6,M3,1.2095E-5,1.889E-5,1.12E-6,3.2E-7,M3,1.278E-5,1.895E-5,3.75E-7,2.0E-7,M3,1.238E-5,1.895E-5,6.0E-7,2.0E-7,M3,2.404E-5,1.451E-5,1.0E-6,2.0E-7,M3,2.484E-5,1.451E-5,2.0E-7,1.0E-6,M3,2.167E-5,1.451E-5,3.37E-6,2.0E-7,M3,2.167E-5,1.451E-5,2.0E-7,6.0E-7,M3,3.27E-5,2.009E-5,2.0E-7,6.0E-7,M3,3.27E-5,2.009E-5,4.6E-7,2.0E-7,M3,3.296E-5,1.653E-5,2.0E-7,3.76E-6,M3,3.296E-5,1.613E-5,2.0E-7,6.0E-7,M3,4.6E-7,2.009E-5,2.0E-7,6.0E-7,M3,2.0E-7,2.009E-5,4.6E-7,2.0E-7,M3,2.0E-7,1.653E-5,2.0E-7,3.76E-6,M3,2.0E-7,1.613E-5,2.0E-7,6.0E-7,M3,1.097E-5,1.385E-6,2.0E-7,6.0E-7,M3,6.52E-6,1.785E-6,4.65E-6,2.0E-7,M3,6.52E-6,1.785E-6,2.0E-7,2.45E-7,M3,6.52E-6,1.43E-6,2.0E-7,6.0E-7,M3,8.63E-6,3.7E-6,6.0E-7,2.0E-7,M3,9.03E-6,3.7E-6,2.0E-7,8.59E-6,M3,8.97E-6,1.203E-5,1.12E-6,3.2E-7,M3,8.97E-6,1.1230000000000001E-5,3.2E-7,1.12E-6,M3,1.766E-5,1.203E-5,7.2E-7,3.2E-7,M3,8.32E-6,1.451E-5,2.0E-7,1.0E-6,M3,8.32E-6,1.451E-5,1.0E-6,2.0E-7,M3,8.32E-6,1.451E-5,3.37E-6,2.0E-7,M3,1.149E-5,1.451E-5,2.0E-7,6.0E-7,M3,2.519E-5,5.7E-7,3.2E-7,7.2E-7,M3,2.519E-5,1.959E-5,1.12E-6,3.2E-7,M3,2.519E-5,1.879E-5,3.2E-7,1.12E-6,M3,2.525E-5,1.965E-5,7.5E-7,2.0E-7,M3,2.58E-5,1.965E-5,2.0E-7,6.0E-7,M3,1.504E-5,1.209E-5,6.0E-7,2.0E-7,M3,1.544E-5,3.7E-6,2.0E-7,8.59E-6,M3,1.544E-5,3.7E-6,2.0E-7,1.0E-6,M3,1.544E-5,3.7E-6,1.0E-6,2.0E-7,M3,7.85E-6,5.7E-7,3.2E-7,7.2E-7,M3,7.85E-6,1.879E-5,3.2E-7,1.12E-6,M3,7.05E-6,1.959E-5,1.12E-6,3.2E-7,M3,7.36E-6,1.965E-5,7.5E-7,2.0E-7,M3,7.36E-6,1.965E-5,2.0E-7,6.0E-7,M3,2.219E-5,1.385E-6,2.0E-7,6.0E-7,M3,2.219E-5,1.785E-6,4.65E-6,2.0E-7,M3,2.664E-5,1.785E-6,2.0E-7,2.45E-7,M3,2.664E-5,1.43E-6,2.0E-7,6.0E-7,M4,1.2755E-5,1.5995000000000002E-5,6.0E-7,2.0E-7,M4,1.2955E-5,1.5995000000000002E-5,2.0E-7,3.155E-6,M4,1.2955E-5,1.815E-5,2.0E-7,1.0E-6,M4,1.2155E-5,1.895E-5,1.0E-6,2.0E-7,M4,8.97E-6,1.203E-5,1.12E-6,3.2E-7,M4,8.97E-6,1.1230000000000001E-5,3.2E-7,1.12E-6,M4,1.766E-5,1.203E-5,7.2E-7,3.2E-7,M4,2.525E-5,6.3E-7,2.0E-7,6.0E-7,M4,2.525E-5,6.3E-7,2.0E-7,1.922E-5,M4,2.525E-5,1.965E-5,1.0E-6,2.0E-7,M4,2.525E-5,1.885E-5,2.0E-7,1.0E-6,M4,7.91E-6,6.3E-7,2.0E-7,6.0E-7,M4,7.91E-6,6.3E-7,2.0E-7,1.922E-5,M4,7.91E-6,1.885E-5,2.0E-7,1.0E-6,M4,7.1100000000000005E-6,1.965E-5,1.0E-6,2.0E-7,M5,9.03E-6,1.209E-5,1.0E-6,2.0E-7,M5,9.03E-6,1.129E-5,2.0E-7,1.0E-6,M5,9.03E-6,1.209E-5,8.89E-6,2.0E-7,M5,1.772E-5,1.209E-5,6.0E-7,2.0E-7,
M1,9.75E-6,2.0E-8,6.4E-7,2.4000000000000003E-7,M1,2.6875E-5,2.0E-8,6.4E-7,2.4000000000000003E-7,M1,1.7E-5,1.805E-6,1.9200000000000003E-6,1.6E-7,M1,1.525E-5,1.4995E-5,5.42E-6,1.6E-7,M1,4.89E-6,5.5E-7,2.4000000000000003E-7,6.4E-7,M1,5.57E-6,1.85E-5,2.4000000000000003E-7,6.4E-7,M1,1.3875E-5,2.35E-6,1.95E-7,1.6E-7,M1,1.3875E-5,2.35E-6,1.6E-7,1.44E-6,M1,1.255E-5,1.3795000000000001E-5,2.0E-7,1.6E-7,M1,1.259E-5,1.3235E-5,1.6E-7,7.2E-7,M1,4.4E-7,1.894E-5,2.4000000000000003E-7,6.4E-7,M1,1.8E-7,1.498E-5,2.4000000000000003E-7,6.4E-7,M1,2.0995E-5,2.31E-6,6.4E-7,2.4000000000000003E-7,M1,8.47E-6,3.5600000000000002E-6,6.4E-7,2.4000000000000003E-7,M1,2.694E-5,1.78E-5,6.4E-7,2.4000000000000003E-7,M1,2.1720000000000002E-5,1.3195E-5,6.4E-7,2.4000000000000003E-7,M1,2.317E-5,1.3795000000000001E-5,2.0E-7,1.6E-7,M1,2.317E-5,1.3235E-5,1.6E-7,7.2E-7,M1,1.664E-5,2.0435E-5,2.4000000000000003E-7,6.4E-7,M1,1.521E-5,1.4555E-5,2.4000000000000003E-7,6.4E-7,M1,3.55E-5,1.498E-5,2.4000000000000003E-7,6.4E-7,M1,3.524E-5,1.894E-5,2.4000000000000003E-7,6.4E-7,M1,2.042E-5,1.0375E-5,2.4000000000000003E-7,6.4E-7,M1,2.0515E-5,1.3195E-5,6.4E-7,2.4000000000000003E-7,M1,2.206E-5,1.365E-6,2.4000000000000003E-7,6.4E-7,M1,2.644E-5,1.35E-6,2.4000000000000003E-7,6.4E-7,M1,1.363E-5,1.5555E-5,1.6E-7,2.445E-6,M1,1.363E-5,1.5555E-5,3.3E-7,1.6E-7,M1,2.681E-5,3.5600000000000002E-6,6.4E-7,2.4000000000000003E-7,M1,1.4285E-5,2.31E-6,6.4E-7,2.4000000000000003E-7,M1,1.119E-5,1.365E-6,1.6E-7,3.565E-6,M1,1.119E-5,1.365E-6,1.2E-6,1.6E-7,M1,1.115E-5,4.7300000000000005E-6,2.4000000000000003E-7,6.4E-7,M1,9.39E-6,4.7E-6,2.4000000000000003E-7,6.4E-7,M1,2.629E-5,4.7E-6,2.4000000000000003E-7,6.4E-7,M1,2.453E-5,4.7300000000000005E-6,2.4000000000000003E-7,6.4E-7,M1,1.668E-5,2.0875E-5,2.56E-6,1.6E-7,M1,2.185E-5,2.35E-6,1.95E-7,1.6E-7,M1,2.1885E-5,2.35E-6,1.6E-7,1.44E-6,M1,3.011E-5,1.85E-5,2.4000000000000003E-7,6.4E-7,M1,3.025E-5,5.5E-7,6.4E-7,2.4000000000000003E-7,M1,3.049E-5,5.9E-7,5.0E-7,1.6E-7,M1,2.457E-5,1.365E-6,1.6E-7,3.565E-6,M1,2.353E-5,1.365E-6,1.2E-6,1.6E-7,M1,1.526E-5,1.0375E-5,2.4000000000000003E-7,6.4E-7,M1,1.4765E-5,1.3195E-5,6.4E-7,2.4000000000000003E-7,M1,9.24E-6,1.35E-6,2.4000000000000003E-7,6.4E-7,M1,1.362E-5,1.365E-6,2.4000000000000003E-7,6.4E-7,M2,9.77E-6,4.0E-8,6.0E-7,2.0E-7,M2,1.0170000000000001E-5,4.0E-8,1.7125E-5,2.0E-7,M2,2.6895E-5,4.0E-8,6.0E-7,2.0E-7,M2,4.85E-6,5.1E-7,3.2E-7,7.2E-7,M2,5.53E-6,1.846E-5,3.2E-7,7.2E-7,M2,4.0E-7,1.8900000000000002E-5,3.2E-7,7.2E-7,M2,1.4E-7,1.4940000000000001E-5,3.2E-7,7.2E-7,M2,2.0955000000000002E-5,2.27E-6,7.2E-7,3.2E-7,M2,8.83E-6,3.32E-6,3.2E-7,1.12E-6,M2,8.83E-6,3.32E-6,1.12E-6,3.2E-7,M2,8.89E-6,3.3800000000000002E-6,2.0E-7,4.0E-7,M2,8.49E-6,3.58E-6,6.0E-7,2.0E-7,M2,2.696E-5,1.782E-5,6.0E-7,2.0E-7,M2,2.194E-5,1.782E-5,5.42E-6,2.0E-7,M2,2.194E-5,1.3215E-5,2.0E-7,4.805E-6,M2,2.1740000000000002E-5,1.3215E-5,6.0E-7,2.0E-7,M2,1.666E-5,2.0455E-5,2.0E-7,6.0E-7,M2,1.523E-5,2.0855E-5,1.63E-6,2.0E-7,M2,1.523E-5,1.4975E-5,2.0E-7,6.08E-6,M2,1.523E-5,1.4575E-5,2.0E-7,6.0E-7,M2,3.546E-5,1.4940000000000001E-5,3.2E-7,7.2E-7,M2,3.52E-5,1.8900000000000002E-5,3.2E-7,7.2E-7,M2,2.044E-5,1.0395E-5,2.0E-7,6.0E-7,M2,2.044E-5,1.0795E-5,4.95E-7,2.0E-7,M2,2.0735E-5,1.0795E-5,2.0E-7,2.62E-6,M2,2.0535E-5,1.3215E-5,6.0E-7,2.0E-7,M2,2.2080000000000002E-5,1.385E-6,2.0E-7,6.0E-7,M2,2.2080000000000002E-5,1.77E-6,2.0E-7,2.15E-7,M2,2.2080000000000002E-5,1.77E-6,4.58E-6,2.0E-7,M2,2.646E-5,1.37E-6,2.0E-7,6.0E-7,M2,2.677E-5,3.52E-6,7.2E-7,3.2E-7,M2,2.597E-5,3.32E-6,1.12E-6,3.2E-7,M2,2.677E-5,3.32E-6,3.2E-7,1.12E-6,M2,1.4505000000000001E-5,3.3800000000000002E-6,1.2525E-5,2.0E-7,M2,1.4445E-5,3.32E-6,1.12E-6,3.2E-7,M2,1.4445E-5,2.52E-6,3.2E-7,1.12E-6,M2,1.4245E-5,2.27E-6,7.2E-7,3.2E-7,M2,1.117E-5,4.75E-6,2.0E-7,6.0E-7,M2,1.117E-5,4.72E-6,2.0E-7,2.3E-7,M2,9.41E-6,4.72E-6,1.96E-6,2.0E-7,M2,9.41E-6,4.72E-6,2.0E-7,6.0E-7,M2,2.625E-5,4.66E-6,3.2E-7,7.2E-7,M2,2.449E-5,4.69E-6,3.2E-7,7.2E-7,M2,3.0070000000000002E-5,1.846E-5,3.2E-7,7.2E-7,M2,3.021E-5,5.1E-7,7.2E-7,3.2E-7,M2,1.528E-5,1.0395E-5,2.0E-7,6.0E-7,M2,1.4985E-5,1.0795E-5,4.95E-7,2.0E-7,M2,1.4985E-5,1.0795E-5,2.0E-7,2.62E-6,M2,1.4785E-5,1.3215E-5,6.0E-7,2.0E-7,M2,9.2E-6,1.31E-6,3.2E-7,7.2E-7,M2,9.2E-6,1.725E-6,1.12E-6,3.2E-7,M2,9.2E-6,9.25E-7,3.2E-7,1.12E-6,M2,9.26E-6,1.785E-6,4.58E-6,2.0E-7,M2,1.364E-5,1.385E-6,2.0E-7,6.0E-7,M3,4.9100000000000004E-6,5.7E-7,2.0E-7,6.0E-7,M3,4.9100000000000004E-6,5.7E-7,8.8E-7,2.0E-7,M3,5.59E-6,5.7E-7,2.0E-7,1.815E-5,M3,5.59E-6,1.852E-5,2.0E-7,6.0E-7,M3,4.6E-7,1.896E-5,2.0E-7,6.0E-7,M3,2.0E-7,1.896E-5,4.6E-7,2.0E-7,M3,2.0E-7,1.54E-5,2.0E-7,3.76E-6,M3,2.0E-7,1.5E-5,2.0E-7,6.0E-7,M3,2.0955000000000002E-5,2.27E-6,7.2E-7,3.2E-7,M3,8.83E-6,3.32E-6,3.2E-7,1.12E-6,M3,8.83E-6,3.32E-6,1.12E-6,3.2E-7,M3,3.552E-5,1.5E-5,2.0E-7,6.0E-7,M3,3.552E-5,1.54E-5,2.0E-7,3.76E-6,M3,3.526E-5,1.896E-5,4.6E-7,2.0E-7,M3,3.526E-5,1.896E-5,2.0E-7,6.0E-7,M3,2.683E-5,3.58E-6,6.0E-7,2.0E-7,M3,2.683E-5,3.3800000000000002E-6,2.0E-7,4.0E-7,M3,2.603E-5,3.3800000000000002E-6,1.0E-6,2.0E-7,M3,2.683E-5,3.3800000000000002E-6,2.0E-7,1.0E-6,M3,1.4505000000000001E-5,3.3800000000000002E-6,1.0E-6,2.0E-7,M3,1.4505000000000001E-5,2.58E-6,2.0E-7,1.0E-6,M3,1.4505000000000001E-5,2.33E-6,2.0E-7,1.25E-6,M3,1.4305000000000001E-5,2.33E-6,6.0E-7,2.0E-7,M3,2.631E-5,4.72E-6,2.0E-7,6.0E-7,M3,2.631E-5,4.72E-6,2.0E-7,2.3E-7,M3,2.455E-5,4.75E-6,1.96E-6,2.0E-7,M3,2.455E-5,4.75E-6,2.0E-7,6.0E-7,M3,3.013E-5,1.852E-5,2.0E-7,6.0E-7,M3,3.013E-5,5.7E-7,2.0E-7,1.815E-5,M3,3.013E-5,5.7E-7,5.4E-7,2.0E-7,M3,3.027E-5,5.7E-7,6.0E-7,2.0E-7,M3,9.26E-6,1.37E-6,2.0E-7,6.0E-7,M3,9.26E-6,1.77E-6,2.0E-7,2.15E-7,M3,9.26E-6,1.785E-6,1.0E-6,2.0E-7,M3,9.26E-6,9.85E-7,2.0E-7,1.0E-6,M4,2.0955000000000002E-5,2.27E-6,7.2E-7,3.2E-7,M4,2.1155E-5,2.52E-6,3.2E-7,1.12E-6,M4,2.0355E-5,3.32E-6,1.12E-6,3.2E-7,M4,8.89E-6,3.3800000000000002E-6,1.2525E-5,2.0E-7,M4,8.89E-6,3.3800000000000002E-6,2.0E-7,1.0E-6,M4,8.89E-6,3.3800000000000002E-6,1.0E-6,2.0E-7,M5,2.0955000000000002E-5,2.27E-6,7.2E-7,3.2E-7,M5,2.1155E-5,2.52E-6,3.2E-7,1.12E-6,M5,2.0355E-5,3.32E-6,1.12E-6,3.2E-7,M6,2.1015E-5,2.33E-6,6.0E-7,2.0E-7,M6,2.1215E-5,2.33E-6,2.0E-7,1.25E-6,M6,2.1215E-5,2.58E-6,2.0E-7,1.0E-6,M6,2.0415E-5,3.3800000000000002E-6,1.0E-6,2.0E-7,
M1,2.019E-5,1.3255000000000001E-5,2.4000000000000003E-7,6.4E-7,M1,1.521E-5,1.3255000000000001E-5,2.4000000000000003E-7,6.4E-7,M1,1.551E-5,1.805E-6,4.62E-6,1.6E-7,M1,2.6530000000000002E-5,1.8355E-5,6.4E-7,2.4000000000000003E-7,M1,1.452E-5,1.0615000000000001E-5,6.4E-7,2.4000000000000003E-7,M1,1.115E-5,4.7300000000000005E-6,2.4000000000000003E-7,6.4E-7,M1,9.39E-6,5.5250000000000005E-6,2.4000000000000003E-7,6.4E-7,M1,3.4960000000000004E-5,2.0775E-5,2.4000000000000003E-7,6.4E-7,M1,3.522E-5,1.6815E-5,2.4000000000000003E-7,6.4E-7,M1,1.255E-5,1.2495E-5,2.0E-7,1.6E-7,M1,1.259E-5,1.1935E-5,1.6E-7,7.2E-7,M1,2.429E-5,4.77E-6,5.2E-7,1.6E-7,M1,2.465E-5,1.365E-6,1.6E-7,3.565E-6,M1,8.91E-6,1.8395E-5,8.86E-6,1.6E-7,M1,1.761E-5,1.0655E-5,1.6E-7,7.9E-6,M1,1.761E-5,1.0655E-5,3.0700000000000003E-6,1.6E-7,M1,4.4E-7,2.0775E-5,2.4000000000000003E-7,6.4E-7,M1,1.8E-7,1.6815E-5,2.4000000000000003E-7,6.4E-7,M1,1.61E-6,2.0335E-5,2.4000000000000003E-7,6.4E-7,M1,1.6900000000000001E-6,7.2E-7,2.4000000000000003E-7,6.4E-7,M1,2.321E-5,1.365E-6,2.4000000000000003E-7,6.4E-7,M1,2.746E-5,2.005E-6,2.4000000000000003E-7,6.4E-7,M1,8.45E-6,3.105E-6,6.4E-7,2.4000000000000003E-7,M1,2.655E-5,3.105E-6,6.4E-7,2.4000000000000003E-7,M1,2.3605000000000002E-5,2.35E-6,3.25E-7,1.6E-7,M1,2.377E-5,2.35E-6,1.6E-7,1.44E-6,M1,1.171E-5,2.35E-6,3.25E-7,1.6E-7,M1,1.171E-5,2.35E-6,1.6E-7,1.44E-6,M1,1.876E-5,2.2270000000000002E-5,2.4000000000000003E-7,6.4E-7,M1,2.019E-5,1.3255000000000001E-5,2.4000000000000003E-7,6.4E-7,M1,2.289E-5,1.2495E-5,2.0E-7,1.6E-7,M1,2.289E-5,1.1935E-5,1.6E-7,7.2E-7,M1,1.668E-5,2.271E-5,2.28E-6,1.6E-7,M1,2.014E-5,9.075E-6,2.4000000000000003E-7,6.4E-7,M1,2.144E-5,1.1895E-5,6.4E-7,2.4000000000000003E-7,M1,2.168E-5,1.9675E-5,3.3E-7,1.6E-7,M1,2.168E-5,1.4255E-5,1.6E-7,5.58E-6,M1,3.371E-5,7.2E-7,2.4000000000000003E-7,6.4E-7,M1,3.379E-5,2.0335E-5,2.4000000000000003E-7,6.4E-7,M1,8.34E-6,1.9635E-5,6.4E-7,2.4000000000000003E-7,M1,1.356E-5,1.1895E-5,6.4E-7,2.4000000000000003E-7,M1,1.219E-5,1.365E-6,2.4000000000000003E-7,6.4E-7,M1,7.94E-6,2.005E-6,2.4000000000000003E-7,6.4E-7,M1,2.429E-5,5.565E-6,1.9200000000000003E-6,1.6E-7,M1,2.429E-5,4.77E-6,1.6E-7,9.55E-7,M1,1.083E-5,4.77E-6,5.2E-7,1.6E-7,M1,1.083E-5,1.365E-6,1.6E-7,3.565E-6,M1,1.526E-5,9.075E-6,2.4000000000000003E-7,6.4E-7,M1,1.356E-5,1.1895E-5,6.4E-7,2.4000000000000003E-7,M2,2.0150000000000002E-5,1.3215E-5,3.2E-7,7.2E-7,M2,1.517E-5,1.3215E-5,3.2E-7,7.2E-7,M2,2.655E-5,1.8375E-5,6.0E-7,2.0E-7,M2,1.785E-5,1.8375E-5,8.9E-6,2.0E-7,M2,1.785E-5,1.0635E-5,2.0E-7,7.94E-6,M2,1.4940000000000001E-5,1.0635E-5,3.11E-6,2.0E-7,M2,1.454E-5,1.0635E-5,6.0E-7,2.0E-7,M2,1.117E-5,4.75E-6,2.0E-7,6.0E-7,M2,1.117E-5,4.75E-6,2.0E-7,9.95E-7,M2,9.41E-6,5.545E-6,1.96E-6,2.0E-7,M2,9.41E-6,5.545E-6,2.0E-7,6.0E-7,M2,3.498E-5,2.0795E-5,2.0E-7,6.0E-7,M2,3.498E-5,1.7235E-5,2.0E-7,3.76E-6,M2,3.498E-5,1.7235E-5,4.6E-7,2.0E-7,M2,3.524E-5,1.6835E-5,2.0E-7,6.0E-7,M2,4.6E-7,2.0795E-5,2.0E-7,6.0E-7,M2,4.6E-7,1.7235E-5,2.0E-7,3.76E-6,M2,2.0E-7,1.7235E-5,4.6E-7,2.0E-7,M2,2.0E-7,1.6835E-5,2.0E-7,6.0E-7,M2,1.63E-6,2.0355E-5,2.0E-7,6.0E-7,M2,1.63E-6,7.4E-7,2.0E-7,1.9815E-5,M2,1.63E-6,7.4E-7,2.8E-7,2.0E-7,M2,1.71E-6,7.4E-7,2.0E-7,6.0E-7,M2,2.323E-5,1.385E-6,2.0E-7,6.0E-7,M2,2.323E-5,1.785E-6,4.45E-6,2.0E-7,M2,2.748E-5,1.785E-6,2.0E-7,8.4E-7,M2,2.748E-5,2.025E-6,2.0E-7,6.0E-7,M2,8.47E-6,3.125E-6,6.0E-7,2.0E-7,M2,8.87E-6,3.125E-6,1.79E-5,2.0E-7,M2,2.657E-5,3.125E-6,6.0E-7,2.0E-7,M2,1.872E-5,2.223E-5,3.2E-7,7.2E-7,M2,2.0150000000000002E-5,1.3215E-5,3.2E-7,7.2E-7,M2,2.016E-5,9.095E-6,2.0E-7,6.0E-7,M2,2.016E-5,9.495E-6,1.7E-6,2.0E-7,M2,2.166E-5,9.495E-6,2.0E-7,2.62E-6,M2,2.146E-5,1.1915E-5,6.0E-7,2.0E-7,M2,3.367E-5,6.800000000000001E-7,3.2E-7,7.2E-7,M2,3.295E-5,6.800000000000001E-7,1.12E-6,3.2E-7,M2,3.375E-5,6.800000000000001E-7,3.2E-7,1.12E-6,M2,3.381E-5,7.4E-7,2.0E-7,1.9815E-5,M2,3.381E-5,2.0355E-5,2.0E-7,6.0E-7,M2,8.3E-6,1.9595E-5,7.2E-7,3.2E-7,M2,1.3520000000000001E-5,1.1855E-5,7.2E-7,3.2E-7,M2,1.221E-5,1.385E-6,2.0E-7,6.0E-7,M2,7.96E-6,1.785E-6,4.45E-6,2.0E-7,M2,7.96E-6,1.785E-6,2.0E-7,8.4E-7,M2,7.96E-6,2.025E-6,2.0E-7,6.0E-7,M2,1.528E-5,9.095E-6,2.0E-7,6.0E-7,M2,1.378E-5,9.495E-6,1.7E-6,2.0E-7,M2,1.378E-5,9.495E-6,2.0E-7,2.62E-6,M2,1.358E-5,1.1915E-5,6.0E-7,2.0E-7,M3,2.021E-5,1.3275E-5,2.0E-7,6.0E-7,M3,1.523E-5,1.3675E-5,5.18E-6,2.0E-7,M3,1.523E-5,1.3275E-5,2.0E-7,6.0E-7,M3,1.872E-5,2.223E-5,3.2E-7,7.2E-7,M3,2.0150000000000002E-5,1.3215E-5,3.2E-7,7.2E-7,M3,3.367E-5,6.800000000000001E-7,3.2E-7,7.2E-7,M3,3.295E-5,6.800000000000001E-7,1.12E-6,3.2E-7,M3,3.375E-5,6.800000000000001E-7,3.2E-7,1.12E-6,M3,8.3E-6,1.9595E-5,7.2E-7,3.2E-7,M3,1.3520000000000001E-5,1.1855E-5,7.2E-7,3.2E-7,M4,1.878E-5,2.2290000000000002E-5,2.0E-7,6.0E-7,M4,1.878E-5,2.269E-5,1.63E-6,2.0E-7,M4,2.021E-5,1.3675E-5,2.0E-7,9.215E-6,M4,2.021E-5,1.3275E-5,2.0E-7,6.0E-7,M4,3.3730000000000004E-5,7.4E-7,2.0E-7,6.0E-7,M4,3.3730000000000004E-5,7.4E-7,2.8E-7,2.0E-7,M4,3.301E-5,7.4E-7,1.0E-6,2.0E-7,M4,3.381E-5,7.4E-7,2.0E-7,1.0E-6,M4,8.36E-6,1.9655E-5,6.0E-7,2.0E-7,M4,8.56E-6,1.9655E-5,5.42E-6,2.0E-7,M4,1.378E-5,1.1915E-5,2.0E-7,7.94E-6,M4,1.358E-5,1.1915E-5,6.0E-7,2.0E-7,
M1,8.390000000000001E-6,7.2E-7,2.4000000000000003E-7,6.4E-7,M1,5.57E-6,1.99E-5,2.4000000000000003E-7,6.4E-7,M1,1.798E-5,1.805E-6,1.9200000000000003E-6,1.6E-7,M1,1.3505E-5,1.7165E-5,1.6E-7,2.235E-6,M1,1.2805E-5,1.924E-5,8.6E-7,1.6E-7,M1,2.387E-5,1.4565E-5,6.4E-7,2.4000000000000003E-7,M1,2.238E-5,1.1745E-5,2.4000000000000003E-7,6.4E-7,M1,1.974E-5,1.805E-6,1.6E-7,1.375E-6,M1,1.974E-5,3.02E-6,8.12E-6,1.6E-7,M1,2.996E-5,1.792E-5,6.4E-7,2.4000000000000003E-7,M1,1.452E-5,1.3285E-5,6.4E-7,2.4000000000000003E-7,M1,3.72E-5,2.0340000000000002E-5,2.4000000000000003E-7,6.4E-7,M1,3.7460000000000004E-5,1.638E-5,2.4000000000000003E-7,6.4E-7,M1,1.119E-5,4.395E-6,1.6E-7,1.905E-6,M1,1.115E-5,4.155E-6,2.4000000000000003E-7,6.4E-7,M1,1.3170000000000001E-5,9.25E-7,2.4000000000000003E-7,6.4E-7,M1,3.207E-5,1.99E-5,2.4000000000000003E-7,6.4E-7,M1,2.925E-5,7.2E-7,2.4000000000000003E-7,6.4E-7,M1,4.4E-7,2.0340000000000002E-5,2.4000000000000003E-7,6.4E-7,M1,1.8E-7,1.638E-5,2.4000000000000003E-7,6.4E-7,M1,1.452E-5,2.2325E-5,8.84E-6,1.6E-7,M1,1.002E-5,3.02E-6,8.12E-6,1.6E-7,M1,1.798E-5,1.805E-6,1.6E-7,1.375E-6,M1,1.0520000000000001E-5,2.1885E-5,2.4000000000000003E-7,6.4E-7,M1,1.133E-5,1.6045E-5,2.4000000000000003E-7,6.4E-7,M1,1.337E-5,1.4565E-5,6.4E-7,2.4000000000000003E-7,M1,1.526E-5,1.1745E-5,2.4000000000000003E-7,6.4E-7,M1,7.28E-6,1.792E-5,6.4E-7,2.4000000000000003E-7,M1,2.272E-5,1.3285E-5,6.4E-7,2.4000000000000003E-7,M1,1.127E-5,3.72E-6,1.534E-5,1.6E-7,M1,9.43E-6,6.1400000000000005E-6,1.9200000000000003E-6,1.6E-7,M1,2.712E-5,2.1885E-5,2.4000000000000003E-7,6.4E-7,M1,2.631E-5,1.6045E-5,2.4000000000000003E-7,6.4E-7,M1,1.465E-5,2.31E-6,6.4E-7,2.4000000000000003E-7,M1,1.452E-5,4.96E-6,6.4E-7,2.4000000000000003E-7,M1,2.4675E-5,1.92E-5,6.4E-7,2.4000000000000003E-7,M1,2.3975E-5,1.7125E-5,6.4E-7,2.4000000000000003E-7,M1,2.6530000000000002E-5,4.395E-6,1.6E-7,1.905E-6,M1,2.6490000000000002E-5,4.155E-6,2.4000000000000003E-7,6.4E-7,M1,2.447E-5,9.25E-7,2.4000000000000003E-7,6.4E-7,M1,2.5125E-5,1.4605E-5,1.6E-7,8.4E-7,M1,2.5125E-5,1.5285E-5,2.05E-7,1.6E-7,M1,2.6530000000000002E-5,6.1400000000000005E-6,1.9200000000000003E-6,1.6E-7,M1,1.2595E-5,1.4605E-5,1.6E-7,8.4E-7,M1,1.255E-5,1.5285E-5,2.05E-7,1.6E-7,M1,2.259E-5,2.31E-6,6.4E-7,2.4000000000000003E-7,M1,2.272E-5,4.96E-6,6.4E-7,2.4000000000000003E-7,M2,8.35E-6,6.800000000000001E-7,3.2E-7,7.2E-7,M2,8.35E-6,1.906E-5,3.2E-7,1.12E-6,M2,7.5500000000000006E-6,1.986E-5,1.12E-6,3.2E-7,M2,5.59E-6,1.992E-5,3.02E-6,2.0E-7,M2,5.59E-6,1.992E-5,2.0E-7,6.0E-7,M2,2.383E-5,1.4525E-5,7.2E-7,3.2E-7,M2,2.234E-5,1.1705E-5,3.2E-7,7.2E-7,M2,2.992E-5,1.788E-5,7.2E-7,3.2E-7,M2,1.448E-5,1.3245000000000001E-5,7.2E-7,3.2E-7,M2,3.722E-5,2.036E-5,2.0E-7,6.0E-7,M2,3.722E-5,1.6800000000000002E-5,2.0E-7,3.76E-6,M2,3.722E-5,1.6800000000000002E-5,4.6E-7,2.0E-7,M2,3.748E-5,1.64E-5,2.0E-7,6.0E-7,M2,1.117E-5,4.175E-6,2.0E-7,6.0E-7,M2,1.117E-5,1.345E-6,2.0E-7,3.23E-6,M2,1.117E-5,1.345E-6,2.22E-6,2.0E-7,M2,1.319E-5,9.450000000000001E-7,2.0E-7,6.0E-7,M2,3.209E-5,1.992E-5,2.0E-7,6.0E-7,M2,2.927E-5,1.992E-5,3.02E-6,2.0E-7,M2,2.921E-5,1.986E-5,1.12E-6,3.2E-7,M2,2.921E-5,1.906E-5,3.2E-7,1.12E-6,M2,2.921E-5,6.800000000000001E-7,3.2E-7,7.2E-7,M2,4.6E-7,2.036E-5,2.0E-7,6.0E-7,M2,4.6E-7,1.6800000000000002E-5,2.0E-7,3.76E-6,M2,2.0E-7,1.6800000000000002E-5,4.6E-7,2.0E-7,M2,2.0E-7,1.64E-5,2.0E-7,6.0E-7,M2,1.054E-5,2.1905E-5,2.0E-7,6.0E-7,M2,1.054E-5,1.6465E-5,2.0E-7,6.04E-6,M2,1.054E-5,1.6465E-5,1.01E-6,2.0E-7,M2,1.135E-5,1.6065E-5,2.0E-7,6.0E-7,M2,1.3330000000000001E-5,1.4525E-5,7.2E-7,3.2E-7,M2,1.522E-5,1.1705E-5,3.2E-7,7.2E-7,M2,7.24E-6,1.788E-5,7.2E-7,3.2E-7,M2,2.268E-5,1.3245000000000001E-5,7.2E-7,3.2E-7,M2,2.714E-5,2.1905E-5,2.0E-7,6.0E-7,M2,2.714E-5,1.6465E-5,2.0E-7,6.04E-6,M2,2.633E-5,1.6465E-5,1.01E-6,2.0E-7,M2,2.633E-5,1.6065E-5,2.0E-7,6.0E-7,M2,1.467E-5,2.33E-6,6.0E-7,2.0E-7,M2,1.487E-5,2.33E-6,2.7E-7,2.0E-7,M2,1.4940000000000001E-5,2.33E-6,2.0E-7,2.8500000000000002E-6,M2,1.454E-5,4.98E-6,6.0E-7,2.0E-7,M2,2.4695E-5,1.922E-5,6.0E-7,2.0E-7,M2,2.4195E-5,1.922E-5,9.000000000000001E-7,2.0E-7,M2,2.4195E-5,1.7145E-5,2.0E-7,2.2750000000000002E-6,M2,2.3995E-5,1.7145E-5,6.0E-7,2.0E-7,M2,2.6510000000000002E-5,4.175E-6,2.0E-7,6.0E-7,M2,2.6510000000000002E-5,1.345E-6,2.0E-7,3.23E-6,M2,2.449E-5,1.345E-6,2.22E-6,2.0E-7,M2,2.449E-5,9.450000000000001E-7,2.0E-7,6.0E-7,M2,2.2610000000000002E-5,2.33E-6,6.0E-7,2.0E-7,M2,2.274E-5,2.33E-6,2.7E-7,2.0E-7,M2,2.274E-5,2.33E-6,2.0E-7,2.8500000000000002E-6,M2,2.274E-5,4.98E-6,6.0E-7,2.0E-7,M3,8.35E-6,6.800000000000001E-7,3.2E-7,7.2E-7,M3,8.35E-6,1.906E-5,3.2E-7,1.12E-6,M3,7.5500000000000006E-6,1.986E-5,1.12E-6,3.2E-7,M3,2.389E-5,1.4585E-5,6.0E-7,2.0E-7,M3,2.389E-5,1.2165E-5,2.0E-7,2.62E-6,M3,2.24E-5,1.2165E-5,1.6900000000000001E-6,2.0E-7,M3,2.24E-5,1.1765E-5,2.0E-7,6.0E-7,M3,2.992E-5,1.788E-5,7.2E-7,3.2E-7,M3,1.448E-5,1.3245000000000001E-5,7.2E-7,3.2E-7,M3,2.921E-5,1.986E-5,1.12E-6,3.2E-7,M3,2.921E-5,1.906E-5,3.2E-7,1.12E-6,M3,2.921E-5,6.800000000000001E-7,3.2E-7,7.2E-7,M3,1.339E-5,1.4585E-5,6.0E-7,2.0E-7,M3,1.379E-5,1.2165E-5,2.0E-7,2.62E-6,M3,1.379E-5,1.2165E-5,1.6900000000000001E-6,2.0E-7,M3,1.528E-5,1.1765E-5,2.0E-7,6.0E-7,M3,7.24E-6,1.788E-5,7.2E-7,3.2E-7,M3,2.268E-5,1.3245000000000001E-5,7.2E-7,3.2E-7,M4,8.41E-6,7.4E-7,2.0E-7,6.0E-7,M4,8.41E-6,7.4E-7,2.0E-7,1.938E-5,M4,8.41E-6,1.912E-5,2.0E-7,1.0E-6,M4,7.61E-6,1.992E-5,1.0E-6,2.0E-7,M4,2.992E-5,1.788E-5,7.2E-7,3.2E-7,M4,1.448E-5,1.3245000000000001E-5,7.2E-7,3.2E-7,M4,2.927E-5,1.992E-5,1.0E-6,2.0E-7,M4,2.927E-5,1.912E-5,2.0E-7,1.0E-6,M4,2.927E-5,7.4E-7,2.0E-7,1.938E-5,M4,2.927E-5,7.4E-7,2.0E-7,6.0E-7,M4,7.24E-6,1.788E-5,7.2E-7,3.2E-7,M4,2.268E-5,1.3245000000000001E-5,7.2E-7,3.2E-7,M5,2.992E-5,1.788E-5,7.2E-7,3.2E-7,M5,1.448E-5,1.3245000000000001E-5,7.2E-7,3.2E-7,M5,7.3E-6,1.794E-5,6.0E-7,2.0E-7,M5,7.5E-6,1.794E-5,1.544E-5,2.0E-7,M5,2.274E-5,1.3305E-5,2.0E-7,4.835E-6,M5,2.274E-5,1.3305E-5,6.0E-7,2.0E-7,M6,2.998E-5,1.794E-5,6.0E-7,2.0E-7,M6,1.4940000000000001E-5,1.794E-5,1.544E-5,2.0E-7,M6,1.4940000000000001E-5,1.3305E-5,2.0E-7,4.835E-6,M6,1.454E-5,1.3305E-5,6.0E-7,2.0E-7,
M1,1.8E-7,1.3615000000000001E-5,2.4000000000000003E-7,6.4E-7,M1,4.4E-7,1.7575E-5,2.4000000000000003E-7,6.4E-7,M1,2.4885E-5,1.174E-5,6.4E-7,2.4000000000000003E-7,M1,1.006E-5,1.5155E-5,6.4E-7,2.4000000000000003E-7,M1,4.4200000000000004E-5,1.7575E-5,2.4000000000000003E-7,6.4E-7,M1,4.446E-5,1.3615000000000001E-5,2.4000000000000003E-7,6.4E-7,M1,2.8820000000000002E-5,1.6475E-5,3.14E-6,1.6E-7,M1,1.6505E-5,1.6475E-5,1.6E-7,8.05E-7,M1,1.646E-5,1.712E-5,2.05E-7,1.6E-7,M1,1.292E-5,1.6475E-5,3.14E-6,1.6E-7,M1,3.646E-5,1.7135E-5,2.4000000000000003E-7,6.4E-7,M1,3.7E-5,2.46E-6,2.4000000000000003E-7,6.4E-7,M1,3.058E-5,1.805E-6,1.6E-7,1.695E-6,M1,3.058E-5,3.34E-6,8.06E-6,1.6E-7,M1,1.414E-5,1.805E-6,1.6E-7,1.695E-6,M1,6.24E-6,3.34E-6,8.06E-6,1.6E-7,M1,1.736E-5,1.832E-5,1.0160000000000001E-5,1.6E-7,M1,1.308E-5,2.31E-6,6.4E-7,2.4000000000000003E-7,M1,1.793E-5,5.28E-6,6.4E-7,2.4000000000000003E-7,M1,2.152E-5,1.02E-5,2.4000000000000003E-7,6.4E-7,M1,2.152E-5,1.5635000000000002E-5,2.4000000000000003E-7,1.04E-6,M1,2.072E-5,1.6435E-5,1.04E-6,2.4000000000000003E-7,M1,1.772E-5,1.6475E-5,4.0E-6,1.6E-7,M1,1.565E-5,6.42E-6,2.4000000000000003E-7,6.4E-7,M1,1.226E-5,5.65E-7,2.4000000000000003E-7,6.4E-7,M1,3.418E-5,1.5155E-5,6.4E-7,2.4000000000000003E-7,M1,1.9355E-5,1.174E-5,6.4E-7,2.4000000000000003E-7,M1,2.8990000000000002E-5,6.42E-6,2.4000000000000003E-7,6.4E-7,M1,3.238E-5,5.65E-7,2.4000000000000003E-7,6.4E-7,M1,1.569E-5,6.46E-6,1.9200000000000003E-6,1.6E-7,M1,1.414E-5,1.805E-6,1.6375E-5,1.6E-7,M1,3.0355E-5,1.805E-6,3.85E-7,1.6E-7,M1,2.826E-5,1.6475E-5,1.6E-7,8.05E-7,M1,2.8215E-5,1.6475E-5,2.05E-7,1.6E-7,M1,2.3160000000000002E-5,1.6475E-5,4.0E-6,1.6E-7,M1,2.312E-5,1.6435E-5,1.04E-6,2.4000000000000003E-7,M1,2.312E-5,1.5635000000000002E-5,2.4000000000000003E-7,1.04E-6,M1,2.312E-5,1.02E-5,2.4000000000000003E-7,6.4E-7,M1,1.524E-5,1.788E-5,2.4000000000000003E-7,6.4E-7,M1,1.238E-5,1.8635E-5,2.4000000000000003E-7,6.4E-7,M1,8.18E-6,1.7135E-5,2.4000000000000003E-7,6.4E-7,M1,7.64E-6,2.46E-6,2.4000000000000003E-7,6.4E-7,M1,2.631E-5,5.28E-6,6.4E-7,2.4000000000000003E-7,M1,3.116E-5,2.31E-6,6.4E-7,2.4000000000000003E-7,M1,3.226E-5,1.8635E-5,2.4000000000000003E-7,6.4E-7,M1,2.94E-5,1.788E-5,2.4000000000000003E-7,6.4E-7,M1,7.34E-6,4.04E-6,3.0200000000000002E-5,1.6E-7,M1,2.727E-5,6.46E-6,1.9200000000000003E-6,1.6E-7,M2,1.4E-7,1.3575E-5,3.2E-7,7.2E-7,M2,4.0E-7,1.7535E-5,3.2E-7,7.2E-7,M2,2.4845E-5,1.17E-5,7.2E-7,3.2E-7,M2,1.002E-5,1.5115E-5,7.2E-7,3.2E-7,M2,4.4160000000000004E-5,1.7535E-5,3.2E-7,7.2E-7,M2,4.442E-5,1.3575E-5,3.2E-7,7.2E-7,M2,3.648E-5,1.7155E-5,2.0E-7,6.0E-7,M2,3.648E-5,2.88E-6,2.0E-7,1.4475E-5,M2,3.648E-5,2.88E-6,7.4E-7,2.0E-7,M2,3.702E-5,2.48E-6,2.0E-7,6.0E-7,M2,1.31E-5,2.33E-6,6.0E-7,2.0E-7,M2,1.35E-5,2.33E-6,4.65E-6,2.0E-7,M2,1.795E-5,2.33E-6,2.0E-7,3.17E-6,M2,1.795E-5,5.3E-6,6.0E-7,2.0E-7,M2,2.148E-5,1.0160000000000001E-5,3.2E-7,7.2E-7,M2,2.148E-5,1.5595E-5,3.2E-7,1.12E-6,M2,2.0680000000000002E-5,1.6395E-5,1.12E-6,3.2E-7,M2,1.567E-5,6.44E-6,2.0E-7,6.0E-7,M2,1.2280000000000001E-5,6.44E-6,3.59E-6,2.0E-7,M2,1.2280000000000001E-5,5.85E-7,2.0E-7,6.0550000000000005E-6,M2,1.2280000000000001E-5,5.85E-7,2.0E-7,6.0E-7,M2,3.414E-5,1.5115E-5,7.2E-7,3.2E-7,M2,1.9315E-5,1.17E-5,7.2E-7,3.2E-7,M2,2.9010000000000002E-5,6.44E-6,2.0E-7,6.0E-7,M2,2.9010000000000002E-5,6.44E-6,3.59E-6,2.0E-7,M2,3.24E-5,5.85E-7,2.0E-7,6.0550000000000005E-6,M2,3.24E-5,5.85E-7,2.0E-7,6.0E-7,M2,2.3140000000000002E-5,1.6455E-5,1.0E-6,2.0E-7,M2,2.3140000000000002E-5,1.5655000000000002E-5,2.0E-7,1.0E-6,M2,2.3140000000000002E-5,1.062E-5,2.0E-7,6.035E-6,M2,2.3140000000000002E-5,1.022E-5,2.0E-7,6.0E-7,M2,1.526E-5,1.79E-5,2.0E-7,6.0E-7,M2,1.526E-5,1.83E-5,2.0E-7,9.55E-7,M2,1.24E-5,1.9055E-5,3.06E-6,2.0E-7,M2,1.24E-5,1.8655E-5,2.0E-7,6.0E-7,M2,8.2E-6,1.7155E-5,2.0E-7,6.0E-7,M2,8.2E-6,2.88E-6,2.0E-7,1.4475E-5,M2,7.66E-6,2.88E-6,7.4E-7,2.0E-7,M2,7.66E-6,2.48E-6,2.0E-7,6.0E-7,M2,2.627E-5,5.24E-6,7.2E-7,3.2E-7,M2,2.667E-5,2.27E-6,3.2E-7,1.12E-6,M2,2.667E-5,2.27E-6,1.12E-6,3.2E-7,M2,2.673E-5,2.33E-6,4.65E-6,2.0E-7,M2,3.118E-5,2.33E-6,6.0E-7,2.0E-7,M2,3.228E-5,1.8655E-5,2.0E-7,6.0E-7,M2,2.942E-5,1.9055E-5,3.06E-6,2.0E-7,M2,2.942E-5,1.83E-5,2.0E-7,9.55E-7,M2,2.942E-5,1.79E-5,2.0E-7,6.0E-7,M3,2.0E-7,1.3635E-5,2.0E-7,6.0E-7,M3,2.0E-7,1.4035E-5,2.95E-7,2.0E-7,M3,2.95E-7,1.4035E-5,2.0E-7,3.76E-6,M3,2.95E-7,1.7595E-5,3.65E-7,2.0E-7,M3,4.6E-7,1.7595E-5,2.0E-7,6.0E-7,M3,2.4845E-5,1.17E-5,7.2E-7,3.2E-7,M3,2.3545E-5,1.5115E-5,7.2E-7,3.2E-7,M3,1.028E-5,1.5175E-5,1.3725E-5,2.0E-7,M3,1.008E-5,1.5175E-5,6.0E-7,2.0E-7,M3,4.422E-5,1.7595E-5,2.0E-7,6.0E-7,M3,4.422E-5,1.4035E-5,2.0E-7,3.76E-6,M3,4.422E-5,1.4035E-5,2.95E-7,2.0E-7,M3,4.4315E-5,1.4035E-5,3.65E-7,2.0E-7,M3,4.448E-5,1.3635E-5,2.0E-7,6.0E-7,M3,2.148E-5,1.0160000000000001E-5,3.2E-7,7.2E-7,M3,2.148E-5,1.5595E-5,3.2E-7,1.12E-6,M3,2.0680000000000002E-5,1.6395E-5,1.12E-6,3.2E-7,M3,3.414E-5,1.5115E-5,7.2E-7,3.2E-7,M3,1.9315E-5,1.17E-5,7.2E-7,3.2E-7,M3,2.627E-5,5.24E-6,7.2E-7,3.2E-7,M3,2.667E-5,2.27E-6,3.2E-7,1.12E-6,M3,2.667E-5,2.27E-6,1.12E-6,3.2E-7,M4,2.4845E-5,1.17E-5,7.2E-7,3.2E-7,M4,2.3545E-5,1.5115E-5,7.2E-7,3.2E-7,M4,2.154E-5,1.022E-5,2.0E-7,6.0E-7,M4,2.154E-5,1.062E-5,2.0E-7,6.035E-6,M4,2.154E-5,1.5655000000000002E-5,2.0E-7,1.0E-6,M4,2.074E-5,1.6455E-5,1.0E-6,2.0E-7,M4,3.414E-5,1.5115E-5,7.2E-7,3.2E-7,M4,1.9315E-5,1.17E-5,7.2E-7,3.2E-7,M4,2.633E-5,5.3E-6,6.0E-7,2.0E-7,M4,2.673E-5,2.33E-6,2.0E-7,3.17E-6,M4,2.673E-5,2.33E-6,2.0E-7,1.0E-6,M4,2.673E-5,2.33E-6,1.0E-6,2.0E-7,M5,2.4845E-5,1.17E-5,7.2E-7,3.2E-7,M5,2.3545E-5,1.5115E-5,7.2E-7,3.2E-7,M5,3.414E-5,1.5115E-5,7.2E-7,3.2E-7,M5,1.9315E-5,1.17E-5,7.2E-7,3.2E-7,M6,2.4605E-5,1.166E-5,1.2E-6,4.0E-7,M6,2.3305E-5,1.5075E-5,1.2E-6,4.0E-7,M6,3.3900000000000004E-5,1.5075E-5,1.2E-6,4.0E-7,M6,1.9075E-5,1.166E-5,1.2E-6,4.0E-7,M7,2.4605E-5,1.166E-5,1.2E-6,4.0E-7,M7,2.5005000000000002E-5,1.166E-5,4.0E-7,3.815E-6,M7,2.3705E-5,1.5075E-5,1.7E-6,4.0E-7,M7,2.3305E-5,1.5075E-5,1.2E-6,4.0E-7,M7,3.3900000000000004E-5,1.5075E-5,1.2E-6,4.0E-7,M7,1.9075E-5,1.166E-5,1.2E-6,4.0E-7,M8,3.3900000000000004E-5,1.5075E-5,1.2E-6,4.0E-7,M8,1.9475E-5,1.5075E-5,1.5225E-5,4.0E-7,M8,1.9475E-5,1.166E-5,4.0E-7,3.815E-6,M8,1.9075E-5,1.166E-5,1.2E-6,4.0E-7,
M1,1.359E-5,1.805E-6,7.34E-6,1.6E-7,M1,2.7380000000000002E-5,2.9E-6,6.4E-7,2.4000000000000003E-7,M1,6.5000000000000004E-6,2.9E-6,6.4E-7,2.4000000000000003E-7,M1,2.84E-5,1.8000000000000001E-6,2.4000000000000003E-7,6.4E-7,M1,2.4030000000000002E-5,1.365E-6,2.4000000000000003E-7,6.4E-7,M1,2.17E-5,5.36E-6,1.9200000000000003E-6,1.6E-7,M1,1.8E-7,1.6655E-5,2.4000000000000003E-7,6.4E-7,M1,4.4E-7,2.0615E-5,2.4000000000000003E-7,6.4E-7,M1,3.384E-5,2.0615E-5,2.4000000000000003E-7,6.4E-7,M1,3.41E-5,1.6655E-5,2.4000000000000003E-7,6.4E-7,M1,2.5505E-5,1.9515000000000002E-5,3.745E-6,1.6E-7,M1,1.297E-5,2.35E-6,3.7E-7,1.6E-7,M1,1.3180000000000001E-5,2.35E-6,1.6E-7,2.03E-6,M1,8.81E-6,1.9515000000000002E-5,2.05E-7,1.6E-7,M1,8.81E-6,1.9515000000000002E-5,1.6E-7,7.55E-7,M1,2.97E-5,2.4675E-5,2.4000000000000003E-7,6.4E-7,M1,2.669E-5,2.0870000000000002E-5,2.4000000000000003E-7,6.4E-7,M1,1.262E-5,5.32E-6,2.4000000000000003E-7,6.4E-7,M1,1.1760000000000001E-5,5.65E-7,2.4000000000000003E-7,6.4E-7,M1,1.038E-5,1.8235E-5,8.1E-6,1.6E-7,M1,1.832E-5,1.071E-5,1.6E-7,7.685E-6,M1,2.118E-5,2.35E-6,3.7E-7,1.6E-7,M1,2.118E-5,2.35E-6,1.6E-7,2.03E-6,M1,1.634E-5,9.13E-6,2.4000000000000003E-7,6.4E-7,M1,9.630000000000001E-6,1.9475E-5,6.4E-7,2.4000000000000003E-7,M1,3.252E-5,7.6E-7,1.6E-7,4.1E-7,M1,3.248E-5,7.7E-7,2.4000000000000003E-7,6.4E-7,M1,3.2670000000000004E-5,2.0175E-5,2.4000000000000003E-7,6.4E-7,M1,1.09E-5,5.36E-6,1.9200000000000003E-6,1.6E-7,M1,1.84E-6,7.6E-7,1.6E-7,4.1E-7,M1,1.8000000000000001E-6,7.7E-7,2.4000000000000003E-7,6.4E-7,M1,1.61E-6,2.0175E-5,2.4000000000000003E-7,6.4E-7,M1,5.27E-6,1.9515000000000002E-5,3.745E-6,1.6E-7,M1,2.394E-5,1.8195E-5,6.4E-7,2.4000000000000003E-7,M1,1.56E-5,1.067E-5,6.4E-7,2.4000000000000003E-7,M1,7.59E-6,2.0870000000000002E-5,2.4000000000000003E-7,6.4E-7,M1,4.58E-6,2.4675E-5,2.4000000000000003E-7,6.4E-7,M1,2.166E-5,5.32E-6,2.4000000000000003E-7,6.4E-7,M1,2.252E-5,5.65E-7,2.4000000000000003E-7,6.4E-7,M1,9.71E-6,2.131E-5,1.5100000000000001E-5,1.6E-7,M1,2.5505E-5,2.011E-5,2.05E-7,1.6E-7,M1,2.5505E-5,1.9515000000000002E-5,1.6E-7,7.55E-7,M1,2.425E-5,1.9475E-5,6.4E-7,2.4000000000000003E-7,M1,1.794E-5,9.13E-6,2.4000000000000003E-7,6.4E-7,M1,1.025E-5,1.365E-6,2.4000000000000003E-7,6.4E-7,M1,5.8800000000000005E-6,1.8000000000000001E-6,2.4000000000000003E-7,6.4E-7,M2,2.734E-5,2.86E-6,7.2E-7,3.2E-7,M2,6.46E-6,2.86E-6,7.2E-7,3.2E-7,M2,2.836E-5,1.76E-6,3.2E-7,7.2E-7,M2,2.399E-5,1.325E-6,3.2E-7,7.2E-7,M2,2.0E-7,1.6675E-5,2.0E-7,6.0E-7,M2,2.0E-7,1.7075E-5,2.0E-7,3.76E-6,M2,2.0E-7,2.0635E-5,4.6E-7,2.0E-7,M2,4.6E-7,2.0635E-5,2.0E-7,6.0E-7,M2,3.386E-5,2.0635E-5,2.0E-7,6.0E-7,M2,3.386E-5,2.0635E-5,4.6E-7,2.0E-7,M2,3.412E-5,1.7075E-5,2.0E-7,3.76E-6,M2,3.412E-5,1.6675E-5,2.0E-7,6.0E-7,M2,2.966E-5,2.4635E-5,3.2E-7,7.2E-7,M2,2.665E-5,2.083E-5,3.2E-7,7.2E-7,M2,1.2640000000000001E-5,5.34E-6,2.0E-7,6.0E-7,M2,1.2640000000000001E-5,5.85E-7,2.0E-7,4.955E-6,M2,1.178E-5,5.85E-7,1.06E-6,2.0E-7,M2,1.178E-5,5.85E-7,2.0E-7,6.0E-7,M2,1.63E-5,9.09E-6,3.2E-7,7.2E-7,M2,9.59E-6,1.9435E-5,7.2E-7,3.2E-7,M2,3.2500000000000004E-5,7.900000000000001E-7,2.0E-7,6.0E-7,M2,3.2500000000000004E-5,9.9E-7,2.0E-7,1.9405E-5,M2,3.2500000000000004E-5,2.0195E-5,3.9E-7,2.0E-7,M2,3.269E-5,2.0195E-5,2.0E-7,6.0E-7,M2,1.82E-6,7.900000000000001E-7,2.0E-7,6.0E-7,M2,1.82E-6,9.9E-7,2.0E-7,1.9405E-5,M2,1.63E-6,2.0195E-5,3.9E-7,2.0E-7,M2,1.63E-6,2.0195E-5,2.0E-7,6.0E-7,M2,2.396E-5,1.8215E-5,6.0E-7,2.0E-7,M2,1.602E-5,1.8215E-5,8.14E-6,2.0E-7,M2,1.602E-5,1.0690000000000001E-5,2.0E-7,7.725E-6,M2,1.562E-5,1.0690000000000001E-5,6.0E-7,2.0E-7,M2,7.5500000000000006E-6,2.083E-5,3.2E-7,7.2E-7,M2,4.54E-6,2.4635E-5,3.2E-7,7.2E-7,M2,2.168E-5,5.34E-6,2.0E-7,6.0E-7,M2,2.168E-5,5.85E-7,2.0E-7,4.955E-6,M2,2.168E-5,5.85E-7,1.06E-6,2.0E-7,M2,2.254E-5,5.85E-7,2.0E-7,6.0E-7,M2,2.421E-5,1.9435E-5,7.2E-7,3.2E-7,M2,1.79E-5,9.09E-6,3.2E-7,7.2E-7,M2,1.021E-5,1.325E-6,3.2E-7,7.2E-7,M2,5.84E-6,1.76E-6,3.2E-7,7.2E-7,M3,2.7400000000000002E-5,2.92E-6,6.0E-7,2.0E-7,M3,6.92E-6,2.92E-6,2.0680000000000002E-5,2.0E-7,M3,6.52E-6,2.92E-6,6.0E-7,2.0E-7,M3,2.842E-5,1.82E-6,2.0E-7,6.0E-7,M3,2.4050000000000002E-5,2.22E-6,4.57E-6,2.0E-7,M3,2.4050000000000002E-5,1.785E-6,2.0E-7,6.350000000000001E-7,M3,2.4050000000000002E-5,1.385E-6,2.0E-7,6.0E-7,M3,2.972E-5,2.4695E-5,2.0E-7,6.0E-7,M3,2.671E-5,2.5095E-5,3.21E-6,2.0E-7,M3,2.671E-5,2.129E-5,2.0E-7,4.005E-6,M3,2.671E-5,2.089E-5,2.0E-7,6.0E-7,M3,1.636E-5,9.15E-6,2.0E-7,6.0E-7,M3,1.005E-5,9.55E-6,6.51E-6,2.0E-7,M3,1.005E-5,9.55E-6,2.0E-7,1.0145E-5,M3,9.65E-6,1.9495E-5,6.0E-7,2.0E-7,M3,7.61E-6,2.089E-5,2.0E-7,6.0E-7,M3,7.61E-6,2.129E-5,2.0E-7,4.005E-6,M3,4.6E-6,2.5095E-5,3.21E-6,2.0E-7,M3,4.6E-6,2.4695E-5,2.0E-7,6.0E-7,M3,2.427E-5,1.9495E-5,6.0E-7,2.0E-7,M3,2.427E-5,9.55E-6,2.0E-7,1.0145E-5,M3,2.341E-5,9.49E-6,1.12E-6,3.2E-7,M3,2.421E-5,9.49E-6,3.2E-7,1.12E-6,M3,1.79E-5,9.09E-6,3.2E-7,7.2E-7,M3,1.027E-5,1.385E-6,2.0E-7,6.0E-7,M3,1.027E-5,1.785E-6,2.0E-7,6.350000000000001E-7,M3,5.9E-6,2.22E-6,4.57E-6,2.0E-7,M3,5.9E-6,1.82E-6,2.0E-7,6.0E-7,M4,2.347E-5,9.55E-6,1.0E-6,2.0E-7,M4,2.427E-5,9.55E-6,2.0E-7,1.0E-6,M4,1.796E-5,9.55E-6,6.51E-6,2.0E-7,M4,1.796E-5,9.15E-6,2.0E-7,6.0E-7,
M1,8.56E-6,4.65E-6,1.6E-7,2.8E-7,M1,6.8E-6,4.65E-6,1.9200000000000003E-6,1.6E-7,M1,9.19E-6,2.0E-8,6.4E-7,2.4000000000000003E-7,M1,2.8345E-5,2.0E-8,6.4E-7,2.4000000000000003E-7,M1,1.8E-7,1.899E-5,2.4000000000000003E-7,6.4E-7,M1,4.4E-7,2.295E-5,2.4000000000000003E-7,6.4E-7,M1,1.674E-5,1.805E-6,3.44E-6,1.6E-7,M1,2.449E-5,2.35E-6,3.2E-7,1.6E-7,M1,2.449E-5,2.35E-6,1.6E-7,1.44E-6,M1,3.624E-5,2.295E-5,2.4000000000000003E-7,6.4E-7,M1,3.65E-5,1.899E-5,2.4000000000000003E-7,6.4E-7,M1,1.128E-5,1.025E-5,2.4000000000000003E-7,6.4E-7,M1,1.163E-5,9.25E-7,2.4000000000000003E-7,6.4E-7,M1,1.177E-5,1.499E-5,1.6E-7,7.0200000000000006E-6,M1,1.153E-5,2.185E-5,4.0E-7,1.6E-7,M1,2.4145E-5,1.2630000000000001E-5,6.4E-7,2.4000000000000003E-7,M1,2.414E-5,1.021E-5,6.4E-7,2.4000000000000003E-7,M1,2.415E-5,1.025E-5,3.9E-7,1.6E-7,M1,2.6195E-5,1.323E-5,8.05E-7,1.6E-7,M1,2.6195E-5,1.267E-5,1.6E-7,7.2E-7,M1,3.044E-5,3.4700000000000002E-6,6.4E-7,2.4000000000000003E-7,M1,1.568E-5,2.31E-6,6.4E-7,2.4000000000000003E-7,M1,1.2110000000000001E-5,2.35E-6,3.2E-7,1.6E-7,M1,1.227E-5,2.35E-6,1.6E-7,1.44E-6,M1,1.732E-5,2.506E-5,2.28E-6,1.6E-7,M1,1.2135E-5,1.2630000000000001E-5,6.4E-7,2.4000000000000003E-7,M1,1.214E-5,1.021E-5,6.4E-7,2.4000000000000003E-7,M1,1.238E-5,1.025E-5,3.9E-7,1.6E-7,M1,9.92E-6,1.267E-5,8.05E-7,1.6E-7,M1,9.92E-6,1.267E-5,1.6E-7,7.2E-7,M1,2.82E-5,4.65E-6,1.6E-7,2.8E-7,M1,2.82E-5,4.65E-6,1.9200000000000003E-6,1.6E-7,M1,2.679E-5,2.251E-5,2.4000000000000003E-7,6.4E-7,M1,2.665E-5,8.65E-7,2.4000000000000003E-7,6.4E-7,M1,2.06E-5,2.31E-6,6.4E-7,2.4000000000000003E-7,M1,6.24E-6,2.87E-6,2.4000000000000003E-7,1.04E-6,M1,6.24E-6,2.87E-6,1.04E-6,2.4000000000000003E-7,M1,6.28E-6,2.91E-6,1.6E-7,7.6E-7,M1,2.798E-5,1.363E-5,2.4000000000000003E-7,6.4E-7,M1,3.65E-5,1.18E-5,2.4000000000000003E-7,6.4E-7,M1,2.356E-5,1.805E-6,4.56E-6,1.6E-7,M1,2.796E-5,1.745E-6,1.6E-7,2.2E-7,M1,8.8E-6,1.805E-6,4.56E-6,1.6E-7,M1,8.8E-6,1.745E-6,1.6E-7,2.2E-7,M1,2.54E-5,1.025E-5,2.4000000000000003E-7,6.4E-7,M1,2.505E-5,9.25E-7,2.4000000000000003E-7,6.4E-7,M1,9.89E-6,2.251E-5,2.4000000000000003E-7,6.4E-7,M1,1.003E-5,8.65E-7,2.4000000000000003E-7,6.4E-7,M1,2.499E-5,1.499E-5,1.6E-7,7.0200000000000006E-6,M1,2.499E-5,2.185E-5,4.0E-7,1.6E-7,M1,1.8E-7,1.18E-5,2.4000000000000003E-7,6.4E-7,M1,8.7E-6,1.363E-5,2.4000000000000003E-7,6.4E-7,M2,9.21E-6,4.0E-8,6.0E-7,2.0E-7,M2,9.61E-6,4.0E-8,1.9155E-5,2.0E-7,M2,2.8365E-5,4.0E-8,6.0E-7,2.0E-7,M2,1.4E-7,1.895E-5,3.2E-7,7.2E-7,M2,4.0E-7,2.291E-5,3.2E-7,7.2E-7,M2,3.62E-5,2.291E-5,3.2E-7,7.2E-7,M2,3.646E-5,1.895E-5,3.2E-7,7.2E-7,M2,1.13E-5,1.027E-5,2.0E-7,6.0E-7,M2,1.13E-5,1.345E-6,2.0E-7,9.525E-6,M2,1.124E-5,1.285E-6,3.2E-7,1.12E-6,M2,1.124E-5,1.285E-6,1.12E-6,3.2E-7,M2,1.159E-5,8.85E-7,3.2E-7,7.2E-7,M2,2.4165E-5,1.2650000000000001E-5,6.0E-7,2.0E-7,M2,2.4365E-5,1.023E-5,2.0E-7,2.62E-6,M2,2.436E-5,1.023E-5,2.05E-7,2.0E-7,M2,2.416E-5,1.023E-5,6.0E-7,2.0E-7,M2,3.04E-5,3.43E-6,7.2E-7,3.2E-7,M2,1.564E-5,2.27E-6,7.2E-7,3.2E-7,M2,1.2155E-5,1.2650000000000001E-5,6.0E-7,2.0E-7,M2,1.2355E-5,1.023E-5,2.0E-7,2.62E-6,M2,1.2355E-5,1.023E-5,2.05E-7,2.0E-7,M2,1.216E-5,1.023E-5,6.0E-7,2.0E-7,M2,2.681E-5,2.253E-5,2.0E-7,6.0E-7,M2,2.667E-5,2.253E-5,3.4000000000000003E-7,2.0E-7,M2,2.667E-5,1.285E-6,2.0E-7,2.1445E-5,M2,2.667E-5,8.85E-7,2.0E-7,6.0E-7,M2,2.062E-5,2.33E-6,6.0E-7,2.0E-7,M2,2.062E-5,2.33E-6,2.0E-7,7.6E-7,M2,2.056E-5,2.03E-6,3.2E-7,1.12E-6,M2,1.976E-5,2.83E-6,1.12E-6,3.2E-7,M2,6.2E-6,2.83E-6,3.2E-7,1.12E-6,M2,6.2E-6,2.83E-6,1.12E-6,3.2E-7,M2,2.794E-5,1.359E-5,3.2E-7,7.2E-7,M2,3.646E-5,1.1760000000000001E-5,3.2E-7,7.2E-7,M2,2.542E-5,1.027E-5,2.0E-7,6.0E-7,M2,2.542E-5,1.345E-6,2.0E-7,9.525E-6,M2,2.4560000000000002E-5,1.285E-6,1.12E-6,3.2E-7,M2,2.536E-5,1.285E-6,3.2E-7,1.12E-6,M2,2.501E-5,8.85E-7,3.2E-7,7.2E-7,M2,9.91E-6,2.253E-5,2.0E-7,6.0E-7,M2,9.91E-6,2.253E-5,3.4000000000000003E-7,2.0E-7,M2,1.005E-5,1.285E-6,2.0E-7,2.1445E-5,M2,1.005E-5,8.85E-7,2.0E-7,6.0E-7,M2,1.4E-7,1.1760000000000001E-5,3.2E-7,7.2E-7,M2,8.66E-6,1.359E-5,3.2E-7,7.2E-7,M3,2.0E-7,1.901E-5,2.0E-7,6.0E-7,M3,2.0E-7,1.941E-5,2.0E-7,3.76E-6,M3,2.0E-7,2.2970000000000002E-5,4.6E-7,2.0E-7,M3,4.6E-7,2.2970000000000002E-5,2.0E-7,6.0E-7,M3,3.626E-5,2.2970000000000002E-5,2.0E-7,6.0E-7,M3,3.626E-5,2.2970000000000002E-5,4.6E-7,2.0E-7,M3,3.652E-5,1.941E-5,2.0E-7,3.76E-6,M3,3.652E-5,1.901E-5,2.0E-7,6.0E-7,M3,1.124E-5,1.285E-6,3.2E-7,1.12E-6,M3,1.124E-5,1.285E-6,1.12E-6,3.2E-7,M3,1.159E-5,8.85E-7,3.2E-7,7.2E-7,M3,3.046E-5,3.49E-6,6.0E-7,2.0E-7,M3,3.046E-5,2.89E-6,2.0E-7,8.0E-7,M3,2.96E-5,2.83E-6,1.12E-6,3.2E-7,M3,3.04E-5,2.83E-6,3.2E-7,1.12E-6,M3,1.564E-5,2.27E-6,7.2E-7,3.2E-7,M3,2.062E-5,2.09E-6,2.0E-7,1.0E-6,M3,1.982E-5,2.89E-6,1.0E-6,2.0E-7,M3,6.26E-6,2.89E-6,1.456E-5,2.0E-7,M3,6.26E-6,2.89E-6,2.0E-7,1.0E-6,M3,6.26E-6,2.89E-6,1.0E-6,2.0E-7,M3,2.8E-5,1.365E-5,2.0E-7,6.0E-7,M3,2.8E-5,1.365E-5,8.72E-6,2.0E-7,M3,3.652E-5,1.202E-5,2.0E-7,1.83E-6,M3,3.652E-5,1.182E-5,2.0E-7,6.0E-7,M3,2.4560000000000002E-5,1.285E-6,1.12E-6,3.2E-7,M3,2.536E-5,1.285E-6,3.2E-7,1.12E-6,M3,2.501E-5,8.85E-7,3.2E-7,7.2E-7,M3,2.0E-7,1.182E-5,2.0E-7,6.0E-7,M3,2.0E-7,1.202E-5,2.0E-7,1.83E-6,M3,2.0E-7,1.365E-5,8.72E-6,2.0E-7,M3,8.72E-6,1.365E-5,2.0E-7,6.0E-7,M4,1.124E-5,1.285E-6,3.2E-7,1.12E-6,M4,1.124E-5,1.285E-6,1.12E-6,3.2E-7,M4,1.159E-5,8.85E-7,3.2E-7,7.2E-7,M4,2.966E-5,2.89E-6,1.0E-6,2.0E-7,M4,3.046E-5,2.89E-6,2.0E-7,1.0E-6,M4,1.6100000000000002E-5,2.89E-6,1.456E-5,2.0E-7,M4,1.604E-5,2.83E-6,1.12E-6,3.2E-7,M4,1.604E-5,2.03E-6,3.2E-7,1.12E-6,M4,1.564E-5,2.27E-6,7.2E-7,3.2E-7,M4,2.4560000000000002E-5,1.285E-6,1.12E-6,3.2E-7,M4,2.536E-5,1.285E-6,3.2E-7,1.12E-6,M4,2.501E-5,8.85E-7,3.2E-7,7.2E-7,M5,1.13E-5,1.345E-6,2.0E-7,1.0E-6,M5,1.13E-5,1.345E-6,1.0E-6,2.0E-7,M5,1.13E-5,1.345E-6,5.5E-7,2.0E-7,M5,1.165E-5,9.450000000000001E-7,2.0E-7,6.0E-7,M5,1.6100000000000002E-5,2.89E-6,1.0E-6,2.0E-7,M5,1.6100000000000002E-5,2.09E-6,2.0E-7,1.0E-6,M5,1.6100000000000002E-5,2.33E-6,2.0E-7,7.6E-7,M5,1.57E-5,2.33E-6,6.0E-7,2.0E-7,M5,2.462E-5,1.345E-6,1.0E-6,2.0E-7,M5,2.542E-5,1.345E-6,2.0E-7,1.0E-6,M5,2.507E-5,1.345E-6,5.5E-7,2.0E-7,M5,2.507E-5,9.450000000000001E-7,2.0E-7,6.0E-7,
M1,3.066E-5,9.43E-6,6.4E-7,2.4000000000000003E-7,M1,3.091E-5,4.2900000000000004E-6,2.4000000000000003E-7,6.4E-7,M1,1.972E-5,9.43E-6,6.4E-7,2.4000000000000003E-7,M1,1.987E-5,4.2900000000000004E-6,2.4000000000000003E-7,6.4E-7,M1,3.125E-5,9.47E-6,1.6E-7,8.6E-7,M1,3.1140000000000003E-5,9.47E-6,2.7E-7,1.6E-7,M1,3.09E-5,1.2095E-5,1.6E-7,3.195E-6,M1,3.09E-5,1.513E-5,4.44E-6,1.6E-7,M1,3.978E-5,1.82E-6,2.4000000000000003E-7,6.4E-7,M1,3.419E-5,1.365E-6,2.4000000000000003E-7,6.4E-7,M1,3.274E-5,5.65E-7,2.4000000000000003E-7,6.4E-7,M1,3.227E-5,4.7300000000000005E-6,2.4000000000000003E-7,6.4E-7,M1,5.038E-5,1.6270000000000002E-5,4.2E-7,1.6E-7,M1,5.0600000000000003E-5,1.543E-5,2.4000000000000003E-7,1.04E-6,M1,4.9800000000000004E-5,1.623E-5,1.04E-6,2.4000000000000003E-7,M1,5.0600000000000003E-5,1.227E-5,2.4000000000000003E-7,6.4E-7,M1,1.3340000000000001E-5,2.96E-6,2.434E-5,1.6E-7,M1,3.135E-5,3.59E-6,6.4E-7,2.4000000000000003E-7,M1,3.163E-5,2.31E-6,6.4E-7,2.4000000000000003E-7,M1,3.407E-5,4.77E-6,1.6E-7,7.7E-7,M1,3.231E-5,4.77E-6,1.9200000000000003E-6,1.6E-7,M1,2.2E-7,1.6270000000000002E-5,4.2E-7,1.6E-7,M1,1.8E-7,1.623E-5,1.04E-6,2.4000000000000003E-7,M1,1.8E-7,1.543E-5,2.4000000000000003E-7,1.04E-6,M1,1.8E-7,1.227E-5,2.4000000000000003E-7,6.4E-7,M1,3.455E-5,4.2000000000000004E-6,6.4E-7,2.4000000000000003E-7,M1,2.385E-5,3.59E-6,6.4E-7,2.4000000000000003E-7,M1,3.714E-5,1.3800000000000001E-6,2.4000000000000003E-7,6.4E-7,M1,3.768E-5,1.579E-5,2.4000000000000003E-7,6.4E-7,M1,3.209E-5,1.0955000000000001E-5,2.4000000000000003E-7,6.4E-7,M1,3.4620000000000004E-5,1.623E-5,2.4000000000000003E-7,6.4E-7,M1,1.972E-5,9.47E-6,1.6E-7,8.6E-7,M1,1.961E-5,1.0170000000000001E-5,2.7E-7,1.6E-7,M1,2.673E-5,3.59E-6,6.4E-7,2.4000000000000003E-7,M1,1.583E-5,4.2000000000000004E-6,6.4E-7,2.4000000000000003E-7,M1,1.616E-5,1.623E-5,2.4000000000000003E-7,6.4E-7,M1,1.869E-5,1.0955000000000001E-5,2.4000000000000003E-7,6.4E-7,M1,1.659E-5,1.365E-6,2.4000000000000003E-7,6.4E-7,M1,1.1E-5,1.82E-6,2.4000000000000003E-7,6.4E-7,M1,1.364E-5,1.3800000000000001E-6,2.4000000000000003E-7,6.4E-7,M1,1.31E-5,1.579E-5,2.4000000000000003E-7,6.4E-7,M1,1.679E-5,4.77E-6,1.6E-7,7.7E-7,M1,1.679E-5,4.77E-6,1.9200000000000003E-6,1.6E-7,M1,1.804E-5,5.65E-7,2.4000000000000003E-7,6.4E-7,M1,1.851E-5,4.7300000000000005E-6,2.4000000000000003E-7,6.4E-7,M1,1.9810000000000002E-5,1.805E-6,1.1400000000000001E-5,1.6E-7,M1,1.903E-5,3.59E-6,6.4E-7,2.4000000000000003E-7,M1,1.8750000000000002E-5,2.31E-6,6.4E-7,2.4000000000000003E-7,M1,2.031E-5,1.1395E-5,1.04E-5,1.6E-7,M1,1.9960000000000002E-5,1.2095E-5,1.6E-7,3.195E-6,M1,1.568E-5,1.513E-5,4.44E-6,1.6E-7,M2,3.068E-5,9.450000000000001E-6,6.0E-7,2.0E-7,M2,3.088E-5,4.31E-6,2.0E-7,5.34E-6,M2,3.088E-5,4.31E-6,2.5E-7,2.0E-7,M2,3.0930000000000004E-5,4.31E-6,2.0E-7,6.0E-7,M2,1.974E-5,9.450000000000001E-6,6.0E-7,2.0E-7,M2,1.994E-5,4.31E-6,2.0E-7,5.34E-6,M2,1.989E-5,4.31E-6,2.5E-7,2.0E-7,M2,1.989E-5,4.31E-6,2.0E-7,6.0E-7,M2,3.974E-5,1.7800000000000001E-6,3.2E-7,7.2E-7,M2,3.415E-5,1.325E-6,3.2E-7,7.2E-7,M2,3.276E-5,5.85E-7,2.0E-7,6.0E-7,M2,3.276E-5,5.85E-7,2.0E-7,4.365E-6,M2,3.229E-5,4.75E-6,6.7E-7,2.0E-7,M2,3.229E-5,4.75E-6,2.0E-7,6.0E-7,M2,5.062E-5,1.545E-5,2.0E-7,1.0E-6,M2,4.982E-5,1.6250000000000002E-5,1.0E-6,2.0E-7,M2,5.062E-5,1.269E-5,2.0E-7,3.76E-6,M2,5.062E-5,1.2290000000000001E-5,2.0E-7,6.0E-7,M2,3.1310000000000003E-5,3.55E-6,7.2E-7,3.2E-7,M2,3.159E-5,2.27E-6,7.2E-7,3.2E-7,M2,2.0E-7,1.6250000000000002E-5,1.0E-6,2.0E-7,M2,2.0E-7,1.545E-5,2.0E-7,1.0E-6,M2,2.0E-7,1.269E-5,2.0E-7,3.76E-6,M2,2.0E-7,1.2290000000000001E-5,2.0E-7,6.0E-7,M2,3.451E-5,4.16E-6,7.2E-7,3.2E-7,M2,2.381E-5,3.55E-6,7.2E-7,3.2E-7,M2,3.716E-5,1.4E-6,2.0E-7,6.0E-7,M2,3.716E-5,1.8000000000000001E-6,2.0E-7,1.421E-5,M2,3.716E-5,1.581E-5,7.4E-7,2.0E-7,M2,3.77E-5,1.581E-5,2.0E-7,6.0E-7,M2,3.205E-5,1.0915E-5,3.2E-7,7.2E-7,M2,3.458E-5,1.619E-5,3.2E-7,7.2E-7,M2,2.669E-5,3.55E-6,7.2E-7,3.2E-7,M2,1.619E-5,4.01E-6,3.2E-7,1.12E-6,M2,1.619E-5,4.01E-6,1.12E-6,3.2E-7,M2,1.6250000000000002E-5,4.07E-6,2.0E-7,2.95E-7,M2,1.619E-5,3.905E-6,3.2E-7,7.2E-7,M2,1.579E-5,4.16E-6,7.2E-7,3.2E-7,M2,1.612E-5,1.619E-5,3.2E-7,7.2E-7,M2,1.865E-5,1.0915E-5,3.2E-7,7.2E-7,M2,1.655E-5,1.325E-6,3.2E-7,7.2E-7,M2,1.096E-5,1.7800000000000001E-6,3.2E-7,7.2E-7,M2,1.366E-5,1.4E-6,2.0E-7,6.0E-7,M2,1.366E-5,1.8000000000000001E-6,2.0E-7,1.421E-5,M2,1.312E-5,1.581E-5,7.4E-7,2.0E-7,M2,1.312E-5,1.581E-5,2.0E-7,6.0E-7,M2,1.806E-5,5.85E-7,2.0E-7,6.0E-7,M2,1.806E-5,5.85E-7,2.0E-7,4.365E-6,M2,1.806E-5,4.75E-6,6.7E-7,2.0E-7,M2,1.853E-5,4.75E-6,2.0E-7,6.0E-7,M2,1.899E-5,3.55E-6,7.2E-7,3.2E-7,M2,1.871E-5,2.27E-6,7.2E-7,3.2E-7,M3,3.98E-5,1.84E-6,2.0E-7,6.0E-7,M3,3.98E-5,1.785E-6,2.0E-7,6.55E-7,M3,3.421E-5,1.785E-6,5.7900000000000005E-6,2.0E-7,M3,3.421E-5,1.385E-6,2.0E-7,6.0E-7,M3,3.137E-5,3.61E-6,6.0E-7,2.0E-7,M3,3.177E-5,2.33E-6,2.0E-7,1.48E-6,M3,3.1650000000000004E-5,2.33E-6,3.2E-7,2.0E-7,M3,3.1650000000000004E-5,2.33E-6,6.0E-7,2.0E-7,M3,3.451E-5,4.16E-6,7.2E-7,3.2E-7,M3,3.451E-5,3.905E-6,3.2E-7,7.2E-7,M3,3.457E-5,4.07E-6,2.0E-7,2.95E-7,M3,3.371E-5,4.01E-6,1.12E-6,3.2E-7,M3,3.451E-5,4.01E-6,3.2E-7,1.12E-6,M3,2.381E-5,3.55E-6,7.2E-7,3.2E-7,M3,3.211E-5,1.0975E-5,2.0E-7,6.0E-7,M3,3.211E-5,1.1375E-5,2.73E-6,2.0E-7,M3,3.464E-5,1.1375E-5,2.0E-7,5.075E-6,M3,3.464E-5,1.6250000000000002E-5,2.0E-7,6.0E-7,M3,2.669E-5,3.55E-6,7.2E-7,3.2E-7,M3,1.671E-5,4.01E-6,7.2E-7,3.2E-7,M3,1.6250000000000002E-5,4.07E-6,9.2E-7,2.0E-7,M3,1.6250000000000002E-5,4.07E-6,2.0E-7,1.0E-6,M3,1.6250000000000002E-5,4.07E-6,1.0E-6,2.0E-7,M3,1.619E-5,3.905E-6,3.2E-7,7.2E-7,M3,1.579E-5,4.16E-6,7.2E-7,3.2E-7,M3,1.618E-5,1.6250000000000002E-5,2.0E-7,6.0E-7,M3,1.618E-5,1.1375E-5,2.0E-7,5.075E-6,M3,1.618E-5,1.1375E-5,2.73E-6,2.0E-7,M3,1.871E-5,1.0975E-5,2.0E-7,6.0E-7,M3,1.6610000000000002E-5,1.385E-6,2.0E-7,6.0E-7,M3,1.102E-5,1.785E-6,5.7900000000000005E-6,2.0E-7,M3,1.102E-5,1.785E-6,2.0E-7,6.55E-7,M3,1.102E-5,1.84E-6,2.0E-7,6.0E-7,M3,1.905E-5,3.61E-6,6.0E-7,2.0E-7,M3,1.905E-5,2.33E-6,2.0E-7,1.48E-6,M3,1.905E-5,2.33E-6,3.2E-7,2.0E-7,M3,1.877E-5,2.33E-6,6.0E-7,2.0E-7,M4,3.457E-5,4.22E-6,6.0E-7,2.0E-7,M4,3.457E-5,4.165E-6,2.0E-7,2.55E-7,M4,3.457E-5,3.965E-6,2.0E-7,6.0E-7,M4,3.3770000000000004E-5,4.07E-6,1.0E-6,2.0E-7,M4,3.457E-5,4.07E-6,2.0E-7,1.0E-6,M4,3.385E-5,4.07E-6,9.2E-7,2.0E-7,M4,3.359E-5,4.01E-6,7.2E-7,3.2E-7,M4,2.381E-5,3.55E-6,7.2E-7,3.2E-7,M4,2.669E-5,3.55E-6,7.2E-7,3.2E-7,M4,1.671E-5,4.01E-6,7.2E-7,3.2E-7,M4,1.619E-5,3.905E-6,3.2E-7,7.2E-7,M4,1.579E-5,4.16E-6,7.2E-7,3.2E-7,M5,3.365E-5,4.07E-6,6.0E-7,2.0E-7,M5,2.427E-5,4.07E-6,9.78E-6,2.0E-7,M5,2.427E-5,3.61E-6,2.0E-7,6.6E-7,M5,2.387E-5,3.61E-6,6.0E-7,2.0E-7,M5,2.669E-5,3.55E-6,7.2E-7,3.2E-7,M5,1.671E-5,4.01E-6,7.2E-7,3.2E-7,M5,1.6250000000000002E-5,3.965E-6,2.0E-7,6.0E-7,M5,1.6250000000000002E-5,4.165E-6,2.0E-7,2.55E-7,M5,1.585E-5,4.22E-6,6.0E-7,2.0E-7,M6,2.645E-5,3.5100000000000003E-6,1.2E-6,4.0E-7,M6,2.645E-5,2.37E-6,4.0E-7,2.0E-6,M6,2.485E-5,3.97E-6,2.0E-6,4.0E-7,M6,1.6970000000000002E-5,4.07E-6,9.78E-6,2.0E-7,M6,1.677E-5,4.07E-6,6.0E-7,2.0E-7,M7,2.645E-5,3.5100000000000003E-6,1.2E-6,4.0E-7,M7,2.645E-5,3.5100000000000003E-6,4.0E-7,8.6E-7,M7,2.645E-5,2.37E-6,4.0E-7,2.0E-6,M7,2.485E-5,3.97E-6,2.0E-6,4.0E-7,
M1,1.821E-5,1.045E-6,1.9200000000000003E-6,1.6E-7,M1,8.66E-6,2.195E-5,6.4E-7,2.4000000000000003E-7,M1,9.255E-6,1.4185E-5,6.4E-7,2.4000000000000003E-7,M1,3.138E-5,4.65E-6,1.6E-7,2.8E-7,M1,2.962E-5,4.77E-6,1.9200000000000003E-6,1.6E-7,M1,1.8E-7,1.913E-5,2.4000000000000003E-7,6.4E-7,M1,4.4E-7,2.309E-5,2.4000000000000003E-7,6.4E-7,M1,1.4E-5,2.35E-6,1.6E-7,8.13E-6,M1,1.146E-5,1.032E-5,2.7E-6,1.6E-7,M1,1.11E-5,9.62E-6,2.62E-6,1.6E-7,M1,1.356E-5,1.365E-6,1.6E-7,8.415E-6,M1,2.8445E-5,1.4185E-5,6.4E-7,2.4000000000000003E-7,M1,2.904E-5,2.195E-5,6.4E-7,2.4000000000000003E-7,M1,1.65E-6,2.265E-5,2.4000000000000003E-7,6.4E-7,M1,2.18E-6,5.05E-7,2.4000000000000003E-7,6.4E-7,M1,2.418E-5,2.35E-6,1.6E-7,8.13E-6,M1,2.418E-5,1.032E-5,2.7E-6,1.6E-7,M1,2.845E-5,1.16E-5,2.7E-7,1.6E-7,M1,2.856E-5,1.16E-5,1.6E-7,8.6E-7,M1,2.7760000000000002E-5,1.745E-6,1.6E-7,2.2E-7,M1,2.7720000000000002E-5,9.65E-7,2.4000000000000003E-7,1.04E-6,M1,2.692E-5,1.765E-6,1.04E-6,2.4000000000000003E-7,M1,2.319E-5,1.365E-6,2.4000000000000003E-7,6.4E-7,M1,3.792E-5,1.913E-5,2.4000000000000003E-7,6.4E-7,M1,3.766E-5,2.309E-5,2.4000000000000003E-7,6.4E-7,M1,1.732E-5,2.5450000000000002E-5,3.7E-6,1.6E-7,M1,2.1545E-5,2.31E-6,6.4E-7,2.4000000000000003E-7,M1,5.09E-6,3.4700000000000002E-6,6.4E-7,2.4000000000000003E-7,M1,3.261E-5,3.4700000000000002E-6,6.4E-7,2.4000000000000003E-7,M1,1.6155E-5,2.31E-6,6.4E-7,2.4000000000000003E-7,M1,2.94E-5,1.27E-5,2.4000000000000003E-7,6.4E-7,M1,3.792E-5,1.187E-5,2.4000000000000003E-7,6.4E-7,M1,2.586E-5,8.740000000000001E-6,2.4000000000000003E-7,6.4E-7,M1,2.746E-5,1.156E-5,6.4E-7,2.4000000000000003E-7,M1,1.491E-5,1.365E-6,2.4000000000000003E-7,6.4E-7,M1,1.038E-5,1.765E-6,1.04E-6,2.4000000000000003E-7,M1,1.038E-5,9.65E-7,2.4000000000000003E-7,1.04E-6,M1,1.042E-5,1.745E-6,1.6E-7,2.2E-7,M1,1.108E-5,2.0E-8,6.4E-7,2.4000000000000003E-7,M1,2.662E-5,2.0E-8,6.4E-7,2.4000000000000003E-7,M1,9.62E-6,1.23E-5,2.7E-7,1.6E-7,M1,9.73E-6,1.16E-5,1.6E-7,8.6E-7,M1,1.224E-5,8.740000000000001E-6,2.4000000000000003E-7,6.4E-7,M1,1.024E-5,1.156E-5,6.4E-7,2.4000000000000003E-7,M1,6.8E-6,4.65E-6,1.6E-7,2.8E-7,M1,6.8E-6,4.77E-6,1.9200000000000003E-6,1.6E-7,M1,2.462E-5,9.62E-6,2.62E-6,1.6E-7,M1,2.462E-5,1.365E-6,1.6E-7,8.415E-6,M1,1.8E-7,1.187E-5,2.4000000000000003E-7,6.4E-7,M1,8.7E-6,1.27E-5,2.4000000000000003E-7,6.4E-7,M1,3.645E-5,2.265E-5,2.4000000000000003E-7,6.4E-7,M1,3.592E-5,5.05E-7,2.4000000000000003E-7,6.4E-7,M2,8.68E-6,2.197E-5,6.0E-7,2.0E-7,M2,8.88E-6,1.4205E-5,2.0E-7,7.965E-6,M2,8.88E-6,1.4205E-5,7.95E-7,2.0E-7,M2,9.275E-6,1.4205E-5,6.0E-7,2.0E-7,M2,2.0E-7,1.915E-5,2.0E-7,6.0E-7,M2,2.0E-7,1.955E-5,2.0E-7,3.76E-6,M2,2.0E-7,2.311E-5,4.6E-7,2.0E-7,M2,4.6E-7,2.311E-5,2.0E-7,6.0E-7,M2,2.8405E-5,1.4145000000000001E-5,7.2E-7,3.2E-7,M2,2.9E-5,2.1910000000000002E-5,7.2E-7,3.2E-7,M2,1.67E-6,2.267E-5,2.0E-7,6.0E-7,M2,1.67E-6,2.267E-5,7.3E-7,2.0E-7,M2,2.2E-6,5.250000000000001E-7,2.0E-7,2.2345E-5,M2,2.2E-6,5.250000000000001E-7,2.0E-7,6.0E-7,M2,2.7740000000000002E-5,9.85E-7,2.0E-7,1.0E-6,M2,2.694E-5,1.785E-6,1.0E-6,2.0E-7,M2,2.321E-5,1.785E-6,4.7300000000000005E-6,2.0E-7,M2,2.321E-5,1.385E-6,2.0E-7,6.0E-7,M2,3.794E-5,1.915E-5,2.0E-7,6.0E-7,M2,3.794E-5,1.955E-5,2.0E-7,3.76E-6,M2,3.768E-5,2.311E-5,4.6E-7,2.0E-7,M2,3.768E-5,2.311E-5,2.0E-7,6.0E-7,M2,2.1505E-5,2.27E-6,7.2E-7,3.2E-7,M2,5.05E-6,3.43E-6,7.2E-7,3.2E-7,M2,3.257E-5,3.43E-6,7.2E-7,3.2E-7,M2,1.6115E-5,2.27E-6,7.2E-7,3.2E-7,M2,2.936E-5,1.266E-5,3.2E-7,7.2E-7,M2,3.788E-5,1.183E-5,3.2E-7,7.2E-7,M2,2.588E-5,8.76E-6,2.0E-7,6.0E-7,M2,2.588E-5,9.16E-6,2.0E-7,2.62E-6,M2,2.588E-5,1.1580000000000001E-5,1.8000000000000001E-6,2.0E-7,M2,2.748E-5,1.1580000000000001E-5,6.0E-7,2.0E-7,M2,1.4930000000000001E-5,1.385E-6,2.0E-7,6.0E-7,M2,1.04E-5,1.785E-6,4.7300000000000005E-6,2.0E-7,M2,1.04E-5,1.785E-6,1.0E-6,2.0E-7,M2,1.04E-5,9.85E-7,2.0E-7,1.0E-6,M2,1.11E-5,4.0E-8,6.0E-7,2.0E-7,M2,1.15E-5,4.0E-8,1.534E-5,2.0E-7,M2,2.664E-5,4.0E-8,6.0E-7,2.0E-7,M2,1.226E-5,8.76E-6,2.0E-7,6.0E-7,M2,1.226E-5,9.16E-6,2.0E-7,2.62E-6,M2,1.066E-5,1.1580000000000001E-5,1.8000000000000001E-6,2.0E-7,M2,1.026E-5,1.1580000000000001E-5,6.0E-7,2.0E-7,M2,1.4E-7,1.183E-5,3.2E-7,7.2E-7,M2,8.66E-6,1.266E-5,3.2E-7,7.2E-7,M2,3.647E-5,2.267E-5,2.0E-7,6.0E-7,M2,3.594E-5,2.267E-5,7.3E-7,2.0E-7,M2,3.594E-5,5.250000000000001E-7,2.0E-7,2.2345E-5,M2,3.594E-5,5.250000000000001E-7,2.0E-7,6.0E-7,M3,2.8405E-5,1.4145000000000001E-5,7.2E-7,3.2E-7,M3,2.9E-5,2.1910000000000002E-5,7.2E-7,3.2E-7,M3,2.1565E-5,2.33E-6,6.0E-7,2.0E-7,M3,2.1765E-5,2.33E-6,2.0E-7,1.3600000000000001E-6,M3,5.31E-6,3.49E-6,1.6655E-5,2.0E-7,M3,5.11E-6,3.49E-6,6.0E-7,2.0E-7,M3,3.257E-5,3.43E-6,7.2E-7,3.2E-7,M3,1.6115E-5,2.27E-6,7.2E-7,3.2E-7,M3,2.942E-5,1.272E-5,2.0E-7,6.0E-7,M3,2.942E-5,1.209E-5,2.0E-7,8.3E-7,M3,2.942E-5,1.209E-5,8.72E-6,2.0E-7,M3,3.794E-5,1.189E-5,2.0E-7,6.0E-7,M3,2.0E-7,1.189E-5,2.0E-7,6.0E-7,M3,2.0E-7,1.209E-5,8.72E-6,2.0E-7,M3,8.72E-6,1.209E-5,2.0E-7,8.3E-7,M3,8.72E-6,1.272E-5,2.0E-7,6.0E-7,M4,2.8465E-5,1.4205E-5,6.0E-7,2.0E-7,M4,2.8665E-5,1.4205E-5,7.95E-7,2.0E-7,M4,2.926E-5,1.4205E-5,2.0E-7,7.965E-6,M4,2.906E-5,2.197E-5,6.0E-7,2.0E-7,M4,3.263E-5,3.49E-6,6.0E-7,2.0E-7,M4,3.283E-5,2.33E-6,2.0E-7,1.3600000000000001E-6,M4,1.6375E-5,2.33E-6,1.6655E-5,2.0E-7,M4,1.6175E-5,2.33E-6,6.0E-7,2.0E-7,
M1,4.0980000000000004E-5,1.32E-6,2.4000000000000003E-7,6.4E-7,M1,3.544E-5,1.365E-6,2.4000000000000003E-7,6.4E-7,M1,1.8E-7,1.1410000000000001E-5,2.4000000000000003E-7,6.4E-7,M1,4.4E-7,1.537E-5,2.4000000000000003E-7,6.4E-7,M1,4.619E-5,1.641E-5,2.4000000000000003E-7,6.4E-7,M1,1.629E-5,1.641E-5,2.4000000000000003E-7,6.4E-7,M1,1.397E-5,1.427E-5,3.04E-6,1.6E-7,M1,3.6020000000000004E-5,2.31E-6,6.4E-7,2.4000000000000003E-7,M1,3.642E-5,3.59E-6,1.04E-6,2.4000000000000003E-7,M1,3.642E-5,2.79E-6,2.4000000000000003E-7,1.04E-6,M1,3.646E-5,3.63E-6,6.71E-6,1.6E-7,M1,1.565E-5,4.7300000000000005E-6,2.4000000000000003E-7,6.4E-7,M1,2.5620000000000002E-5,5.65E-7,2.4000000000000003E-7,6.4E-7,M1,3.278E-5,2.35E-6,1.6E-7,1.08E-5,M1,1.127E-5,1.2990000000000001E-5,2.167E-5,1.6E-7,M1,1.336E-5,1.711E-5,2.4000000000000003E-7,6.4E-7,M1,1.629E-5,1.641E-5,2.4000000000000003E-7,6.4E-7,M1,3.686E-5,5.65E-7,2.4000000000000003E-7,6.4E-7,M1,4.6830000000000004E-5,4.7300000000000005E-6,2.4000000000000003E-7,6.4E-7,M1,1.6615E-5,1.4230000000000001E-5,6.4E-7,2.4000000000000003E-7,M1,1.717E-5,1.4930000000000001E-5,2.4000000000000003E-7,6.4E-7,M1,4.619E-5,1.641E-5,2.4000000000000003E-7,6.4E-7,M1,4.9120000000000004E-5,1.711E-5,2.4000000000000003E-7,6.4E-7,M1,6.23E-5,1.1410000000000001E-5,2.4000000000000003E-7,6.4E-7,M1,6.204E-5,1.537E-5,2.4000000000000003E-7,6.4E-7,M1,1.985E-5,1.044E-5,2.4000000000000003E-7,6.4E-7,M1,1.643E-5,1.4230000000000001E-5,6.4E-7,2.4000000000000003E-7,M1,4.571E-5,1.427E-5,3.04E-6,1.6E-7,M1,3.1600000000000002E-6,5.2E-7,2.4000000000000003E-7,6.4E-7,M1,3.35E-6,1.4930000000000001E-5,2.4000000000000003E-7,6.4E-7,M1,2.154E-5,1.805E-6,5.7000000000000005E-6,1.6E-7,M1,2.154E-5,1.76E-6,1.6E-7,2.05E-7,M1,2.362E-5,6.000000000000001E-8,1.68E-6,1.6E-7,M1,2.4900000000000002E-5,2.0E-8,6.4E-7,2.4000000000000003E-7,M1,3.8900000000000004E-5,2.0E-8,6.4E-7,2.4000000000000003E-7,M1,1.955E-5,3.63E-6,6.71E-6,1.6E-7,M1,2.61E-5,2.35E-6,1.6E-7,1.44E-6,M1,2.934E-5,2.31E-6,6.4E-7,2.4000000000000003E-7,M1,5.105E-5,1.295E-5,6.4E-7,2.4000000000000003E-7,M1,4.531E-5,1.641E-5,2.4000000000000003E-7,6.4E-7,M1,4.546E-5,1.751E-5,6.4E-7,2.4000000000000003E-7,M1,4.565E-5,1.4230000000000001E-5,6.4E-7,2.4000000000000003E-7,M1,4.2630000000000004E-5,1.044E-5,2.4000000000000003E-7,6.4E-7,M1,3.04E-5,1.805E-6,1.9200000000000003E-6,1.6E-7,M1,5.932E-5,5.2E-7,2.4000000000000003E-7,6.4E-7,M1,5.913E-5,1.4930000000000001E-5,2.4000000000000003E-7,6.4E-7,M1,1.393E-5,4.68E-6,1.6E-7,2.5E-7,M1,1.393E-5,4.77E-6,1.9200000000000003E-6,1.6E-7,M1,4.6870000000000004E-5,4.68E-6,1.6E-7,2.5E-7,M1,4.6870000000000004E-5,4.68E-6,1.9200000000000003E-6,1.6E-7,M2,4.1E-5,1.34E-6,2.0E-7,6.0E-7,M2,4.1E-5,1.74E-6,2.0E-7,2.45E-7,M2,4.094E-5,9.25E-7,3.2E-7,1.12E-6,M2,4.014E-5,1.725E-6,1.12E-6,3.2E-7,M2,3.54E-5,1.325E-6,3.2E-7,7.2E-7,M2,1.4E-7,1.137E-5,3.2E-7,7.2E-7,M2,4.0E-7,1.533E-5,3.2E-7,7.2E-7,M2,4.6150000000000004E-5,1.637E-5,3.2E-7,7.2E-7,M2,4.1945E-5,1.677E-5,7.2E-7,3.2E-7,M2,1.631E-5,1.683E-5,2.6095E-5,2.0E-7,M2,1.631E-5,1.643E-5,2.0E-7,6.0E-7,M2,3.604E-5,2.33E-6,6.0E-7,2.0E-7,M2,3.6440000000000003E-5,2.33E-6,2.0E-7,1.48E-6,M2,3.6440000000000003E-5,3.61E-6,1.0E-6,2.0E-7,M2,3.6440000000000003E-5,2.81E-6,2.0E-7,1.0E-6,M2,1.561E-5,4.69E-6,3.2E-7,7.2E-7,M2,2.558E-5,5.250000000000001E-7,3.2E-7,7.2E-7,M2,1.332E-5,1.707E-5,3.2E-7,7.2E-7,M2,1.6250000000000002E-5,1.637E-5,3.2E-7,7.2E-7,M2,3.682E-5,5.250000000000001E-7,3.2E-7,7.2E-7,M2,4.6790000000000004E-5,4.69E-6,3.2E-7,7.2E-7,M2,1.6575E-5,1.419E-5,7.2E-7,3.2E-7,M2,1.633E-5,1.419E-5,1.12E-6,3.2E-7,M2,1.713E-5,1.419E-5,3.2E-7,1.12E-6,M2,1.719E-5,1.425E-5,2.0E-7,9.000000000000001E-7,M2,1.719E-5,1.4950000000000001E-5,2.0E-7,6.0E-7,M2,4.6150000000000004E-5,1.637E-5,3.2E-7,7.2E-7,M2,4.908E-5,1.707E-5,3.2E-7,7.2E-7,M2,6.226E-5,1.137E-5,3.2E-7,7.2E-7,M2,6.2E-5,1.533E-5,3.2E-7,7.2E-7,M2,1.9810000000000002E-5,1.04E-5,3.2E-7,7.2E-7,M2,1.639E-5,1.419E-5,7.2E-7,3.2E-7,M2,3.18E-6,5.4E-7,2.0E-7,6.0E-7,M2,3.18E-6,5.4E-7,3.9E-7,2.0E-7,M2,3.37E-6,5.4E-7,2.0E-7,1.461E-5,M2,3.37E-6,1.4950000000000001E-5,2.0E-7,6.0E-7,M2,2.4920000000000002E-5,4.0E-8,6.0E-7,2.0E-7,M2,2.512E-5,4.0E-8,1.4E-5,2.0E-7,M2,3.892E-5,4.0E-8,6.0E-7,2.0E-7,M2,2.936E-5,2.33E-6,6.0E-7,2.0E-7,M2,2.976E-5,2.33E-6,2.0E-7,1.084E-5,M2,2.976E-5,1.297E-5,2.171E-5,2.0E-7,M2,5.1070000000000004E-5,1.297E-5,6.0E-7,2.0E-7,M2,4.527E-5,1.637E-5,3.2E-7,7.2E-7,M2,4.482E-5,1.677E-5,1.12E-6,3.2E-7,M2,4.562E-5,1.677E-5,3.2E-7,1.12E-6,M2,4.568E-5,1.683E-5,2.0E-7,9.000000000000001E-7,M2,4.548E-5,1.753E-5,6.0E-7,2.0E-7,M2,4.561E-5,1.419E-5,7.2E-7,3.2E-7,M2,4.2590000000000004E-5,1.04E-5,3.2E-7,7.2E-7,M2,5.9340000000000004E-5,5.4E-7,2.0E-7,6.0E-7,M2,5.915E-5,5.4E-7,3.9E-7,2.0E-7,M2,5.915E-5,5.4E-7,2.0E-7,1.461E-5,M2,5.915E-5,1.4950000000000001E-5,2.0E-7,6.0E-7,M3,4.1E-5,9.85E-7,2.0E-7,1.0E-6,M3,4.02E-5,1.785E-6,1.0E-6,2.0E-7,M3,3.546E-5,1.785E-6,5.74E-6,2.0E-7,M3,3.546E-5,1.385E-6,2.0E-7,6.0E-7,M3,2.0E-7,1.143E-5,2.0E-7,6.0E-7,M3,2.0E-7,1.183E-5,2.0E-7,3.76E-6,M3,2.0E-7,1.539E-5,4.6E-7,2.0E-7,M3,4.6E-7,1.539E-5,2.0E-7,6.0E-7,M3,4.6150000000000004E-5,1.637E-5,3.2E-7,7.2E-7,M3,4.1945E-5,1.677E-5,7.2E-7,3.2E-7,M3,1.567E-5,4.75E-6,2.0E-7,6.0E-7,M3,1.567E-5,5.85E-7,2.0E-7,4.365E-6,M3,1.567E-5,5.85E-7,1.0170000000000001E-5,2.0E-7,M3,2.5640000000000002E-5,5.85E-7,2.0E-7,6.0E-7,M3,1.338E-5,1.713E-5,2.0E-7,6.0E-7,M3,1.338E-5,1.753E-5,3.13E-6,2.0E-7,M3,1.631E-5,1.683E-5,2.0E-7,9.000000000000001E-7,M3,1.631E-5,1.643E-5,2.0E-7,6.0E-7,M3,3.682E-5,5.250000000000001E-7,3.2E-7,7.2E-7,M3,3.682E-5,4.69E-6,1.12E-6,3.2E-7,M3,3.682E-5,3.89E-6,3.2E-7,1.12E-6,M3,3.688E-5,4.75E-6,1.0170000000000001E-5,2.0E-7,M3,4.685E-5,4.75E-6,2.0E-7,6.0E-7,M3,1.6635E-5,1.425E-5,6.0E-7,2.0E-7,M3,1.6835E-5,1.425E-5,5.55E-7,2.0E-7,M3,1.639E-5,1.425E-5,1.0E-6,2.0E-7,M3,1.719E-5,1.425E-5,2.0E-7,1.0E-6,M3,4.621E-5,1.643E-5,2.0E-7,6.0E-7,M3,4.621E-5,1.683E-5,2.0E-7,9.000000000000001E-7,M3,4.621E-5,1.753E-5,3.13E-6,2.0E-7,M3,4.914E-5,1.713E-5,2.0E-7,6.0E-7,M3,6.232E-5,1.143E-5,2.0E-7,6.0E-7,M3,6.232E-5,1.183E-5,2.0E-7,3.76E-6,M3,6.206E-5,1.539E-5,4.6E-7,2.0E-7,M3,6.206E-5,1.539E-5,2.0E-7,6.0E-7,M3,1.987E-5,1.046E-5,2.0E-7,6.0E-7,M3,1.987E-5,1.0860000000000001E-5,2.0E-7,3.59E-6,M3,1.685E-5,1.425E-5,3.22E-6,2.0E-7,M3,1.645E-5,1.425E-5,6.0E-7,2.0E-7,M3,4.533E-5,1.643E-5,2.0E-7,6.0E-7,M3,4.533E-5,1.683E-5,5.5E-7,2.0E-7,M3,4.4880000000000004E-5,1.683E-5,1.0E-6,2.0E-7,M3,4.568E-5,1.683E-5,2.0E-7,1.0E-6,M3,4.567E-5,1.425E-5,6.0E-7,2.0E-7,M3,4.265E-5,1.425E-5,3.22E-6,2.0E-7,M3,4.265E-5,1.0860000000000001E-5,2.0E-7,3.59E-6,M3,4.265E-5,1.046E-5,2.0E-7,6.0E-7,M4,4.621E-5,1.643E-5,2.0E-7,6.0E-7,M4,4.2205E-5,1.683E-5,4.205E-6,2.0E-7,M4,4.2005E-5,1.683E-5,6.0E-7,2.0E-7,M4,3.682E-5,5.250000000000001E-7,3.2E-7,7.2E-7,M4,3.682E-5,4.69E-6,1.12E-6,3.2E-7,M4,3.682E-5,3.89E-6,3.2E-7,1.12E-6,M5,3.688E-5,5.85E-7,2.0E-7,6.0E-7,M5,3.688E-5,5.85E-7,2.0E-7,4.365E-6,M5,3.688E-5,4.75E-6,1.0E-6,2.0E-7,M5,3.688E-5,3.95E-6,2.0E-7,1.0E-6,
M1,3.31E-6,6.6E-7,2.4000000000000003E-7,6.4E-7,M1,3.53E-6,1.5555E-5,2.4000000000000003E-7,6.4E-7,M1,4.559E-5,1.4895E-5,3.57E-6,1.6E-7,M1,4.559E-5,1.1555E-5,1.6E-7,3.5E-6,M1,1.584E-5,1.4895E-5,3.57E-6,1.6E-7,M1,1.925E-5,1.1555E-5,1.6E-7,3.5E-6,M1,4.523E-5,8.930000000000001E-6,1.6E-7,8.6E-7,M1,4.512E-5,8.930000000000001E-6,2.7E-7,1.6E-7,M1,4.629E-5,4.96E-6,1.9200000000000003E-6,1.6E-7,M1,4.5115000000000004E-5,8.89E-6,6.4E-7,2.4000000000000003E-7,M1,4.504E-5,5.995E-6,2.4000000000000003E-7,6.4E-7,M1,4.508E-5,5.39E-6,1.6E-7,1.0050000000000001E-6,M1,4.508E-5,4.52E-6,1.6E-7,1.03E-6,M1,6.432000000000001E-5,1.5995000000000002E-5,2.4000000000000003E-7,6.4E-7,M1,6.4135E-5,1.2435E-5,6.4E-7,2.4000000000000003E-7,M1,6.4375E-5,1.2475E-5,4.05E-7,1.6E-7,M1,1.869E-5,1.0415E-5,2.4000000000000003E-7,6.4E-7,M1,1.632E-5,1.5995000000000002E-5,2.4000000000000003E-7,6.4E-7,M1,1.9245E-5,8.89E-6,6.4E-7,2.4000000000000003E-7,M1,1.972E-5,5.995E-6,2.4000000000000003E-7,6.4E-7,M1,1.976E-5,5.39E-6,1.6E-7,1.0050000000000001E-6,M1,1.976E-5,4.52E-6,1.6E-7,1.03E-6,M1,4.853E-5,3.7800000000000002E-6,6.4E-7,2.4000000000000003E-7,M1,3.048E-5,2.31E-6,6.4E-7,2.4000000000000003E-7,M1,3.392E-5,2.35E-6,1.6E-7,1.63E-6,M1,3.388E-5,2.9800000000000003E-6,2.4000000000000003E-7,1.04E-6,M1,3.308E-5,3.7800000000000002E-6,1.04E-6,2.4000000000000003E-7,M1,1.583E-5,3.7800000000000002E-6,6.4E-7,2.4000000000000003E-7,M1,4.4E-7,1.5995000000000002E-5,2.4000000000000003E-7,6.4E-7,M1,2.2500000000000002E-7,1.2435E-5,6.4E-7,2.4000000000000003E-7,M1,2.2E-7,1.2475E-5,4.05E-7,1.6E-7,M1,1.679E-5,4.96E-6,1.9200000000000003E-6,1.6E-7,M1,3.779E-5,9.25E-7,2.4000000000000003E-7,6.4E-7,M1,3.989E-5,6.51E-6,2.4000000000000003E-7,6.4E-7,M1,3.648E-5,1.9E-6,5.78E-6,1.6E-7,M1,3.6440000000000003E-5,1.86E-6,1.04E-6,2.4000000000000003E-7,M1,3.6440000000000003E-5,1.06E-6,2.4000000000000003E-7,1.04E-6,M1,3.6440000000000003E-5,1.365E-6,2.4000000000000003E-7,6.4E-7,M1,3.739E-5,3.82E-6,2.0100000000000002E-6,1.6E-7,M1,3.739E-5,2.35E-6,1.6E-7,1.63E-6,M1,1.972E-5,8.930000000000001E-6,1.6E-7,8.6E-7,M1,1.961E-5,9.630000000000001E-6,2.7E-7,1.6E-7,M1,2.031E-5,1.0855E-5,2.438E-5,1.6E-7,M1,4.8440000000000004E-5,1.5995000000000002E-5,2.4000000000000003E-7,6.4E-7,M1,4.607E-5,1.0415E-5,2.4000000000000003E-7,6.4E-7,M1,2.487E-5,6.51E-6,2.4000000000000003E-7,6.4E-7,M1,2.697E-5,9.25E-7,2.4000000000000003E-7,6.4E-7,M1,2.832E-5,1.365E-6,2.4000000000000003E-7,6.4E-7,M1,2.832E-5,1.06E-6,2.4000000000000003E-7,1.04E-6,M1,2.752E-5,1.86E-6,1.04E-6,2.4000000000000003E-7,M1,2.274E-5,1.9E-6,5.78E-6,1.6E-7,M1,2.56E-5,3.82E-6,2.0100000000000002E-6,1.6E-7,M1,2.745E-5,2.35E-6,1.6E-7,1.63E-6,M1,6.145E-5,6.6E-7,2.4000000000000003E-7,6.4E-7,M1,6.123E-5,1.5555E-5,2.4000000000000003E-7,6.4E-7,M1,3.154E-5,1.045E-6,1.9200000000000003E-6,1.6E-7,M1,2.453E-5,2.0E-8,6.4E-7,2.4000000000000003E-7,M1,4.765E-5,2.0E-8,6.4E-7,2.4000000000000003E-7,M2,3.33E-6,6.800000000000001E-7,2.0E-7,6.0E-7,M2,3.33E-6,6.800000000000001E-7,2.0E-7,1.5095E-5,M2,3.33E-6,1.5575E-5,4.2E-7,2.0E-7,M2,3.55E-6,1.5575E-5,2.0E-7,6.0E-7,M2,4.5135E-5,8.91E-6,6.0E-7,2.0E-7,M2,4.506E-5,8.91E-6,4.75E-7,2.0E-7,M2,4.506E-5,6.215E-6,2.0E-7,2.8950000000000002E-6,M2,4.506E-5,6.015E-6,2.0E-7,6.0E-7,M2,6.434E-5,1.6015E-5,2.0E-7,6.0E-7,M2,6.434E-5,1.2455E-5,2.0E-7,3.76E-6,M2,6.434E-5,1.2455E-5,2.15E-7,2.0E-7,M2,6.4155E-5,1.2455E-5,6.0E-7,2.0E-7,M2,1.871E-5,1.0435000000000001E-5,2.0E-7,6.0E-7,M2,1.871E-5,1.0835E-5,2.0E-7,5.38E-6,M2,1.634E-5,1.6015E-5,2.57E-6,2.0E-7,M2,1.634E-5,1.6015E-5,2.0E-7,6.0E-7,M2,1.9265E-5,8.91E-6,6.0E-7,2.0E-7,M2,1.9465E-5,8.91E-6,4.75E-7,2.0E-7,M2,1.974E-5,6.215E-6,2.0E-7,2.8950000000000002E-6,M2,1.974E-5,6.015E-6,2.0E-7,6.0E-7,M2,4.849E-5,3.74E-6,7.2E-7,3.2E-7,M2,3.044E-5,2.27E-6,7.2E-7,3.2E-7,M2,3.3900000000000004E-5,3.0E-6,2.0E-7,1.0E-6,M2,3.31E-5,3.8E-6,1.0E-6,2.0E-7,M2,1.6250000000000002E-5,3.8E-6,1.785E-5,2.0E-7,M2,1.585E-5,3.8E-6,6.0E-7,2.0E-7,M2,4.6E-7,1.6015E-5,2.0E-7,6.0E-7,M2,4.6E-7,1.2455E-5,2.0E-7,3.76E-6,M2,4.4500000000000003E-7,1.2455E-5,2.15E-7,2.0E-7,M2,2.45E-7,1.2455E-5,6.0E-7,2.0E-7,M2,3.775E-5,8.85E-7,3.2E-7,7.2E-7,M2,3.775E-5,1.405E-6,3.2E-7,7.2E-7,M2,3.781E-5,1.665E-6,2.0E-7,5.465E-6,M2,3.775E-5,6.87E-6,1.12E-6,3.2E-7,M2,3.775E-5,6.07E-6,3.2E-7,1.12E-6,M2,3.985E-5,6.47E-6,3.2E-7,7.2E-7,M2,3.646E-5,1.88E-6,1.0E-6,2.0E-7,M2,3.646E-5,1.08E-6,2.0E-7,1.0E-6,M2,3.646E-5,1.785E-6,2.0E-7,2.95E-7,M2,3.646E-5,1.385E-6,2.0E-7,6.0E-7,M2,4.846E-5,1.6015E-5,2.0E-7,6.0E-7,M2,4.846E-5,1.0835E-5,2.0E-7,5.38E-6,M2,4.609E-5,1.0835E-5,2.57E-6,2.0E-7,M2,4.609E-5,1.0435000000000001E-5,2.0E-7,6.0E-7,M2,2.483E-5,6.47E-6,3.2E-7,7.2E-7,M2,2.693E-5,8.85E-7,3.2E-7,7.2E-7,M2,2.834E-5,1.385E-6,2.0E-7,6.0E-7,M2,2.834E-5,1.785E-6,2.0E-7,2.95E-7,M2,2.834E-5,1.08E-6,2.0E-7,1.0E-6,M2,2.754E-5,1.88E-6,1.0E-6,2.0E-7,M2,6.147E-5,6.800000000000001E-7,2.0E-7,6.0E-7,M2,6.147E-5,6.800000000000001E-7,2.0E-7,1.5095E-5,M2,6.125E-5,1.5575E-5,4.2E-7,2.0E-7,M2,6.125E-5,1.5575E-5,2.0E-7,6.0E-7,M2,2.455E-5,4.0E-8,6.0E-7,2.0E-7,M2,2.495E-5,4.0E-8,2.312E-5,2.0E-7,M2,4.767E-5,4.0E-8,6.0E-7,2.0E-7,M3,4.849E-5,3.74E-6,7.2E-7,3.2E-7,M3,4.769E-5,2.27E-6,1.12E-6,3.2E-7,M3,4.849E-5,2.27E-6,3.2E-7,1.12E-6,M3,3.09E-5,2.33E-6,1.785E-5,2.0E-7,M3,3.05E-5,2.33E-6,6.0E-7,2.0E-7,M3,3.781E-5,9.450000000000001E-7,2.0E-7,6.0E-7,M3,3.781E-5,1.345E-6,2.0E-7,5.2E-7,M3,3.781E-5,1.465E-6,2.0E-7,6.0E-7,M3,3.781E-5,6.9300000000000006E-6,1.0E-6,2.0E-7,M3,3.781E-5,6.13E-6,2.0E-7,1.0E-6,M3,3.781E-5,6.9300000000000006E-6,2.3E-6,2.0E-7,M3,3.991E-5,6.53E-6,2.0E-7,6.0E-7,M3,2.483E-5,6.47E-6,3.2E-7,7.2E-7,M3,2.483E-5,1.405E-6,3.2E-7,7.2E-7,M3,2.489E-5,1.345E-6,2.0E-7,5.2E-7,M3,2.489E-5,1.345E-6,2.3E-6,2.0E-7,M3,2.699E-5,9.450000000000001E-7,2.0E-7,6.0E-7,M4,4.849E-5,3.74E-6,7.2E-7,3.2E-7,M4,4.769E-5,2.27E-6,1.12E-6,3.2E-7,M4,4.849E-5,2.27E-6,3.2E-7,1.12E-6,M4,2.489E-5,6.53E-6,2.0E-7,6.0E-7,M4,2.489E-5,1.665E-6,2.0E-7,5.465E-6,M4,2.489E-5,1.465E-6,2.0E-7,6.0E-7,M5,4.855E-5,3.8E-6,6.0E-7,2.0E-7,M5,4.855E-5,2.33E-6,2.0E-7,1.67E-6,M5,4.775E-5,2.33E-6,1.0E-6,2.0E-7,M5,4.855E-5,2.33E-6,2.0E-7,1.0E-6,
M1,2.2440000000000002E-5,7.85E-6,1.6E-7,4.405E-6,M1,2.2440000000000002E-5,7.85E-6,1.02E-6,1.6E-7,M1,1.101E-5,4.6E-6,2.4000000000000003E-7,6.4E-7,M1,8.19E-6,4.7E-6,2.4000000000000003E-7,6.4E-7,M1,2.87E-5,1.2755E-5,2.4000000000000003E-7,6.4E-7,M1,2.79E-5,1.029E-5,1.04E-6,2.4000000000000003E-7,M1,2.87E-5,1.029E-5,2.4000000000000003E-7,1.04E-6,M1,2.849E-5,1.0330000000000001E-5,4.1E-7,1.6E-7,M1,2.849E-5,1.35E-6,1.6E-7,9.14E-6,M1,1.648E-5,1.4220000000000001E-5,5.06E-6,1.6E-7,M1,2.959E-5,4.7E-6,2.4000000000000003E-7,6.4E-7,M1,2.677E-5,4.6E-6,2.4000000000000003E-7,6.4E-7,M1,1.8E-7,9.235E-6,2.4000000000000003E-7,6.4E-7,M1,4.4E-7,1.3195E-5,2.4000000000000003E-7,6.4E-7,M1,1.221E-5,1.3E-6,2.4000000000000003E-7,6.4E-7,M1,8.16E-6,1.35E-6,2.4000000000000003E-7,6.4E-7,M1,3.734E-5,1.3195E-5,2.4000000000000003E-7,6.4E-7,M1,3.76E-5,9.235E-6,2.4000000000000003E-7,6.4E-7,M1,1.486E-5,1.378E-5,2.4000000000000003E-7,6.4E-7,M1,1.19E-5,1.5775E-5,2.4000000000000003E-7,6.4E-7,M1,1.254E-5,1.2095E-5,3.275E-6,1.6E-7,M1,1.699E-5,2.18E-6,6.4E-7,2.4000000000000003E-7,M1,3.011E-5,3.5600000000000002E-6,6.4E-7,2.4000000000000003E-7,M1,2.962E-5,1.35E-6,2.4000000000000003E-7,6.4E-7,M1,2.557E-5,1.3E-6,2.4000000000000003E-7,6.4E-7,M1,1.378E-5,8.95E-6,6.4E-7,2.4000000000000003E-7,M1,1.418E-5,2.18E-6,6.4E-7,2.4000000000000003E-7,M1,2.197E-5,1.2095E-5,2.7E-7,1.6E-7,M1,2.2080000000000002E-5,1.2095E-5,1.6E-7,8.6E-7,M1,1.578E-5,1.2095E-5,2.7E-7,1.6E-7,M1,1.578E-5,1.2095E-5,1.6E-7,8.6E-7,M1,1.452E-5,7.41E-6,2.4000000000000003E-7,6.4E-7,M1,1.5380000000000002E-5,1.2055E-5,6.4E-7,2.4000000000000003E-7,M1,9.08E-6,1.2755E-5,2.4000000000000003E-7,6.4E-7,M1,9.08E-6,1.029E-5,2.4000000000000003E-7,1.04E-6,M1,9.08E-6,1.029E-5,1.04E-6,2.4000000000000003E-7,M1,9.12E-6,1.0330000000000001E-5,4.1E-7,1.6E-7,M1,9.37E-6,1.35E-6,1.6E-7,9.14E-6,M1,2.588E-5,1.5775E-5,2.4000000000000003E-7,6.4E-7,M1,2.292E-5,1.378E-5,2.4000000000000003E-7,6.4E-7,M1,2.039E-5,2.18E-6,6.4E-7,2.4000000000000003E-7,M1,7.27E-6,3.5600000000000002E-6,6.4E-7,2.4000000000000003E-7,M1,2.889E-5,2.0E-8,6.4E-7,2.4000000000000003E-7,M1,8.49E-6,2.0E-8,6.4E-7,2.4000000000000003E-7,M1,1.097E-5,1.3E-6,1.6E-7,3.5E-6,M1,1.097E-5,4.6400000000000005E-6,2.4000000000000003E-7,1.6E-7,M1,2.6890000000000002E-5,1.3E-6,1.6E-7,3.5E-6,M1,2.681E-5,4.6400000000000005E-6,2.4000000000000003E-7,1.6E-7,M1,2.32E-5,2.18E-6,6.4E-7,2.4000000000000003E-7,M1,2.36E-5,8.95E-6,6.4E-7,2.4000000000000003E-7,M1,1.805E-5,9.8E-7,1.9200000000000003E-6,1.6E-7,M1,2.1965E-5,1.2055E-5,6.4E-7,2.4000000000000003E-7,M1,2.5280000000000002E-5,1.2055E-5,6.4E-7,2.4000000000000003E-7,M2,1.097E-5,4.56E-6,3.2E-7,7.2E-7,M2,8.15E-6,4.66E-6,3.2E-7,7.2E-7,M2,2.872E-5,1.2775E-5,2.0E-7,6.0E-7,M2,2.872E-5,1.031E-5,2.0E-7,2.665E-6,M2,2.792E-5,1.031E-5,1.0E-6,2.0E-7,M2,2.872E-5,1.031E-5,2.0E-7,1.0E-6,M2,2.955E-5,4.66E-6,3.2E-7,7.2E-7,M2,2.673E-5,4.56E-6,3.2E-7,7.2E-7,M2,1.4E-7,9.195000000000001E-6,3.2E-7,7.2E-7,M2,4.0E-7,1.3155E-5,3.2E-7,7.2E-7,M2,1.223E-5,1.32E-6,2.0E-7,6.0E-7,M2,1.223E-5,1.72E-6,2.0E-7,2.5E-7,M2,8.18E-6,1.77E-6,4.25E-6,2.0E-7,M2,8.18E-6,1.37E-6,2.0E-7,6.0E-7,M2,3.73E-5,1.3155E-5,3.2E-7,7.2E-7,M2,3.756E-5,9.195000000000001E-6,3.2E-7,7.2E-7,M2,1.482E-5,1.374E-5,3.2E-7,7.2E-7,M2,1.186E-5,1.5735E-5,3.2E-7,7.2E-7,M2,1.6950000000000002E-5,2.14E-6,7.2E-7,3.2E-7,M2,3.0070000000000002E-5,3.52E-6,7.2E-7,3.2E-7,M2,2.964E-5,1.37E-6,2.0E-7,6.0E-7,M2,2.964E-5,1.72E-6,2.0E-7,2.5E-7,M2,2.559E-5,1.72E-6,4.25E-6,2.0E-7,M2,2.559E-5,1.32E-6,2.0E-7,6.0E-7,M2,1.374E-5,8.91E-6,7.2E-7,3.2E-7,M2,1.414E-5,2.14E-6,7.2E-7,3.2E-7,M2,1.454E-5,7.43E-6,2.0E-7,6.0E-7,M2,1.454E-5,7.83E-6,1.06E-6,2.0E-7,M2,1.454E-5,7.77E-6,1.12E-6,3.2E-7,M2,1.534E-5,7.77E-6,3.2E-7,1.12E-6,M2,1.534E-5,1.2015000000000001E-5,7.2E-7,3.2E-7,M2,9.100000000000001E-6,1.2775E-5,2.0E-7,6.0E-7,M2,9.100000000000001E-6,1.031E-5,2.0E-7,2.665E-6,M2,9.100000000000001E-6,1.031E-5,2.0E-7,1.0E-6,M2,9.100000000000001E-6,1.031E-5,1.0E-6,2.0E-7,M2,2.584E-5,1.5735E-5,3.2E-7,7.2E-7,M2,2.288E-5,1.374E-5,3.2E-7,7.2E-7,M2,2.041E-5,2.2E-6,6.0E-7,2.0E-7,M2,2.041E-5,2.2E-6,2.0E-7,1.5800000000000001E-6,M2,7.690000000000001E-6,3.58E-6,1.292E-5,2.0E-7,M2,7.2900000000000005E-6,3.58E-6,6.0E-7,2.0E-7,M2,2.891E-5,4.0E-8,6.0E-7,2.0E-7,M2,8.91E-6,4.0E-8,2.02E-5,2.0E-7,M2,8.51E-6,4.0E-8,6.0E-7,2.0E-7,M2,2.3160000000000002E-5,2.14E-6,7.2E-7,3.2E-7,M2,2.356E-5,8.91E-6,7.2E-7,3.2E-7,M2,2.1985E-5,1.2075E-5,6.0E-7,2.0E-7,M2,2.2185000000000002E-5,1.2075E-5,3.315E-6,2.0E-7,M2,2.5300000000000002E-5,1.2075E-5,6.0E-7,2.0E-7,M3,1.097E-5,4.56E-6,3.2E-7,7.2E-7,M3,8.15E-6,4.66E-6,3.2E-7,7.2E-7,M3,2.955E-5,4.66E-6,3.2E-7,7.2E-7,M3,2.673E-5,4.56E-6,3.2E-7,7.2E-7,M3,2.0E-7,9.255E-6,2.0E-7,6.0E-7,M3,2.0E-7,9.655E-6,2.0E-7,3.76E-6,M3,2.0E-7,1.3215E-5,4.6E-7,2.0E-7,M3,4.6E-7,1.3215E-5,2.0E-7,6.0E-7,M3,3.736E-5,1.3215E-5,2.0E-7,6.0E-7,M3,3.736E-5,1.3215E-5,4.6E-7,2.0E-7,M3,3.762E-5,9.655E-6,2.0E-7,3.76E-6,M3,3.762E-5,9.255E-6,2.0E-7,6.0E-7,M3,1.488E-5,1.38E-5,2.0E-7,6.0E-7,M3,1.1920000000000001E-5,1.42E-5,3.1600000000000002E-6,2.0E-7,M3,1.1920000000000001E-5,1.42E-5,2.0E-7,2.195E-6,M3,1.1920000000000001E-5,1.5795E-5,2.0E-7,6.0E-7,M3,1.701E-5,2.2E-6,6.0E-7,2.0E-7,M3,1.741E-5,2.2E-6,2.0E-7,1.5800000000000001E-6,M3,1.741E-5,3.58E-6,1.292E-5,2.0E-7,M3,3.013E-5,3.58E-6,6.0E-7,2.0E-7,M3,1.374E-5,8.91E-6,7.2E-7,3.2E-7,M3,1.414E-5,2.14E-6,7.2E-7,3.2E-7,M3,1.46E-5,7.83E-6,1.0E-6,2.0E-7,M3,1.54E-5,7.83E-6,2.0E-7,1.0E-6,M3,1.54E-5,7.83E-6,2.0E-7,4.445E-6,M3,1.54E-5,1.2075E-5,6.0E-7,2.0E-7,M3,2.59E-5,1.5795E-5,2.0E-7,6.0E-7,M3,2.59E-5,1.42E-5,2.0E-7,2.195E-6,M3,2.294E-5,1.42E-5,3.1600000000000002E-6,2.0E-7,M3,2.294E-5,1.38E-5,2.0E-7,6.0E-7,M3,2.3160000000000002E-5,2.14E-6,7.2E-7,3.2E-7,M3,2.356E-5,8.91E-6,7.2E-7,3.2E-7,M4,1.103E-5,4.62E-6,2.0E-7,6.0E-7,M4,1.103E-5,4.62E-6,2.0E-7,3.0E-7,M4,8.210000000000001E-6,4.72E-6,3.02E-6,2.0E-7,M4,8.210000000000001E-6,4.72E-6,2.0E-7,6.0E-7,M4,2.961E-5,4.72E-6,2.0E-7,6.0E-7,M4,2.961E-5,4.62E-6,2.0E-7,3.0E-7,M4,2.679E-5,4.62E-6,3.02E-6,2.0E-7,M4,2.679E-5,4.62E-6,2.0E-7,6.0E-7,M4,1.38E-5,8.97E-6,6.0E-7,2.0E-7,M4,1.42E-5,2.2E-6,2.0E-7,6.97E-6,M4,1.42E-5,2.2E-6,4.0E-7,2.0E-7,M4,1.42E-5,2.2E-6,6.0E-7,2.0E-7,M4,2.3160000000000002E-5,2.14E-6,7.2E-7,3.2E-7,M4,2.336E-5,8.91E-6,1.12E-6,3.2E-7,M4,2.336E-5,8.11E-6,3.2E-7,1.12E-6,M4,2.342E-5,8.97E-6,4.0E-7,2.0E-7,M4,2.362E-5,8.97E-6,6.0E-7,2.0E-7,M5,2.322E-5,2.2E-6,6.0E-7,2.0E-7,M5,2.342E-5,2.2E-6,2.0E-7,6.97E-6,M5,2.342E-5,8.97E-6,1.0E-6,2.0E-7,M5,2.342E-5,8.17E-6,2.0E-7,1.0E-6,
M1,3.2900000000000003E-6,1.405E-6,2.4000000000000003E-7,6.4E-7,M1,3.32E-6,1.8195E-5,2.4000000000000003E-7,6.4E-7,M1,2.3520000000000002E-5,1.9585E-5,2.4000000000000003E-7,6.4E-7,M1,2.184E-5,1.2395E-5,2.4000000000000003E-7,6.4E-7,M1,1.827E-5,8.210000000000001E-6,2.4000000000000003E-7,6.4E-7,M1,1.9505E-5,1.103E-5,6.4E-7,2.4000000000000003E-7,M1,1.024E-5,4.225E-6,6.4E-7,2.4000000000000003E-7,M1,1.861E-5,3.59E-6,6.4E-7,2.4000000000000003E-7,M1,1.116E-5,5.365E-6,2.4000000000000003E-7,6.4E-7,M1,1.003E-5,5.65E-7,6.4E-7,2.4000000000000003E-7,M1,8.88E-6,6.05E-7,1.55E-6,1.6E-7,M1,7.75E-6,6.05E-7,1.29E-6,1.6E-7,M1,1.12E-5,4.77E-6,1.9200000000000003E-6,1.6E-7,M1,1.12E-5,4.77E-6,1.6E-7,7.95E-7,M1,2.611E-5,2.0E-8,6.4E-7,2.4000000000000003E-7,M1,2.11E-5,3.59E-6,6.4E-7,2.4000000000000003E-7,M1,2.378E-5,5.365E-6,2.4000000000000003E-7,6.4E-7,M1,2.451E-5,5.65E-7,6.4E-7,2.4000000000000003E-7,M1,2.4750000000000002E-5,6.05E-7,1.55E-6,1.6E-7,M1,2.614E-5,6.05E-7,1.29E-6,1.6E-7,M1,4.4E-7,1.8635E-5,2.4000000000000003E-7,6.4E-7,M1,1.8E-7,1.4675000000000001E-5,2.4000000000000003E-7,6.4E-7,M1,2.869E-5,1.365E-6,2.4000000000000003E-7,6.4E-7,M1,3.26E-5,1.8450000000000001E-6,2.4000000000000003E-7,6.4E-7,M1,2.99E-6,2.9850000000000002E-6,2.92E-5,1.6E-7,M1,1.5035000000000001E-5,1.103E-5,6.4E-7,2.4000000000000003E-7,M1,1.667E-5,8.210000000000001E-6,2.4000000000000003E-7,6.4E-7,M1,1.432E-5,1.107E-5,2.05E-7,1.6E-7,M1,1.432E-5,1.107E-5,1.6E-7,7.2E-7,M1,3.476E-5,1.4675000000000001E-5,2.4000000000000003E-7,6.4E-7,M1,3.45E-5,1.8635E-5,2.4000000000000003E-7,6.4E-7,M1,2.43E-5,4.225E-6,6.4E-7,2.4000000000000003E-7,M1,1.593E-5,3.59E-6,6.4E-7,2.4000000000000003E-7,M1,2.206E-5,4.77E-6,1.9200000000000003E-6,1.6E-7,M1,2.382E-5,4.77E-6,1.6E-7,7.95E-7,M1,2.34E-6,1.8450000000000001E-6,2.4000000000000003E-7,6.4E-7,M1,6.25E-6,1.365E-6,2.4000000000000003E-7,6.4E-7,M1,2.0655E-5,1.163E-5,2.05E-7,1.6E-7,M1,2.0655E-5,1.107E-5,1.6E-7,7.2E-7,M1,1.372E-5,1.3355E-5,6.4E-7,2.4000000000000003E-7,M1,1.338E-5,1.7495E-5,6.4E-7,2.4000000000000003E-7,M1,9.49E-6,1.805E-6,1.62E-5,1.6E-7,M1,2.12E-5,1.3395E-5,1.6E-7,4.3E-6,M1,2.12E-5,1.3395E-5,2.2E-7,1.6E-7,M1,1.142E-5,1.9585E-5,2.4000000000000003E-7,6.4E-7,M1,1.31E-5,1.2395E-5,2.4000000000000003E-7,6.4E-7,M1,1.522E-5,1.2835E-5,4.74E-6,1.6E-7,M1,3.1650000000000004E-5,1.405E-6,2.4000000000000003E-7,6.4E-7,M1,3.162E-5,1.8195E-5,2.4000000000000003E-7,6.4E-7,M1,1.344E-5,3.59E-6,6.4E-7,2.4000000000000003E-7,M1,8.43E-6,2.0E-8,6.4E-7,2.4000000000000003E-7,M2,3.31E-6,1.4250000000000001E-6,2.0E-7,6.0E-7,M2,3.31E-6,1.825E-6,2.3E-7,2.0E-7,M2,3.34E-6,1.825E-6,2.0E-7,1.659E-5,M2,3.34E-6,1.8215E-5,2.0E-7,6.0E-7,M2,2.354E-5,1.9605E-5,2.0E-7,6.0E-7,M2,2.354E-5,1.2815E-5,2.0E-7,7.39E-6,M2,2.186E-5,1.2815E-5,1.88E-6,2.0E-7,M2,2.186E-5,1.2415E-5,2.0E-7,6.0E-7,M2,1.829E-5,8.23E-6,2.0E-7,6.0E-7,M2,1.829E-5,8.63E-6,2.0E-7,2.62E-6,M2,1.829E-5,1.1050000000000001E-5,1.635E-6,2.0E-7,M2,1.9525E-5,1.1050000000000001E-5,6.0E-7,2.0E-7,M2,1.02E-5,4.185E-6,7.2E-7,3.2E-7,M2,1.857E-5,3.55E-6,7.2E-7,3.2E-7,M2,1.112E-5,5.325E-6,3.2E-7,7.2E-7,M2,9.990000000000001E-6,5.250000000000001E-7,7.2E-7,3.2E-7,M2,2.607E-5,-2.0E-8,7.2E-7,3.2E-7,M2,2.106E-5,3.55E-6,7.2E-7,3.2E-7,M2,2.374E-5,5.325E-6,3.2E-7,7.2E-7,M2,2.447E-5,5.250000000000001E-7,7.2E-7,3.2E-7,M2,4.0E-7,1.8595E-5,3.2E-7,7.2E-7,M2,1.4E-7,1.4635E-5,3.2E-7,7.2E-7,M2,2.8650000000000002E-5,1.325E-6,3.2E-7,7.2E-7,M2,3.256E-5,1.805E-6,3.2E-7,7.2E-7,M2,1.5055E-5,1.1050000000000001E-5,6.0E-7,2.0E-7,M2,1.5255E-5,8.63E-6,2.0E-7,2.62E-6,M2,1.5255E-5,8.63E-6,1.635E-6,2.0E-7,M2,1.669E-5,8.23E-6,2.0E-7,6.0E-7,M2,3.472E-5,1.4635E-5,3.2E-7,7.2E-7,M2,3.446E-5,1.8595E-5,3.2E-7,7.2E-7,M2,2.426E-5,4.185E-6,7.2E-7,3.2E-7,M2,1.5890000000000002E-5,3.55E-6,7.2E-7,3.2E-7,M2,2.3E-6,1.805E-6,3.2E-7,7.2E-7,M2,6.21E-6,1.325E-6,3.2E-7,7.2E-7,M2,1.374E-5,1.3375E-5,6.0E-7,2.0E-7,M2,1.374E-5,1.3375E-5,2.6E-7,2.0E-7,M2,1.38E-5,1.3375E-5,2.0E-7,4.34E-6,M2,1.34E-5,1.7515E-5,6.0E-7,2.0E-7,M2,1.144E-5,1.9605E-5,2.0E-7,6.0E-7,M2,1.144E-5,1.2815E-5,2.0E-7,7.39E-6,M2,1.144E-5,1.2815E-5,1.88E-6,2.0E-7,M2,1.312E-5,1.2415E-5,2.0E-7,6.0E-7,M2,3.167E-5,1.4250000000000001E-6,2.0E-7,6.0E-7,M2,3.164E-5,1.825E-6,2.3E-7,2.0E-7,M2,3.164E-5,1.825E-6,2.0E-7,1.659E-5,M2,3.164E-5,1.8215E-5,2.0E-7,6.0E-7,M2,1.34E-5,3.55E-6,7.2E-7,3.2E-7,M2,8.390000000000001E-6,-2.0E-8,7.2E-7,3.2E-7,M3,1.02E-5,4.185E-6,7.2E-7,3.2E-7,M3,1.857E-5,3.55E-6,7.2E-7,3.2E-7,M3,1.118E-5,5.385E-6,2.0E-7,6.0E-7,M3,1.118E-5,5.85E-7,2.0E-7,5.0E-6,M3,1.025E-5,5.85E-7,1.13E-6,2.0E-7,M3,1.005E-5,5.85E-7,6.0E-7,2.0E-7,M3,2.607E-5,-2.0E-8,7.2E-7,3.2E-7,M3,2.106E-5,3.55E-6,7.2E-7,3.2E-7,M3,2.38E-5,5.385E-6,2.0E-7,6.0E-7,M3,2.38E-5,5.85E-7,2.0E-7,5.0E-6,M3,2.38E-5,5.85E-7,1.13E-6,2.0E-7,M3,2.453E-5,5.85E-7,6.0E-7,2.0E-7,M3,4.6E-7,1.8655E-5,2.0E-7,6.0E-7,M3,2.0E-7,1.8655E-5,4.6E-7,2.0E-7,M3,2.0E-7,1.5095E-5,2.0E-7,3.76E-6,M3,2.0E-7,1.4695E-5,2.0E-7,6.0E-7,M3,2.871E-5,1.385E-6,2.0E-7,6.0E-7,M3,2.871E-5,1.785E-6,4.1100000000000005E-6,2.0E-7,M3,3.262E-5,1.785E-6,2.0E-7,6.800000000000001E-7,M3,3.262E-5,1.8650000000000001E-6,2.0E-7,6.0E-7,M3,3.478E-5,1.4695E-5,2.0E-7,6.0E-7,M3,3.478E-5,1.5095E-5,2.0E-7,3.76E-6,M3,3.452E-5,1.8655E-5,4.6E-7,2.0E-7,M3,3.452E-5,1.8655E-5,2.0E-7,6.0E-7,M3,2.426E-5,4.185E-6,7.2E-7,3.2E-7,M3,1.5890000000000002E-5,3.55E-6,7.2E-7,3.2E-7,M3,2.36E-6,1.8650000000000001E-6,2.0E-7,6.0E-7,M3,2.36E-6,1.785E-6,2.0E-7,6.800000000000001E-7,M3,2.36E-6,1.785E-6,4.1100000000000005E-6,2.0E-7,M3,6.27E-6,1.385E-6,2.0E-7,6.0E-7,M3,1.34E-5,3.55E-6,7.2E-7,3.2E-7,M3,8.390000000000001E-6,-2.0E-8,7.2E-7,3.2E-7,M4,1.02E-5,4.185E-6,7.2E-7,3.2E-7,M4,1.857E-5,3.55E-6,7.2E-7,3.2E-7,M4,2.6130000000000002E-5,4.0E-8,6.0E-7,2.0E-7,M4,2.6130000000000002E-5,4.0E-8,2.0E-7,3.77E-6,M4,2.152E-5,3.61E-6,4.81E-6,2.0E-7,M4,2.112E-5,3.61E-6,6.0E-7,2.0E-7,M4,2.426E-5,4.185E-6,7.2E-7,3.2E-7,M4,1.5890000000000002E-5,3.55E-6,7.2E-7,3.2E-7,M4,1.346E-5,3.61E-6,6.0E-7,2.0E-7,M4,8.85E-6,3.61E-6,4.81E-6,2.0E-7,M4,8.79E-6,3.55E-6,1.12E-6,3.2E-7,M4,8.79E-6,2.75E-6,3.2E-7,1.12E-6,M4,8.390000000000001E-6,-2.0E-8,7.2E-7,3.2E-7,M5,1.026E-5,4.245E-6,6.0E-7,2.0E-7,M5,1.066E-5,4.245E-6,8.17E-6,2.0E-7,M5,1.863E-5,3.61E-6,2.0E-7,8.35E-7,M5,1.863E-5,3.61E-6,6.0E-7,2.0E-7,M5,2.426E-5,4.185E-6,7.2E-7,3.2E-7,M5,1.5890000000000002E-5,3.55E-6,7.2E-7,3.2E-7,M5,8.85E-6,3.61E-6,1.0E-6,2.0E-7,M5,8.85E-6,2.81E-6,2.0E-7,1.0E-6,M5,8.85E-6,4.0E-8,2.0E-7,3.77E-6,M5,8.45E-6,4.0E-8,6.0E-7,2.0E-7,M6,2.432E-5,4.245E-6,6.0E-7,2.0E-7,M6,1.635E-5,4.245E-6,8.17E-6,2.0E-7,M6,1.635E-5,3.61E-6,2.0E-7,8.35E-7,M6,1.595E-5,3.61E-6,6.0E-7,2.0E-7,
M1,2.9180000000000002E-5,1.805E-6,1.6E-7,2.3E-7,M1,2.9180000000000002E-5,1.875E-6,4.78E-6,1.6E-7,M1,1.8E-7,1.312E-5,2.4000000000000003E-7,6.4E-7,M1,4.4E-7,1.708E-5,2.4000000000000003E-7,6.4E-7,M1,3.257E-5,2.0E-8,6.4E-7,2.4000000000000003E-7,M1,4.27E-6,2.0E-8,6.4E-7,2.4000000000000003E-7,M1,1.1920000000000001E-5,1.805E-6,1.416E-5,1.6E-7,M1,1.3860000000000001E-5,4.77E-6,1.6E-7,2.95E-7,M1,1.2100000000000001E-5,4.9050000000000005E-6,1.9200000000000003E-6,1.6E-7,M1,3.732E-5,1.708E-5,2.4000000000000003E-7,6.4E-7,M1,3.758E-5,1.312E-5,2.4000000000000003E-7,6.4E-7,M1,2.57E-5,4.865E-6,2.4000000000000003E-7,6.4E-7,M1,2.765E-5,5.65E-7,2.4000000000000003E-7,6.4E-7,M1,2.284E-5,1.598E-5,3.14E-6,1.6E-7,M1,2.169E-5,1.594E-5,6.4E-7,2.4000000000000003E-7,M1,1.968E-5,1.044E-5,2.4000000000000003E-7,6.4E-7,M1,2.346E-5,1.7860000000000002E-5,1.6E-7,1.23E-6,M1,2.346E-5,1.893E-5,3.08E-6,1.6E-7,M1,1.556E-5,1.598E-5,1.6E-7,8.4E-7,M1,1.556E-5,1.598E-5,2.05E-7,1.6E-7,M1,1.114E-5,1.466E-5,6.4E-7,2.4000000000000003E-7,M1,1.9090000000000002E-5,1.198E-5,2.4000000000000003E-7,1.04E-6,M1,1.9090000000000002E-5,1.198E-5,1.04E-6,2.4000000000000003E-7,M1,1.913E-5,1.202E-5,1.09E-6,1.6E-7,M1,2.398E-5,4.77E-6,1.6E-7,2.95E-7,M1,2.398E-5,4.9050000000000005E-6,1.9200000000000003E-6,1.6E-7,M1,1.438E-5,1.7860000000000002E-5,1.6E-7,1.23E-6,M1,1.146E-5,1.893E-5,3.08E-6,1.6E-7,M1,8.66E-6,1.805E-6,1.6E-7,2.3E-7,M1,4.04E-6,1.875E-6,4.78E-6,1.6E-7,M1,1.202E-5,1.598E-5,3.14E-6,1.6E-7,M1,1.011E-5,5.65E-7,2.4000000000000003E-7,6.4E-7,M1,1.206E-5,4.865E-6,2.4000000000000003E-7,6.4E-7,M1,2.2235E-5,1.598E-5,1.6E-7,8.4E-7,M1,2.2235E-5,1.666E-5,2.05E-7,1.6E-7,M1,2.65E-5,2.31E-6,6.4E-7,2.4000000000000003E-7,M1,2.342E-5,2.31E-6,2.4000000000000003E-7,1.04E-6,M1,2.342E-5,2.31E-6,1.04E-6,2.4000000000000003E-7,M1,2.346E-5,2.35E-6,1.6E-7,1.44E-6,M1,1.646E-5,1.7860000000000002E-5,5.0800000000000005E-6,1.6E-7,M1,1.808E-5,1.044E-5,2.4000000000000003E-7,6.4E-7,M1,1.567E-5,1.594E-5,6.4E-7,2.4000000000000003E-7,M1,1.438E-5,2.35E-6,1.6E-7,1.44E-6,M1,1.354E-5,2.31E-6,1.04E-6,2.4000000000000003E-7,M1,1.434E-5,2.31E-6,2.4000000000000003E-7,1.04E-6,M1,1.0860000000000001E-5,2.31E-6,6.4E-7,2.4000000000000003E-7,M1,3.213E-5,9.95E-7,2.4000000000000003E-7,6.4E-7,M1,3.264E-5,1.664E-5,2.4000000000000003E-7,6.4E-7,M1,1.734E-5,1.198E-5,6.4E-7,2.4000000000000003E-7,M1,2.622E-5,1.466E-5,6.4E-7,2.4000000000000003E-7,M1,5.12E-6,1.664E-5,2.4000000000000003E-7,6.4E-7,M1,5.63E-6,9.95E-7,2.4000000000000003E-7,6.4E-7,M2,1.4E-7,1.308E-5,3.2E-7,7.2E-7,M2,4.0E-7,1.704E-5,3.2E-7,7.2E-7,M2,3.259E-5,4.0E-8,6.0E-7,2.0E-7,M2,4.49E-6,4.0E-8,2.83E-5,2.0E-7,M2,4.2900000000000004E-6,4.0E-8,6.0E-7,2.0E-7,M2,3.728E-5,1.704E-5,3.2E-7,7.2E-7,M2,3.754E-5,1.308E-5,3.2E-7,7.2E-7,M2,2.566E-5,4.825E-6,3.2E-7,7.2E-7,M2,2.761E-5,5.250000000000001E-7,3.2E-7,7.2E-7,M2,2.165E-5,1.59E-5,7.2E-7,3.2E-7,M2,1.9640000000000002E-5,1.04E-5,3.2E-7,7.2E-7,M2,1.11E-5,1.462E-5,7.2E-7,3.2E-7,M2,1.905E-5,1.1940000000000001E-5,3.2E-7,1.12E-6,M2,1.905E-5,1.1940000000000001E-5,1.12E-6,3.2E-7,M2,1.007E-5,5.250000000000001E-7,3.2E-7,7.2E-7,M2,1.202E-5,4.825E-6,3.2E-7,7.2E-7,M2,2.652E-5,2.33E-6,6.0E-7,2.0E-7,M2,2.344E-5,2.33E-6,3.28E-6,2.0E-7,M2,2.344E-5,2.33E-6,2.0E-7,1.0E-6,M2,2.344E-5,2.33E-6,1.0E-6,2.0E-7,M2,1.804E-5,1.04E-5,3.2E-7,7.2E-7,M2,1.563E-5,1.59E-5,7.2E-7,3.2E-7,M2,1.356E-5,2.33E-6,1.0E-6,2.0E-7,M2,1.436E-5,2.33E-6,2.0E-7,1.0E-6,M2,1.128E-5,2.33E-6,3.28E-6,2.0E-7,M2,1.0880000000000001E-5,2.33E-6,6.0E-7,2.0E-7,M2,3.215E-5,1.015E-6,2.0E-7,6.0E-7,M2,3.215E-5,1.415E-6,7.1E-7,2.0E-7,M2,3.18E-5,1.355E-6,1.12E-6,3.2E-7,M2,3.26E-5,1.355E-6,3.2E-7,1.12E-6,M2,3.26E-5,1.66E-5,3.2E-7,7.2E-7,M2,1.73E-5,1.1940000000000001E-5,7.2E-7,3.2E-7,M2,1.77E-5,1.462E-5,1.12E-6,3.2E-7,M2,1.77E-5,1.382E-5,3.2E-7,1.12E-6,M2,1.776E-5,1.468E-5,8.68E-6,2.0E-7,M2,2.624E-5,1.468E-5,6.0E-7,2.0E-7,M2,5.0800000000000005E-6,1.66E-5,3.2E-7,7.2E-7,M2,5.0800000000000005E-6,1.355E-6,3.2E-7,1.12E-6,M2,5.0800000000000005E-6,1.355E-6,1.12E-6,3.2E-7,M2,5.14E-6,1.415E-6,7.1E-7,2.0E-7,M2,5.65E-6,1.015E-6,2.0E-7,6.0E-7,M3,2.0E-7,1.314E-5,2.0E-7,6.0E-7,M3,2.0E-7,1.354E-5,2.0E-7,3.76E-6,M3,2.0E-7,1.71E-5,4.6E-7,2.0E-7,M3,4.6E-7,1.71E-5,2.0E-7,6.0E-7,M3,3.734E-5,1.71E-5,2.0E-7,6.0E-7,M3,3.734E-5,1.354E-5,2.0E-7,3.76E-6,M3,3.734E-5,1.354E-5,4.6E-7,2.0E-7,M3,3.76E-5,1.314E-5,2.0E-7,6.0E-7,M3,2.572E-5,4.885E-6,2.0E-7,6.0E-7,M3,2.572E-5,5.85E-7,2.0E-7,4.5E-6,M3,2.572E-5,5.85E-7,2.15E-6,2.0E-7,M3,2.767E-5,5.85E-7,2.0E-7,6.0E-7,M3,2.171E-5,1.596E-5,6.0E-7,2.0E-7,M3,2.1910000000000002E-5,1.0860000000000001E-5,2.0E-7,5.3E-6,M3,2.105E-5,1.08E-5,1.12E-6,3.2E-7,M3,2.185E-5,1.08E-5,3.2E-7,1.12E-6,M3,1.9640000000000002E-5,1.04E-5,3.2E-7,7.2E-7,M3,1.11E-5,1.462E-5,7.2E-7,3.2E-7,M3,1.905E-5,1.1940000000000001E-5,3.2E-7,1.12E-6,M3,1.905E-5,1.1940000000000001E-5,1.12E-6,3.2E-7,M3,1.013E-5,5.85E-7,2.0E-7,6.0E-7,M3,1.013E-5,5.85E-7,2.0E-7,4.5E-6,M3,1.013E-5,4.885E-6,2.15E-6,2.0E-7,M3,1.208E-5,4.885E-6,2.0E-7,6.0E-7,M3,1.804E-5,1.04E-5,3.2E-7,7.2E-7,M3,1.563E-5,1.59E-5,7.2E-7,3.2E-7,M3,3.18E-5,1.355E-6,1.12E-6,3.2E-7,M3,3.26E-5,1.355E-6,3.2E-7,1.12E-6,M3,3.26E-5,1.66E-5,3.2E-7,7.2E-7,M3,1.736E-5,1.2E-5,6.0E-7,2.0E-7,M3,1.776E-5,1.2E-5,2.0E-7,2.88E-6,M3,1.776E-5,1.468E-5,1.0E-6,2.0E-7,M3,1.776E-5,1.3880000000000001E-5,2.0E-7,1.0E-6,M3,5.0800000000000005E-6,1.66E-5,3.2E-7,7.2E-7,M3,5.0800000000000005E-6,1.355E-6,3.2E-7,1.12E-6,M3,5.0800000000000005E-6,1.355E-6,1.12E-6,3.2E-7,M4,2.111E-5,1.0860000000000001E-5,1.0E-6,2.0E-7,M4,2.1910000000000002E-5,1.0860000000000001E-5,2.0E-7,1.0E-6,M4,1.97E-5,1.0860000000000001E-5,2.4100000000000002E-6,2.0E-7,M4,1.97E-5,1.046E-5,2.0E-7,6.0E-7,M4,1.11E-5,1.462E-5,7.2E-7,3.2E-7,M4,1.905E-5,1.382E-5,3.2E-7,1.12E-6,M4,1.825E-5,1.462E-5,1.12E-6,3.2E-7,M4,1.911E-5,1.2E-5,2.0E-7,2.88E-6,M4,1.911E-5,1.2E-5,2.0E-7,1.0E-6,M4,1.911E-5,1.2E-5,1.0E-6,2.0E-7,M4,1.81E-5,1.046E-5,2.0E-7,6.0E-7,M4,1.5890000000000002E-5,1.0860000000000001E-5,2.4100000000000002E-6,2.0E-7,M4,1.5890000000000002E-5,1.0860000000000001E-5,2.0E-7,5.3E-6,M4,1.569E-5,1.596E-5,6.0E-7,2.0E-7,M4,3.186E-5,1.415E-6,1.0E-6,2.0E-7,M4,3.266E-5,1.415E-6,2.0E-7,1.0E-6,M4,3.266E-5,1.415E-6,2.0E-7,1.5445E-5,M4,3.266E-5,1.666E-5,2.0E-7,6.0E-7,M4,5.14E-6,1.666E-5,2.0E-7,6.0E-7,M4,5.14E-6,1.415E-6,2.0E-7,1.5445E-5,M4,5.14E-6,1.415E-6,2.0E-7,1.0E-6,M4,5.14E-6,1.415E-6,1.0E-6,2.0E-7,M5,1.116E-5,1.468E-5,6.0E-7,2.0E-7,M5,1.156E-5,1.468E-5,7.75E-6,2.0E-7,M5,1.911E-5,1.3880000000000001E-5,2.0E-7,1.0E-6,M5,1.831E-5,1.468E-5,1.0E-6,2.0E-7,
M1,1.674E-5,9.7E-6,2.4000000000000003E-7,6.4E-7,M1,1.861E-5,1.252E-5,6.4E-7,2.4000000000000003E-7,M1,2.0195E-5,1.5185000000000001E-5,1.6E-7,4.835E-6,M1,2.007E-5,1.5185000000000001E-5,2.85E-7,1.6E-7,M1,1.967E-5,1.322E-5,2.4000000000000003E-7,6.4E-7,M1,1.9665E-5,1.322E-5,1.04E-6,2.4000000000000003E-7,M1,1.9665E-5,1.242E-5,2.4000000000000003E-7,1.04E-6,M1,1.9705000000000002E-5,1.256E-5,1.6E-7,8.6E-7,M1,1.9600000000000002E-5,1.256E-5,2.65E-7,1.6E-7,M1,2.301E-5,1.8540000000000002E-5,6.4E-7,2.4000000000000003E-7,M1,1.4075E-5,1.124E-5,6.4E-7,2.4000000000000003E-7,M1,1.244E-5,1.0E-6,2.4000000000000003E-7,6.4E-7,M1,1.115E-5,4.72E-6,2.4000000000000003E-7,6.4E-7,M1,2.077E-5,4.76E-6,1.9200000000000003E-6,1.6E-7,M1,1.866E-5,3.62E-6,1.85E-7,1.6E-7,M1,1.866E-5,2.14E-6,1.6E-7,1.64E-6,M1,2.62E-6,5.6E-7,2.4000000000000003E-7,6.4E-7,M1,2.465E-6,2.052E-5,6.4E-7,2.4000000000000003E-7,M1,2.705E-6,2.056E-5,6.65E-7,1.6E-7,M1,3.1440000000000004E-5,2.096E-5,2.4000000000000003E-7,6.4E-7,M1,3.17E-5,1.7E-5,2.4000000000000003E-7,6.4E-7,M1,1.4060000000000001E-5,1.44E-6,4.0E-6,1.6E-7,M1,4.4E-7,2.096E-5,2.4000000000000003E-7,6.4E-7,M1,1.8E-7,1.7E-5,2.4000000000000003E-7,6.4E-7,M1,9.43E-6,4.76E-6,1.9200000000000003E-6,1.6E-7,M1,1.306E-5,2.1000000000000002E-6,6.4E-7,2.4000000000000003E-7,M1,1.3035E-5,3.58E-6,6.4E-7,2.4000000000000003E-7,M1,1.044E-5,2.34E-6,7.85E-7,1.6E-7,M1,1.0825E-5,2.3E-6,6.4E-7,2.4000000000000003E-7,M1,2.148E-5,2.3E-6,6.4E-7,2.4000000000000003E-7,M1,1.287E-5,1.252E-5,6.4E-7,2.4000000000000003E-7,M1,1.514E-5,9.7E-6,2.4000000000000003E-7,6.4E-7,M1,1.2120000000000001E-5,1.252E-5,6.4E-7,2.4000000000000003E-7,M1,1.2315E-5,1.252E-5,2.4000000000000003E-7,1.04E-6,M1,1.2315E-5,1.252E-5,1.04E-6,2.4000000000000003E-7,M1,1.2355E-5,1.256E-5,1.6E-7,8.6E-7,M1,1.225E-5,1.326E-5,2.65E-7,1.6E-7,M1,1.1885E-5,1.252E-5,6.4E-7,2.4000000000000003E-7,M1,1.1525E-5,1.982E-5,6.4E-7,2.4000000000000003E-7,M1,2.302E-5,1.3600000000000001E-6,2.4000000000000003E-7,6.4E-7,M1,1.7860000000000002E-5,1.0E-6,2.4000000000000003E-7,6.4E-7,M1,1.402E-5,1.0E-6,2.4000000000000003E-7,6.4E-7,M1,8.86E-6,1.3600000000000001E-6,2.4000000000000003E-7,6.4E-7,M1,8.47E-6,1.8540000000000002E-5,6.4E-7,2.4000000000000003E-7,M1,1.7405E-5,1.124E-5,6.4E-7,2.4000000000000003E-7,M1,2.073E-5,4.92E-6,2.4000000000000003E-7,6.4E-7,M1,1.944E-5,8.0E-7,2.4000000000000003E-7,6.4E-7,M1,1.295E-5,1.4485000000000001E-5,6.22E-6,1.6E-7,M1,1.444E-5,2.1E-5,3.24E-6,1.6E-7,M1,2.786E-5,2.2290000000000002E-5,2.4000000000000003E-7,6.4E-7,M1,2.055E-5,1.4045E-5,2.4000000000000003E-7,6.4E-7,M1,2.871E-5,2.052E-5,2.4000000000000003E-7,6.4E-7,M1,2.926E-5,5.6E-7,2.4000000000000003E-7,6.4E-7,M2,1.67E-5,9.66E-6,3.2E-7,7.2E-7,M2,1.857E-5,1.248E-5,7.2E-7,3.2E-7,M2,1.963E-5,1.3180000000000001E-5,3.2E-7,7.2E-7,M2,1.9625E-5,1.3180000000000001E-5,1.12E-6,3.2E-7,M2,1.9625E-5,1.238E-5,3.2E-7,1.12E-6,M2,2.2970000000000002E-5,1.85E-5,7.2E-7,3.2E-7,M2,1.4035E-5,1.12E-5,7.2E-7,3.2E-7,M2,1.2460000000000001E-5,1.02E-6,2.0E-7,6.0E-7,M2,1.2460000000000001E-5,1.42E-6,2.0E-7,3.52E-6,M2,1.117E-5,4.74E-6,1.4900000000000001E-6,2.0E-7,M2,1.117E-5,4.74E-6,2.0E-7,6.0E-7,M2,2.64E-6,5.800000000000001E-7,2.0E-7,6.0E-7,M2,2.64E-6,5.800000000000001E-7,2.0E-7,2.016E-5,M2,2.64E-6,2.054E-5,2.45E-7,2.0E-7,M2,2.485E-6,2.054E-5,6.0E-7,2.0E-7,M2,3.14E-5,2.092E-5,3.2E-7,7.2E-7,M2,3.166E-5,1.696E-5,3.2E-7,7.2E-7,M2,4.0E-7,2.092E-5,3.2E-7,7.2E-7,M2,1.4E-7,1.696E-5,3.2E-7,7.2E-7,M2,1.308E-5,2.12E-6,6.0E-7,2.0E-7,M2,1.328E-5,2.12E-6,2.0E-7,1.68E-6,M2,1.3255000000000001E-5,3.6000000000000003E-6,2.2500000000000002E-7,2.0E-7,M2,1.3055E-5,3.6000000000000003E-6,6.0E-7,2.0E-7,M2,1.0785000000000001E-5,2.26E-6,7.2E-7,3.2E-7,M2,2.144E-5,2.26E-6,7.2E-7,3.2E-7,M2,1.283E-5,1.248E-5,7.2E-7,3.2E-7,M2,1.5100000000000001E-5,9.66E-6,3.2E-7,7.2E-7,M2,1.208E-5,1.248E-5,7.2E-7,3.2E-7,M2,1.2275E-5,1.248E-5,3.2E-7,1.12E-6,M2,1.2275E-5,1.248E-5,1.12E-6,3.2E-7,M2,1.1845000000000001E-5,1.248E-5,7.2E-7,3.2E-7,M2,1.2045E-5,1.898E-5,3.2E-7,1.12E-6,M2,1.1245E-5,1.978E-5,1.12E-6,3.2E-7,M2,1.1745E-5,1.984E-5,5.6E-7,2.0E-7,M2,1.1545E-5,1.984E-5,6.0E-7,2.0E-7,M2,2.298E-5,1.32E-6,3.2E-7,7.2E-7,M2,1.782E-5,9.600000000000001E-7,3.2E-7,7.2E-7,M2,1.398E-5,9.600000000000001E-7,3.2E-7,7.2E-7,M2,8.82E-6,1.32E-6,3.2E-7,7.2E-7,M2,8.43E-6,1.85E-5,7.2E-7,3.2E-7,M2,1.7365E-5,1.12E-5,7.2E-7,3.2E-7,M2,2.069E-5,4.88E-6,3.2E-7,7.2E-7,M2,1.94E-5,7.6E-7,3.2E-7,7.2E-7,M2,2.782E-5,2.2250000000000002E-5,3.2E-7,7.2E-7,M2,2.0510000000000002E-5,1.4005E-5,3.2E-7,7.2E-7,M2,2.867E-5,2.048E-5,3.2E-7,7.2E-7,M2,2.922E-5,5.2E-7,3.2E-7,7.2E-7,M3,1.676E-5,9.72E-6,2.0E-7,6.0E-7,M3,1.676E-5,1.012E-5,2.0E-7,2.62E-6,M3,1.67E-5,1.248E-5,1.12E-6,3.2E-7,M3,1.67E-5,1.168E-5,3.2E-7,1.12E-6,M3,1.857E-5,1.248E-5,7.2E-7,3.2E-7,M3,1.963E-5,1.3180000000000001E-5,3.2E-7,7.2E-7,M3,1.9625E-5,1.3180000000000001E-5,1.12E-6,3.2E-7,M3,1.9625E-5,1.238E-5,3.2E-7,1.12E-6,M3,2.2970000000000002E-5,1.85E-5,7.2E-7,3.2E-7,M3,1.4035E-5,1.12E-5,7.2E-7,3.2E-7,M3,3.146E-5,2.098E-5,2.0E-7,6.0E-7,M3,3.146E-5,1.742E-5,2.0E-7,3.76E-6,M3,3.146E-5,1.742E-5,4.6E-7,2.0E-7,M3,3.172E-5,1.702E-5,2.0E-7,6.0E-7,M3,4.6E-7,2.098E-5,2.0E-7,6.0E-7,M3,4.6E-7,1.742E-5,2.0E-7,3.76E-6,M3,2.0E-7,1.742E-5,4.6E-7,2.0E-7,M3,2.0E-7,1.702E-5,2.0E-7,6.0E-7,M3,1.0845E-5,2.3200000000000002E-6,6.0E-7,2.0E-7,M3,1.1045E-5,2.3200000000000002E-6,1.0655E-5,2.0E-7,M3,2.15E-5,2.3200000000000002E-6,6.0E-7,2.0E-7,M3,1.289E-5,1.254E-5,6.0E-7,2.0E-7,M3,1.329E-5,1.012E-5,2.0E-7,2.62E-6,M3,1.329E-5,1.012E-5,2.07E-6,2.0E-7,M3,1.516E-5,9.72E-6,2.0E-7,6.0E-7,M3,1.208E-5,1.248E-5,7.2E-7,3.2E-7,M3,1.2275E-5,1.248E-5,3.2E-7,1.12E-6,M3,1.2275E-5,1.248E-5,1.12E-6,3.2E-7,M3,1.1905E-5,1.254E-5,6.0E-7,2.0E-7,M3,1.2105E-5,1.254E-5,2.0E-7,7.5E-6,M3,1.2105E-5,1.904E-5,2.0E-7,1.0E-6,M3,1.1305000000000001E-5,1.984E-5,1.0E-6,2.0E-7,M3,2.304E-5,1.3800000000000001E-6,2.0E-7,6.0E-7,M3,1.788E-5,1.7800000000000001E-6,5.36E-6,2.0E-7,M3,1.788E-5,1.42E-6,2.0E-7,5.6E-7,M3,1.788E-5,1.02E-6,2.0E-7,6.0E-7,M3,1.4040000000000001E-5,1.02E-6,2.0E-7,6.0E-7,M3,1.4040000000000001E-5,1.42E-6,2.0E-7,5.6E-7,M3,8.88E-6,1.7800000000000001E-6,5.36E-6,2.0E-7,M3,8.88E-6,1.3800000000000001E-6,2.0E-7,6.0E-7,M3,8.43E-6,1.85E-5,7.2E-7,3.2E-7,M3,1.7365E-5,1.12E-5,7.2E-7,3.2E-7,M3,2.069E-5,4.88E-6,3.2E-7,7.2E-7,M3,1.94E-5,7.6E-7,3.2E-7,7.2E-7,M3,2.788E-5,2.231E-5,2.0E-7,6.0E-7,M3,2.057E-5,2.271E-5,7.51E-6,2.0E-7,M3,2.0510000000000002E-5,2.265E-5,1.12E-6,3.2E-7,M3,2.0510000000000002E-5,2.185E-5,3.2E-7,1.12E-6,M3,2.0510000000000002E-5,1.4005E-5,3.2E-7,7.2E-7,M3,2.873E-5,2.054E-5,2.0E-7,6.0E-7,M3,2.873E-5,2.054E-5,7.5E-7,2.0E-7,M3,2.922E-5,1.968E-5,3.2E-7,1.12E-6,M3,2.842E-5,2.048E-5,1.12E-6,3.2E-7,M3,2.922E-5,5.2E-7,3.2E-7,7.2E-7,M4,1.676E-5,1.254E-5,1.0E-6,2.0E-7,M4,1.676E-5,1.174E-5,2.0E-7,1.0E-6,M4,1.676E-5,1.254E-5,2.07E-6,2.0E-7,M4,1.863E-5,1.254E-5,6.0E-7,2.0E-7,M4,1.969E-5,1.324E-5,2.0E-7,6.0E-7,M4,1.9685E-5,1.324E-5,2.05E-7,2.0E-7,M4,1.9685E-5,1.324E-5,1.0E-6,2.0E-7,M4,1.9685E-5,1.244E-5,2.0E-7,1.0E-6,M4,2.2970000000000002E-5,1.85E-5,7.2E-7,3.2E-7,M4,1.4035E-5,1.12E-5,7.2E-7,3.2E-7,M4,1.214E-5,1.254E-5,6.0E-7,2.0E-7,M4,1.2335E-5,1.254E-5,2.05E-7,2.0E-7,M4,1.2335E-5,1.254E-5,2.0E-7,1.0E-6,M4,1.2335E-5,1.254E-5,1.0E-6,2.0E-7,M4,8.43E-6,1.85E-5,7.2E-7,3.2E-7,M4,1.7365E-5,1.12E-5,7.2E-7,3.2E-7,M4,2.069E-5,4.88E-6,3.2E-7,7.2E-7,M4,1.94E-5,7.6E-7,3.2E-7,7.2E-7,M4,2.057E-5,2.271E-5,1.0E-6,2.0E-7,M4,2.057E-5,2.1910000000000002E-5,2.0E-7,1.0E-6,M4,2.057E-5,1.4465E-5,2.0E-7,8.445E-6,M4,2.057E-5,1.4065E-5,2.0E-7,6.0E-7,M4,2.928E-5,1.974E-5,2.0E-7,1.0E-6,M4,2.8480000000000002E-5,2.054E-5,1.0E-6,2.0E-7,M4,2.928E-5,5.800000000000001E-7,2.0E-7,2.016E-5,M4,2.928E-5,5.800000000000001E-7,2.0E-7,6.0E-7,M5,2.2970000000000002E-5,1.85E-5,7.2E-7,3.2E-7,M5,1.4035E-5,1.12E-5,7.2E-7,3.2E-7,M5,8.49E-6,1.8560000000000002E-5,6.0E-7,2.0E-7,M5,8.89E-6,1.8560000000000002E-5,8.935E-6,2.0E-7,M5,1.7625E-5,1.126E-5,2.0E-7,7.5E-6,M5,1.7425E-5,1.126E-5,6.0E-7,2.0E-7,M5,2.069E-5,4.88E-6,3.2E-7,7.2E-7,M5,1.94E-5,7.6E-7,3.2E-7,7.2E-7,M6,2.303E-5,1.8560000000000002E-5,6.0E-7,2.0E-7,M6,1.4295E-5,1.8560000000000002E-5,8.935E-6,2.0E-7,M6,1.4295E-5,1.126E-5,2.0E-7,7.5E-6,M6,1.4095E-5,1.126E-5,6.0E-7,2.0E-7,M6,2.065E-5,4.6400000000000005E-6,4.0E-7,1.2E-6,M6,1.936E-5,5.2E-7,4.0E-7,1.2E-6,M7,2.065E-5,4.6400000000000005E-6,4.0E-7,1.2E-6,M7,1.936E-5,4.6400000000000005E-6,1.6900000000000001E-6,4.0E-7,M7,1.936E-5,1.32E-6,4.0E-7,3.72E-6,M7,1.936E-5,5.2E-7,4.0E-7,1.2E-6,
M1,2.744E-5,2.0605E-5,2.4000000000000003E-7,6.4E-7,M1,2.693E-5,7.95E-7,2.4000000000000003E-7,6.4E-7,M1,1.178E-5,2.35E-6,1.6E-7,1.575E-6,M1,7.71E-6,2.35E-6,4.23E-6,1.6E-7,M1,2.449E-5,2.31E-6,6.4E-7,2.4000000000000003E-7,M1,2.082E-5,2.31E-6,2.4000000000000003E-7,1.04E-6,M1,2.082E-5,2.31E-6,1.04E-6,2.4000000000000003E-7,M1,2.086E-5,2.35E-6,1.6E-7,1.575E-6,M1,2.1380000000000002E-5,4.9050000000000005E-6,1.9200000000000003E-6,1.6E-7,M1,1.3520000000000001E-5,1.5115E-5,5.76E-6,1.6E-7,M1,1.8E-7,1.7085E-5,2.4000000000000003E-7,6.4E-7,M1,4.4E-7,2.1045E-5,2.4000000000000003E-7,6.4E-7,M1,1.2665E-5,1.3335E-5,1.6E-7,7.4E-7,M1,1.2665E-5,1.3915E-5,1.815E-6,1.6E-7,M1,3.2160000000000004E-5,2.1085E-5,4.2E-7,1.6E-7,M1,3.238E-5,2.0245E-5,2.4000000000000003E-7,1.04E-6,M1,3.158E-5,2.1045E-5,1.04E-6,2.4000000000000003E-7,M1,3.238E-5,1.7085E-5,2.4000000000000003E-7,6.4E-7,M1,1.1920000000000001E-5,1.805E-6,8.96E-6,1.6E-7,M1,1.3805E-5,1.2015000000000001E-5,6.4E-7,2.4000000000000003E-7,M1,2.903E-5,3.725E-6,6.4E-7,2.4000000000000003E-7,M1,1.326E-5,2.2355000000000002E-5,6.28E-6,1.6E-7,M1,1.011E-5,5.65E-7,2.4000000000000003E-7,6.4E-7,M1,9.460000000000001E-6,4.865E-6,2.4000000000000003E-7,6.4E-7,M1,1.2120000000000001E-5,1.3295E-5,6.4E-7,2.4000000000000003E-7,M1,7.17E-6,1.9905E-5,6.4E-7,2.4000000000000003E-7,M1,5.63E-6,9.95E-7,2.4000000000000003E-7,6.4E-7,M1,5.12E-6,2.0605E-5,2.4000000000000003E-7,6.4E-7,M1,1.872E-5,1.3295E-5,6.4E-7,2.4000000000000003E-7,M1,1.708E-5,1.0475E-5,2.4000000000000003E-7,6.4E-7,M1,1.8355E-5,1.2015000000000001E-5,6.4E-7,2.4000000000000003E-7,M1,3.13E-6,3.725E-6,6.4E-7,2.4000000000000003E-7,M1,9.5E-6,4.9050000000000005E-6,1.9200000000000003E-6,1.6E-7,M1,2.31E-5,4.865E-6,2.4000000000000003E-7,6.4E-7,M1,2.245E-5,5.65E-7,2.4000000000000003E-7,6.4E-7,M1,8.62E-6,1.365E-6,2.4000000000000003E-7,6.4E-7,M1,8.62E-6,1.035E-6,2.4000000000000003E-7,1.04E-6,M1,7.82E-6,1.835E-6,1.04E-6,2.4000000000000003E-7,M1,4.81E-6,1.875E-6,4.01E-6,1.6E-7,M1,4.04E-6,1.875E-6,9.3E-7,1.6E-7,M1,2.856E-5,1.435E-6,2.4000000000000003E-7,6.4E-7,M1,2.394E-5,1.365E-6,2.4000000000000003E-7,6.4E-7,M1,2.737E-5,2.0E-8,6.4E-7,2.4000000000000003E-7,M1,4.79E-6,2.0E-8,6.4E-7,2.4000000000000003E-7,M1,1.548E-5,1.0475E-5,2.4000000000000003E-7,6.4E-7,M1,1.344E-5,1.3295E-5,6.4E-7,2.4000000000000003E-7,M1,2.002E-5,1.3335E-5,1.6E-7,7.4E-7,M1,1.967E-5,1.3335E-5,5.1E-7,1.6E-7,M1,2.116E-5,1.4675000000000001E-5,2.4000000000000003E-7,6.4E-7,M1,2.834E-5,2.1915E-5,2.4000000000000003E-7,6.4E-7,M1,1.876E-5,1.9945E-5,2.2E-7,1.6E-7,M1,1.876E-5,1.5695E-5,1.6E-7,4.41E-6,M2,2.7400000000000002E-5,2.0565E-5,3.2E-7,7.2E-7,M2,2.6890000000000002E-5,7.55E-7,3.2E-7,7.2E-7,M2,2.445E-5,2.27E-6,7.2E-7,3.2E-7,M2,2.078E-5,2.27E-6,3.2E-7,1.12E-6,M2,2.078E-5,2.27E-6,1.12E-6,3.2E-7,M2,1.4E-7,1.7045E-5,3.2E-7,7.2E-7,M2,4.0E-7,2.1005E-5,3.2E-7,7.2E-7,M2,3.24E-5,2.0265E-5,2.0E-7,1.0E-6,M2,3.16E-5,2.1065E-5,1.0E-6,2.0E-7,M2,3.24E-5,1.7505E-5,2.0E-7,3.76E-6,M2,3.24E-5,1.7105E-5,2.0E-7,6.0E-7,M2,1.3765E-5,1.1975E-5,7.2E-7,3.2E-7,M2,2.8990000000000002E-5,3.685E-6,7.2E-7,3.2E-7,M2,1.013E-5,5.85E-7,2.0E-7,6.0E-7,M2,1.013E-5,5.85E-7,2.0E-7,4.5E-6,M2,9.48E-6,4.885E-6,8.5E-7,2.0E-7,M2,9.48E-6,4.885E-6,2.0E-7,6.0E-7,M2,1.208E-5,1.3255000000000001E-5,7.2E-7,3.2E-7,M2,7.13E-6,1.9865E-5,7.2E-7,3.2E-7,M2,5.59E-6,9.55E-7,3.2E-7,7.2E-7,M2,5.0800000000000005E-6,2.0565E-5,3.2E-7,7.2E-7,M2,1.874E-5,1.3315E-5,6.0E-7,2.0E-7,M2,1.71E-5,1.3315E-5,1.84E-6,2.0E-7,M2,1.704E-5,1.3255000000000001E-5,1.12E-6,3.2E-7,M2,1.704E-5,1.2455E-5,3.2E-7,1.12E-6,M2,1.704E-5,1.0435000000000001E-5,3.2E-7,7.2E-7,M2,1.8375E-5,1.2035E-5,6.0E-7,2.0E-7,M2,1.8575E-5,3.745E-6,2.0E-7,8.49E-6,M2,1.7715E-5,3.685E-6,1.12E-6,3.2E-7,M2,1.8515E-5,3.685E-6,3.2E-7,1.12E-6,M2,3.09E-6,3.685E-6,7.2E-7,3.2E-7,M2,2.312E-5,4.885E-6,2.0E-7,6.0E-7,M2,2.312E-5,5.85E-7,2.0E-7,4.5E-6,M2,2.247E-5,5.85E-7,8.5E-7,2.0E-7,M2,2.247E-5,5.85E-7,2.0E-7,6.0E-7,M2,8.64E-6,1.385E-6,2.0E-7,6.0E-7,M2,8.64E-6,1.785E-6,2.0E-7,2.7E-7,M2,8.64E-6,1.055E-6,2.0E-7,1.0E-6,M2,7.84E-6,1.855E-6,1.0E-6,2.0E-7,M2,2.858E-5,1.455E-6,2.0E-7,6.0E-7,M2,2.396E-5,1.855E-6,4.8200000000000004E-6,2.0E-7,M2,2.396E-5,1.785E-6,2.0E-7,2.7E-7,M2,2.396E-5,1.385E-6,2.0E-7,6.0E-7,M2,2.739E-5,4.0E-8,6.0E-7,2.0E-7,M2,5.21E-6,4.0E-8,2.238E-5,2.0E-7,M2,4.81E-6,4.0E-8,6.0E-7,2.0E-7,M2,1.544E-5,1.0435000000000001E-5,3.2E-7,7.2E-7,M2,1.34E-5,1.3255000000000001E-5,7.2E-7,3.2E-7,M2,2.112E-5,1.4635E-5,3.2E-7,7.2E-7,M2,2.83E-5,2.1875E-5,3.2E-7,7.2E-7,M3,2.7400000000000002E-5,2.0565E-5,3.2E-7,7.2E-7,M3,2.6890000000000002E-5,7.55E-7,3.2E-7,7.2E-7,M3,2.445E-5,2.27E-6,7.2E-7,3.2E-7,M3,2.078E-5,2.27E-6,3.2E-7,1.12E-6,M3,2.078E-5,2.27E-6,1.12E-6,3.2E-7,M3,2.0E-7,1.7105E-5,2.0E-7,6.0E-7,M3,2.0E-7,1.7505E-5,2.0E-7,3.76E-6,M3,2.0E-7,2.1065E-5,4.6E-7,2.0E-7,M3,4.6E-7,2.1065E-5,2.0E-7,6.0E-7,M3,1.3765E-5,1.1975E-5,7.2E-7,3.2E-7,M3,2.8990000000000002E-5,3.685E-6,7.2E-7,3.2E-7,M3,1.214E-5,1.3315E-5,6.0E-7,2.0E-7,M3,1.234E-5,1.3315E-5,2.0E-7,6.81E-6,M3,7.39E-6,1.9925E-5,5.15E-6,2.0E-7,M3,7.19E-6,1.9925E-5,6.0E-7,2.0E-7,M3,5.59E-6,9.55E-7,3.2E-7,7.2E-7,M3,5.0800000000000005E-6,2.0565E-5,3.2E-7,7.2E-7,M3,1.704E-5,1.3255000000000001E-5,1.12E-6,3.2E-7,M3,1.704E-5,1.2455E-5,3.2E-7,1.12E-6,M3,1.704E-5,1.0435000000000001E-5,3.2E-7,7.2E-7,M3,1.7715E-5,3.685E-6,1.12E-6,3.2E-7,M3,1.8515E-5,3.685E-6,3.2E-7,1.12E-6,M3,3.09E-6,3.685E-6,7.2E-7,3.2E-7,M3,1.544E-5,1.0435000000000001E-5,3.2E-7,7.2E-7,M3,1.34E-5,1.3255000000000001E-5,7.2E-7,3.2E-7,M3,2.118E-5,1.4695E-5,2.0E-7,6.0E-7,M3,2.118E-5,1.5095E-5,2.0E-7,7.44E-6,M3,2.118E-5,2.2335000000000002E-5,7.3800000000000005E-6,2.0E-7,M3,2.836E-5,2.1935E-5,2.0E-7,6.0E-7,M4,2.746E-5,2.0625E-5,2.0E-7,6.0E-7,M4,2.7015E-5,2.0625E-5,6.45E-7,2.0E-7,M4,2.7015E-5,1.415E-6,2.0E-7,1.941E-5,M4,2.6155E-5,1.355E-6,1.12E-6,3.2E-7,M4,2.6955000000000002E-5,1.355E-6,3.2E-7,1.12E-6,M4,2.6890000000000002E-5,7.55E-7,3.2E-7,7.2E-7,M4,2.451E-5,2.33E-6,6.0E-7,2.0E-7,M4,2.084E-5,2.33E-6,4.27E-6,2.0E-7,M4,2.084E-5,2.33E-6,2.0E-7,1.0E-6,M4,2.084E-5,2.33E-6,1.0E-6,2.0E-7,M4,1.3765E-5,1.1975E-5,7.2E-7,3.2E-7,M4,2.919E-5,1.1175E-5,3.2E-7,1.12E-6,M4,2.839E-5,1.1975E-5,1.12E-6,3.2E-7,M4,2.925E-5,3.745E-6,2.0E-7,8.49E-6,M4,2.905E-5,3.745E-6,6.0E-7,2.0E-7,M4,5.65E-6,1.015E-6,2.0E-7,6.0E-7,M4,5.65E-6,1.415E-6,2.0E-7,1.941E-5,M4,5.59E-6,1.9765E-5,3.2E-7,1.12E-6,M4,4.79E-6,2.0565E-5,1.12E-6,3.2E-7,M4,5.0800000000000005E-6,2.0565E-5,3.2E-7,7.2E-7,M4,1.704E-5,1.3255000000000001E-5,1.12E-6,3.2E-7,M4,1.704E-5,1.2455E-5,3.2E-7,1.12E-6,M4,1.704E-5,1.0435000000000001E-5,3.2E-7,7.2E-7,M4,1.7715E-5,3.685E-6,1.12E-6,3.2E-7,M4,1.8515E-5,3.685E-6,3.2E-7,1.12E-6,M4,3.09E-6,3.685E-6,7.2E-7,3.2E-7,M4,1.55E-5,1.0495E-5,2.0E-7,6.0E-7,M4,1.55E-5,1.0895E-5,2.0E-7,2.62E-6,M4,1.3860000000000001E-5,1.3315E-5,1.84E-6,2.0E-7,M4,1.346E-5,1.3315E-5,6.0E-7,2.0E-7,M5,2.6155E-5,1.355E-6,1.12E-6,3.2E-7,M5,2.6955000000000002E-5,1.355E-6,3.2E-7,1.12E-6,M5,2.6890000000000002E-5,7.55E-7,3.2E-7,7.2E-7,M5,1.3765E-5,1.1975E-5,7.2E-7,3.2E-7,M5,2.919E-5,1.1175E-5,3.2E-7,1.12E-6,M5,2.839E-5,1.1975E-5,1.12E-6,3.2E-7,M5,5.59E-6,1.9765E-5,3.2E-7,1.12E-6,M5,4.79E-6,2.0565E-5,1.12E-6,3.2E-7,M5,5.0800000000000005E-6,2.0565E-5,3.2E-7,7.2E-7,M5,1.71E-5,1.3315E-5,1.0E-6,2.0E-7,M5,1.71E-5,1.2515E-5,2.0E-7,1.0E-6,M5,1.71E-5,1.0895E-5,2.0E-7,2.62E-6,M5,1.71E-5,1.0495E-5,2.0E-7,6.0E-7,M5,1.7715E-5,3.685E-6,1.12E-6,3.2E-7,M5,1.8515E-5,3.685E-6,3.2E-7,1.12E-6,M5,3.09E-6,3.685E-6,7.2E-7,3.2E-7,M6,2.5315E-5,1.3150000000000001E-6,2.0E-6,4.0E-7,M6,2.6915E-5,1.3150000000000001E-6,4.0E-7,2.0E-6,M6,2.6850000000000002E-5,5.15E-7,4.0E-7,1.2E-6,M6,1.3525E-5,1.1935E-5,1.2E-6,4.0E-7,M6,2.915E-5,1.0335E-5,4.0E-7,2.0E-6,M6,2.7550000000000002E-5,1.1935E-5,2.0E-6,4.0E-7,M6,5.65E-6,1.9825E-5,2.0E-7,1.0E-6,M6,4.85E-6,2.0625E-5,1.0E-6,2.0E-7,M6,5.14E-6,2.0625E-5,7.1E-7,2.0E-7,M6,5.14E-6,2.0625E-5,2.0E-7,6.0E-7,M6,1.7775000000000002E-5,3.745E-6,1.0E-6,2.0E-7,M6,1.8575E-5,3.745E-6,2.0E-7,1.0E-6,M6,3.35E-6,3.745E-6,1.5425E-5,2.0E-7,M6,3.15E-6,3.745E-6,6.0E-7,2.0E-7,M7,2.5315E-5,1.3150000000000001E-6,2.0E-6,4.0E-7,M7,2.6915E-5,1.3150000000000001E-6,4.0E-7,2.0E-6,M7,2.6850000000000002E-5,1.3150000000000001E-6,4.65E-7,4.0E-7,M7,2.6850000000000002E-5,5.15E-7,4.0E-7,1.2E-6,M7,1.3525E-5,1.1935E-5,1.2E-6,4.0E-7,M7,1.3925E-5,1.1935E-5,1.5625E-5,4.0E-7,M7,2.915E-5,1.0335E-5,4.0E-7,2.0E-6,M7,2.7550000000000002E-5,1.1935E-5,2.0E-6,4.0E-7,
M1,2.762E-5,7.2E-7,2.4000000000000003E-7,6.4E-7,M1,2.924E-5,2.061E-5,2.4000000000000003E-7,6.4E-7,M1,2.612E-5,1.9200000000000003E-6,2.4000000000000003E-7,6.4E-7,M1,2.163E-5,1.365E-6,2.4000000000000003E-7,6.4E-7,M1,1.9735E-5,1.3160000000000001E-5,6.4E-7,2.4000000000000003E-7,M1,1.878E-5,1.991E-5,6.4E-7,2.4000000000000003E-7,M1,1.258E-5,1.374E-5,2.4000000000000003E-7,6.4E-7,M1,1.2425E-5,1.3160000000000001E-5,6.4E-7,2.4000000000000003E-7,M1,2.306E-5,1.365E-6,1.6E-7,4.275E-6,M1,2.306E-5,5.48E-6,2.35E-7,1.6E-7,M1,2.3135E-5,5.48E-6,1.65E-7,1.6E-7,M1,1.178E-5,2.35E-6,1.95E-7,1.6E-7,M1,1.178E-5,2.35E-6,1.6E-7,1.44E-6,M1,4.4E-7,2.105E-5,2.4000000000000003E-7,6.4E-7,M1,1.8E-7,1.709E-5,2.4000000000000003E-7,6.4E-7,M1,4.94E-6,7.2E-7,2.4000000000000003E-7,6.4E-7,M1,3.32E-6,2.061E-5,2.4000000000000003E-7,6.4E-7,M1,1.742E-5,3.59E-6,6.4E-7,2.4000000000000003E-7,M1,4.53E-6,4.3E-6,6.4E-7,2.4000000000000003E-7,M1,9.460000000000001E-6,1.1265E-5,2.4000000000000003E-7,6.4E-7,M1,9.460000000000001E-6,1.118E-5,2.4000000000000003E-7,1.04E-6,M1,9.460000000000001E-6,1.118E-5,1.04E-6,2.4000000000000003E-7,M1,9.5E-6,1.1220000000000001E-5,1.9200000000000003E-6,1.6E-7,M1,2.134E-5,1.078E-5,2.4000000000000003E-7,6.4E-7,M1,2.31E-5,1.1265E-5,2.4000000000000003E-7,6.4E-7,M1,1.872E-5,1.3160000000000001E-5,6.4E-7,2.4000000000000003E-7,M1,1.708E-5,1.0340000000000001E-5,2.4000000000000003E-7,6.4E-7,M1,3.238E-5,1.709E-5,2.4000000000000003E-7,6.4E-7,M1,3.212E-5,2.105E-5,2.4000000000000003E-7,6.4E-7,M1,1.9735E-5,1.3160000000000001E-5,6.4E-7,2.4000000000000003E-7,M1,1.9980000000000002E-5,1.374E-5,2.4000000000000003E-7,6.4E-7,M1,1.3520000000000001E-5,1.498E-5,5.76E-6,1.6E-7,M1,2.763E-5,4.3E-6,6.4E-7,2.4000000000000003E-7,M1,1.474E-5,3.59E-6,6.4E-7,2.4000000000000003E-7,M1,1.093E-5,1.365E-6,2.4000000000000003E-7,6.4E-7,M1,6.44E-6,1.9200000000000003E-6,2.4000000000000003E-7,6.4E-7,M1,9.58E-6,1.365E-6,1.6E-7,4.275E-6,M1,9.505E-6,5.48E-6,2.35E-7,1.6E-7,M1,9.5E-6,5.48E-6,1.65E-7,1.6E-7,M1,1.382E-5,1.556E-5,2.2E-7,1.6E-7,M1,1.382E-5,1.556E-5,1.6E-7,4.5500000000000005E-6,M1,7.2000000000000005E-6,3.02E-6,6.4E-7,2.4000000000000003E-7,M1,2.496E-5,3.02E-6,6.4E-7,2.4000000000000003E-7,M1,2.0825E-5,2.35E-6,1.95E-7,1.6E-7,M1,2.086E-5,2.35E-6,1.6E-7,1.44E-6,M1,1.548E-5,1.0340000000000001E-5,2.4000000000000003E-7,6.4E-7,M1,1.344E-5,1.3160000000000001E-5,6.4E-7,2.4000000000000003E-7,M1,1.348E-5,1.454E-5,2.4000000000000003E-7,6.4E-7,M1,9.62E-6,2.192E-5,2.4000000000000003E-7,6.4E-7,M1,1.326E-5,2.236E-5,6.28E-6,1.6E-7,M1,1.4230000000000001E-5,1.045E-6,4.34E-6,1.6E-7,M2,2.758E-5,6.800000000000001E-7,3.2E-7,7.2E-7,M2,2.92E-5,2.057E-5,3.2E-7,7.2E-7,M2,2.608E-5,1.88E-6,3.2E-7,7.2E-7,M2,2.159E-5,1.325E-6,3.2E-7,7.2E-7,M2,1.9695E-5,1.312E-5,7.2E-7,3.2E-7,M2,1.874E-5,1.987E-5,7.2E-7,3.2E-7,M2,1.254E-5,1.3700000000000001E-5,3.2E-7,7.2E-7,M2,1.2385000000000001E-5,1.312E-5,7.2E-7,3.2E-7,M2,4.0E-7,2.101E-5,3.2E-7,7.2E-7,M2,1.4E-7,1.705E-5,3.2E-7,7.2E-7,M2,4.9000000000000005E-6,6.800000000000001E-7,3.2E-7,7.2E-7,M2,3.28E-6,2.057E-5,3.2E-7,7.2E-7,M2,1.744E-5,3.61E-6,6.0E-7,2.0E-7,M2,1.744E-5,3.61E-6,2.0E-7,9.1E-7,M2,1.738E-5,3.46E-6,3.2E-7,1.12E-6,M2,1.658E-5,4.26E-6,1.12E-6,3.2E-7,M2,4.49E-6,4.26E-6,7.2E-7,3.2E-7,M2,9.42E-6,1.1225E-5,3.2E-7,7.2E-7,M2,9.42E-6,1.114E-5,3.2E-7,1.12E-6,M2,9.42E-6,1.114E-5,1.12E-6,3.2E-7,M2,2.13E-5,1.074E-5,3.2E-7,7.2E-7,M2,2.226E-5,1.114E-5,1.12E-6,3.2E-7,M2,2.306E-5,1.114E-5,3.2E-7,1.12E-6,M2,2.312E-5,1.12E-5,2.0E-7,4.85E-7,M2,2.312E-5,1.1285E-5,2.0E-7,6.0E-7,M2,1.868E-5,1.312E-5,7.2E-7,3.2E-7,M2,1.704E-5,1.03E-5,3.2E-7,7.2E-7,M2,3.234E-5,1.705E-5,3.2E-7,7.2E-7,M2,3.208E-5,2.101E-5,3.2E-7,7.2E-7,M2,1.9695E-5,1.312E-5,7.2E-7,3.2E-7,M2,1.994E-5,1.3700000000000001E-5,3.2E-7,7.2E-7,M2,2.7590000000000002E-5,4.26E-6,7.2E-7,3.2E-7,M2,1.933E-5,4.26E-6,1.12E-6,3.2E-7,M2,1.933E-5,3.46E-6,3.2E-7,1.12E-6,M2,1.939E-5,3.61E-6,2.0E-7,9.1E-7,M2,1.853E-5,3.55E-6,1.12E-6,3.2E-7,M2,1.933E-5,3.55E-6,3.2E-7,1.12E-6,M2,1.47E-5,3.55E-6,7.2E-7,3.2E-7,M2,1.089E-5,1.325E-6,3.2E-7,7.2E-7,M2,6.4E-6,1.88E-6,3.2E-7,7.2E-7,M2,7.22E-6,3.04E-6,6.0E-7,2.0E-7,M2,7.62E-6,3.04E-6,1.756E-5,2.0E-7,M2,2.498E-5,3.04E-6,6.0E-7,2.0E-7,M2,1.544E-5,1.03E-5,3.2E-7,7.2E-7,M2,1.34E-5,1.312E-5,7.2E-7,3.2E-7,M2,1.344E-5,1.45E-5,3.2E-7,7.2E-7,M2,9.58E-6,2.188E-5,3.2E-7,7.2E-7,M3,2.764E-5,7.4E-7,2.0E-7,6.0E-7,M3,2.764E-5,7.4E-7,1.82E-6,2.0E-7,M3,2.926E-5,7.4E-7,2.0E-7,2.009E-5,M3,2.926E-5,2.063E-5,2.0E-7,6.0E-7,M3,2.614E-5,1.94E-6,2.0E-7,6.0E-7,M3,2.614E-5,1.785E-6,2.0E-7,7.55E-7,M3,2.165E-5,1.785E-6,4.69E-6,2.0E-7,M3,2.165E-5,1.385E-6,2.0E-7,6.0E-7,M3,1.9695E-5,1.312E-5,7.2E-7,3.2E-7,M3,1.874E-5,1.987E-5,7.2E-7,3.2E-7,M3,1.26E-5,1.376E-5,2.0E-7,6.0E-7,M3,1.26E-5,1.3180000000000001E-5,2.0E-7,7.8E-7,M3,1.26E-5,1.3180000000000001E-5,2.45E-7,2.0E-7,M3,1.2445E-5,1.3180000000000001E-5,6.0E-7,2.0E-7,M3,4.6E-7,2.107E-5,2.0E-7,6.0E-7,M3,4.6E-7,1.751E-5,2.0E-7,3.76E-6,M3,2.0E-7,1.751E-5,4.6E-7,2.0E-7,M3,2.0E-7,1.711E-5,2.0E-7,6.0E-7,M3,4.96E-6,7.4E-7,2.0E-7,6.0E-7,M3,3.34E-6,7.4E-7,1.82E-6,2.0E-7,M3,3.34E-6,7.4E-7,2.0E-7,2.009E-5,M3,3.34E-6,2.063E-5,2.0E-7,6.0E-7,M3,1.738E-5,3.46E-6,3.2E-7,1.12E-6,M3,1.658E-5,4.26E-6,1.12E-6,3.2E-7,M3,4.49E-6,4.26E-6,7.2E-7,3.2E-7,M3,9.48E-6,1.1285E-5,2.0E-7,6.0E-7,M3,9.48E-6,1.12E-5,2.0E-7,4.85E-7,M3,9.48E-6,1.12E-5,2.0E-7,1.0E-6,M3,9.48E-6,1.12E-5,1.0E-6,2.0E-7,M3,2.136E-5,1.08E-5,2.0E-7,6.0E-7,M3,2.136E-5,1.12E-5,1.96E-6,2.0E-7,M3,2.232E-5,1.12E-5,1.0E-6,2.0E-7,M3,2.312E-5,1.12E-5,2.0E-7,1.0E-6,M3,1.868E-5,1.312E-5,7.2E-7,3.2E-7,M3,1.704E-5,1.03E-5,3.2E-7,7.2E-7,M3,3.24E-5,1.711E-5,2.0E-7,6.0E-7,M3,3.24E-5,1.751E-5,2.0E-7,3.76E-6,M3,3.214E-5,2.107E-5,4.6E-7,2.0E-7,M3,3.214E-5,2.107E-5,2.0E-7,6.0E-7,M3,1.9755E-5,1.3180000000000001E-5,6.0E-7,2.0E-7,M3,1.9955E-5,1.3180000000000001E-5,2.0E-7,7.8E-7,M3,1.9955E-5,1.376E-5,2.45E-7,2.0E-7,M3,2.0E-5,1.376E-5,2.0E-7,6.0E-7,M3,2.7590000000000002E-5,4.26E-6,7.2E-7,3.2E-7,M3,1.933E-5,4.26E-6,1.12E-6,3.2E-7,M3,1.933E-5,3.46E-6,3.2E-7,1.12E-6,M3,1.853E-5,3.55E-6,1.12E-6,3.2E-7,M3,1.933E-5,3.55E-6,3.2E-7,1.12E-6,M3,1.47E-5,3.55E-6,7.2E-7,3.2E-7,M3,1.095E-5,1.385E-6,2.0E-7,6.0E-7,M3,6.46E-6,1.785E-6,4.69E-6,2.0E-7,M3,6.46E-6,1.785E-6,2.0E-7,7.55E-7,M3,6.46E-6,1.94E-6,2.0E-7,6.0E-7,M3,1.544E-5,1.03E-5,3.2E-7,7.2E-7,M3,1.38E-5,1.0700000000000001E-5,3.2E-7,1.12E-6,M3,1.38E-5,1.0700000000000001E-5,1.12E-6,3.2E-7,M3,1.3860000000000001E-5,1.076E-5,2.0E-7,2.62E-6,M3,1.346E-5,1.3180000000000001E-5,6.0E-7,2.0E-7,M3,1.344E-5,1.45E-5,3.2E-7,7.2E-7,M3,9.58E-6,2.188E-5,3.2E-7,7.2E-7,M4,1.9755E-5,1.3180000000000001E-5,6.0E-7,2.0E-7,M4,1.9955E-5,1.3180000000000001E-5,2.0E-7,6.95E-6,M4,1.88E-5,1.993E-5,1.355E-6,2.0E-7,M4,1.88E-5,1.993E-5,6.0E-7,2.0E-7,M4,1.744E-5,3.52E-6,2.0E-7,1.0E-6,M4,1.664E-5,4.32E-6,1.0E-6,2.0E-7,M4,4.75E-6,4.32E-6,1.289E-5,2.0E-7,M4,4.5500000000000005E-6,4.32E-6,6.0E-7,2.0E-7,M4,1.868E-5,1.312E-5,7.2E-7,3.2E-7,M4,1.788E-5,1.0700000000000001E-5,1.12E-6,3.2E-7,M4,1.868E-5,1.0700000000000001E-5,3.2E-7,1.12E-6,M4,1.71E-5,1.076E-5,1.84E-6,2.0E-7,M4,1.71E-5,1.036E-5,2.0E-7,6.0E-7,M4,2.765E-5,4.32E-6,6.0E-7,2.0E-7,M4,1.939E-5,4.32E-6,8.66E-6,2.0E-7,M4,1.939E-5,4.32E-6,1.0E-6,2.0E-7,M4,1.939E-5,3.52E-6,2.0E-7,1.0E-6,M4,1.853E-5,3.55E-6,1.12E-6,3.2E-7,M4,1.933E-5,3.55E-6,3.2E-7,1.12E-6,M4,1.47E-5,3.55E-6,7.2E-7,3.2E-7,M4,1.55E-5,1.036E-5,2.0E-7,6.0E-7,M4,1.3860000000000001E-5,1.076E-5,1.84E-6,2.0E-7,M4,1.3860000000000001E-5,1.076E-5,2.0E-7,1.0E-6,M4,1.3860000000000001E-5,1.076E-5,1.0E-6,2.0E-7,M4,1.35E-5,1.456E-5,2.0E-7,6.0E-7,M4,1.35E-5,1.496E-5,2.0E-7,7.58E-6,M4,9.640000000000001E-6,2.234E-5,4.06E-6,2.0E-7,M4,9.640000000000001E-6,2.194E-5,2.0E-7,6.0E-7,M5,1.874E-5,1.3180000000000001E-5,6.0E-7,2.0E-7,M5,1.874E-5,1.076E-5,2.0E-7,2.62E-6,M5,1.794E-5,1.076E-5,1.0E-6,2.0E-7,M5,1.874E-5,1.076E-5,2.0E-7,1.0E-6,M5,1.853E-5,3.55E-6,1.12E-6,3.2E-7,M5,1.933E-5,3.55E-6,3.2E-7,1.12E-6,M5,1.47E-5,3.55E-6,7.2E-7,3.2E-7,M6,1.859E-5,3.61E-6,1.0E-6,2.0E-7,M6,1.939E-5,3.61E-6,2.0E-7,1.0E-6,M6,1.516E-5,3.61E-6,4.43E-6,2.0E-7,M6,1.4760000000000001E-5,3.61E-6,6.0E-7,2.0E-7,
M1,2.009E-5,1.44E-6,1.9200000000000003E-6,1.6E-7,M1,4.033E-5,1.4930000000000001E-5,2.4000000000000003E-7,6.4E-7,M1,3.949E-5,5.2E-7,2.4000000000000003E-7,6.4E-7,M1,2.3350000000000002E-5,7.2E-7,2.4000000000000003E-7,6.4E-7,M1,2.621E-5,4.6400000000000005E-6,2.4000000000000003E-7,6.4E-7,M1,1.607E-5,2.0E-8,6.4E-7,2.4000000000000003E-7,M1,2.539E-5,2.0E-8,6.4E-7,2.4000000000000003E-7,M1,2.625E-5,4.68E-6,1.9200000000000003E-6,1.6E-7,M1,1.518E-5,1.32E-6,2.4000000000000003E-7,6.4E-7,M1,2.005E-5,1.0E-6,2.4000000000000003E-7,6.4E-7,M1,1.8E-7,1.1410000000000001E-5,2.4000000000000003E-7,6.4E-7,M1,4.4E-7,1.537E-5,2.4000000000000003E-7,6.4E-7,M1,1.643E-5,1.134E-5,6.4E-7,2.4000000000000003E-7,M1,1.985E-5,8.52E-6,2.4000000000000003E-7,6.4E-7,M1,4.142E-5,1.537E-5,2.4000000000000003E-7,6.4E-7,M1,4.168E-5,1.1410000000000001E-5,2.4000000000000003E-7,6.4E-7,M1,2.201E-5,8.52E-6,2.4000000000000003E-7,6.4E-7,M1,2.503E-5,1.134E-5,6.4E-7,2.4000000000000003E-7,M1,1.8750000000000002E-5,1.006E-5,6.4E-7,2.4000000000000003E-7,M1,3.0430000000000002E-5,1.295E-5,6.4E-7,2.4000000000000003E-7,M1,1.393E-5,4.68E-6,1.9200000000000003E-6,1.6E-7,M1,1.681E-5,1.134E-5,6.4E-7,2.4000000000000003E-7,M1,1.717E-5,1.204E-5,2.4000000000000003E-7,6.4E-7,M1,1.3530000000000001E-5,1.4230000000000001E-5,6.4E-7,2.4000000000000003E-7,M1,1.681E-5,1.402E-5,6.4E-7,2.4000000000000003E-7,M1,1.899E-5,3.54E-6,1.75E-7,1.6E-7,M1,1.9005000000000002E-5,2.14E-6,1.6E-7,1.56E-6,M1,2.85E-5,1.692E-5,2.4000000000000003E-7,6.4E-7,M1,2.557E-5,1.292E-5,2.4000000000000003E-7,6.4E-7,M1,1.629E-5,1.292E-5,2.4000000000000003E-7,6.4E-7,M1,2.557E-5,1.292E-5,2.4000000000000003E-7,6.4E-7,M1,1.53E-6,1.4930000000000001E-5,2.4000000000000003E-7,6.4E-7,M1,2.37E-6,5.2E-7,2.4000000000000003E-7,6.4E-7,M1,2.2935E-5,2.14E-6,1.6E-7,1.56E-6,M1,2.2895E-5,3.5E-6,1.04E-6,2.4000000000000003E-7,M1,2.2895E-5,2.7E-6,2.4000000000000003E-7,1.04E-6,M1,2.271E-5,3.5E-6,6.4E-7,2.4000000000000003E-7,M1,2.2225E-5,1.01E-5,8.85E-7,1.6E-7,M1,2.2225E-5,1.01E-5,1.6E-7,2.115E-6,M1,2.2185000000000002E-5,1.1815E-5,2.4000000000000003E-7,6.4E-7,M1,1.103E-5,1.295E-5,6.4E-7,2.4000000000000003E-7,M1,1.565E-5,4.6400000000000005E-6,2.4000000000000003E-7,6.4E-7,M1,1.851E-5,7.2E-7,2.4000000000000003E-7,6.4E-7,M1,2.7930000000000002E-5,1.4230000000000001E-5,6.4E-7,2.4000000000000003E-7,M1,2.465E-5,1.402E-5,6.4E-7,2.4000000000000003E-7,M1,2.181E-5,1.0E-6,2.4000000000000003E-7,6.4E-7,M1,2.6680000000000002E-5,1.32E-6,2.4000000000000003E-7,6.4E-7,M1,2.469E-5,1.204E-5,2.4000000000000003E-7,6.4E-7,M1,2.503E-5,1.134E-5,6.4E-7,2.4000000000000003E-7,M1,1.629E-5,1.292E-5,2.4000000000000003E-7,6.4E-7,M1,1.336E-5,1.692E-5,2.4000000000000003E-7,6.4E-7,M2,4.035E-5,1.4950000000000001E-5,2.0E-7,6.0E-7,M2,4.035E-5,5.4E-7,2.0E-7,1.461E-5,M2,3.951E-5,5.4E-7,1.04E-6,2.0E-7,M2,3.951E-5,5.4E-7,2.0E-7,6.0E-7,M2,2.3310000000000002E-5,6.800000000000001E-7,3.2E-7,7.2E-7,M2,2.6170000000000002E-5,4.6E-6,3.2E-7,7.2E-7,M2,1.609E-5,4.0E-8,6.0E-7,2.0E-7,M2,1.649E-5,4.0E-8,9.12E-6,2.0E-7,M2,2.541E-5,4.0E-8,6.0E-7,2.0E-7,M2,1.514E-5,1.28E-6,3.2E-7,7.2E-7,M2,2.001E-5,9.600000000000001E-7,3.2E-7,7.2E-7,M2,1.4E-7,1.137E-5,3.2E-7,7.2E-7,M2,4.0E-7,1.533E-5,3.2E-7,7.2E-7,M2,1.639E-5,1.13E-5,7.2E-7,3.2E-7,M2,1.9810000000000002E-5,8.48E-6,3.2E-7,7.2E-7,M2,4.138E-5,1.533E-5,3.2E-7,7.2E-7,M2,4.164E-5,1.137E-5,3.2E-7,7.2E-7,M2,2.203E-5,8.54E-6,2.0E-7,6.0E-7,M2,2.203E-5,8.94E-6,3.22E-6,2.0E-7,M2,2.419E-5,8.88E-6,1.12E-6,3.2E-7,M2,2.499E-5,8.88E-6,3.2E-7,1.12E-6,M2,2.499E-5,1.13E-5,7.2E-7,3.2E-7,M2,1.877E-5,1.008E-5,6.0E-7,2.0E-7,M2,1.897E-5,1.008E-5,9.25E-7,2.0E-7,M2,1.9695E-5,1.008E-5,2.0E-7,2.155E-6,M2,1.9635E-5,1.1775E-5,3.2E-7,7.2E-7,M2,3.0390000000000002E-5,1.291E-5,7.2E-7,3.2E-7,M2,1.677E-5,1.13E-5,7.2E-7,3.2E-7,M2,1.713E-5,1.2E-5,3.2E-7,7.2E-7,M2,1.355E-5,1.425E-5,6.0E-7,2.0E-7,M2,1.395E-5,1.425E-5,3.08E-6,2.0E-7,M2,1.683E-5,1.4040000000000001E-5,2.0E-7,4.1E-7,M2,1.683E-5,1.4040000000000001E-5,6.0E-7,2.0E-7,M2,2.8460000000000002E-5,1.688E-5,3.2E-7,7.2E-7,M2,2.553E-5,1.288E-5,3.2E-7,7.2E-7,M2,1.631E-5,1.294E-5,2.0E-7,6.0E-7,M2,1.631E-5,1.3340000000000001E-5,9.48E-6,2.0E-7,M2,2.559E-5,1.294E-5,2.0E-7,6.0E-7,M2,1.55E-6,1.4950000000000001E-5,2.0E-7,6.0E-7,M2,1.55E-6,5.4E-7,2.0E-7,1.461E-5,M2,1.55E-6,5.4E-7,1.04E-6,2.0E-7,M2,2.39E-6,5.4E-7,2.0E-7,6.0E-7,M2,2.2915E-5,3.52E-6,1.0E-6,2.0E-7,M2,2.2915E-5,2.7200000000000002E-6,2.0E-7,1.0E-6,M2,2.2915E-5,3.52E-6,2.15E-7,2.0E-7,M2,2.273E-5,3.52E-6,6.0E-7,2.0E-7,M2,2.2145E-5,1.1775E-5,3.2E-7,7.2E-7,M2,1.099E-5,1.291E-5,7.2E-7,3.2E-7,M2,1.567E-5,4.66E-6,2.0E-7,6.0E-7,M2,1.567E-5,7.4E-7,2.0E-7,4.12E-6,M2,1.567E-5,7.4E-7,3.06E-6,2.0E-7,M2,1.853E-5,7.4E-7,2.0E-7,6.0E-7,M2,2.7950000000000002E-5,1.425E-5,6.0E-7,2.0E-7,M2,2.507E-5,1.425E-5,3.08E-6,2.0E-7,M2,2.507E-5,1.4040000000000001E-5,2.0E-7,4.1E-7,M2,2.467E-5,1.4040000000000001E-5,6.0E-7,2.0E-7,M2,2.177E-5,9.600000000000001E-7,3.2E-7,7.2E-7,M2,2.664E-5,1.28E-6,3.2E-7,7.2E-7,M2,2.465E-5,1.2E-5,3.2E-7,7.2E-7,M2,2.499E-5,1.13E-5,7.2E-7,3.2E-7,M2,1.6250000000000002E-5,1.288E-5,3.2E-7,7.2E-7,M2,1.332E-5,1.688E-5,3.2E-7,7.2E-7,M3,2.3310000000000002E-5,6.800000000000001E-7,3.2E-7,7.2E-7,M3,2.6170000000000002E-5,4.6E-6,3.2E-7,7.2E-7,M3,1.52E-5,1.34E-6,2.0E-7,6.0E-7,M3,1.52E-5,1.42E-6,2.0E-7,5.2E-7,M3,1.52E-5,1.42E-6,5.07E-6,2.0E-7,M3,2.007E-5,1.02E-6,2.0E-7,6.0E-7,M3,2.0E-7,1.143E-5,2.0E-7,6.0E-7,M3,2.0E-7,1.183E-5,2.0E-7,3.76E-6,M3,2.0E-7,1.539E-5,4.6E-7,2.0E-7,M3,4.6E-7,1.539E-5,2.0E-7,6.0E-7,M3,1.645E-5,1.136E-5,6.0E-7,2.0E-7,M3,1.685E-5,8.94E-6,2.0E-7,2.62E-6,M3,1.685E-5,8.94E-6,3.22E-6,2.0E-7,M3,1.987E-5,8.54E-6,2.0E-7,6.0E-7,M3,4.144E-5,1.539E-5,2.0E-7,6.0E-7,M3,4.144E-5,1.183E-5,2.0E-7,3.76E-6,M3,4.144E-5,1.183E-5,4.6E-7,2.0E-7,M3,4.1700000000000004E-5,1.143E-5,2.0E-7,6.0E-7,M3,2.419E-5,8.88E-6,1.12E-6,3.2E-7,M3,2.499E-5,8.88E-6,3.2E-7,1.12E-6,M3,2.499E-5,1.13E-5,7.2E-7,3.2E-7,M3,1.9635E-5,1.1775E-5,3.2E-7,7.2E-7,M3,3.0390000000000002E-5,1.291E-5,7.2E-7,3.2E-7,M3,1.677E-5,1.13E-5,7.2E-7,3.2E-7,M3,1.713E-5,1.2E-5,3.2E-7,7.2E-7,M3,2.852E-5,1.694E-5,2.0E-7,6.0E-7,M3,2.852E-5,1.3340000000000001E-5,2.0E-7,4.2000000000000004E-6,M3,2.559E-5,1.3340000000000001E-5,3.13E-6,2.0E-7,M3,2.559E-5,1.294E-5,2.0E-7,6.0E-7,M3,2.2145E-5,1.1775E-5,3.2E-7,7.2E-7,M3,1.099E-5,1.291E-5,7.2E-7,3.2E-7,M3,2.183E-5,1.02E-6,2.0E-7,6.0E-7,M3,2.183E-5,1.42E-6,2.0E-7,5.2E-7,M3,2.183E-5,1.74E-6,5.07E-6,2.0E-7,M3,2.6700000000000002E-5,1.34E-6,2.0E-7,6.0E-7,M3,2.465E-5,1.2E-5,3.2E-7,7.2E-7,M3,2.499E-5,1.13E-5,7.2E-7,3.2E-7,M3,1.631E-5,1.294E-5,2.0E-7,6.0E-7,M3,1.338E-5,1.3340000000000001E-5,3.13E-6,2.0E-7,M3,1.338E-5,1.3340000000000001E-5,2.0E-7,4.2000000000000004E-6,M3,1.338E-5,1.694E-5,2.0E-7,6.0E-7,M4,2.337E-5,7.4E-7,2.0E-7,6.0E-7,M4,2.337E-5,7.4E-7,3.06E-6,2.0E-7,M4,2.623E-5,7.4E-7,2.0E-7,4.12E-6,M4,2.623E-5,4.66E-6,2.0E-7,6.0E-7,M4,2.425E-5,8.94E-6,1.0E-6,2.0E-7,M4,2.505E-5,8.94E-6,2.0E-7,1.0E-6,M4,2.505E-5,8.94E-6,2.0E-7,2.62E-6,M4,2.505E-5,1.136E-5,6.0E-7,2.0E-7,M4,1.9635E-5,1.1775E-5,3.2E-7,7.2E-7,M4,3.0390000000000002E-5,1.291E-5,7.2E-7,3.2E-7,M4,1.683E-5,1.136E-5,6.0E-7,2.0E-7,M4,1.683E-5,1.136E-5,5.6E-7,2.0E-7,M4,1.719E-5,1.136E-5,2.0E-7,9.000000000000001E-7,M4,1.719E-5,1.206E-5,2.0E-7,6.0E-7,M4,2.2145E-5,1.1775E-5,3.2E-7,7.2E-7,M4,1.099E-5,1.291E-5,7.2E-7,3.2E-7,M4,2.471E-5,1.206E-5,2.0E-7,6.0E-7,M4,2.471E-5,1.206E-5,5.4E-7,2.0E-7,M4,2.505E-5,1.136E-5,2.0E-7,9.000000000000001E-7,M4,2.505E-5,1.136E-5,6.0E-7,2.0E-7,M5,1.9635E-5,1.1775E-5,3.2E-7,7.2E-7,M5,3.0390000000000002E-5,1.291E-5,7.2E-7,3.2E-7,M5,2.2205000000000002E-5,1.1835000000000001E-5,2.0E-7,6.0E-7,M5,2.2205000000000002E-5,1.2035E-5,2.0E-7,1.135E-6,M5,1.125E-5,1.297E-5,1.1155E-5,2.0E-7,M5,1.1050000000000001E-5,1.297E-5,6.0E-7,2.0E-7,M6,1.9695E-5,1.1835000000000001E-5,2.0E-7,6.0E-7,M6,1.9695E-5,1.2035E-5,2.0E-7,1.135E-6,M6,1.9695E-5,1.297E-5,1.1155E-5,2.0E-7,M6,3.045E-5,1.297E-5,6.0E-7,2.0E-7,
M1,1.25E-5,1.5975E-5,6.4E-7,2.4000000000000003E-7,M1,1.236E-5,1.893E-5,6.4E-7,2.4000000000000003E-7,M1,1.4390000000000001E-5,1.805E-6,4.58E-6,1.6E-7,M1,2.098E-5,2.197E-5,2.4000000000000003E-7,6.4E-7,M1,2.165E-5,1.449E-5,2.4000000000000003E-7,6.4E-7,M1,1.309E-5,1.5315E-5,7.18E-6,1.6E-7,M1,3.272E-5,1.924E-5,1.6E-7,1.03E-6,M1,3.268E-5,1.9E-5,2.4000000000000003E-7,6.4E-7,M1,3.294E-5,1.611E-5,2.4000000000000003E-7,6.4E-7,M1,4.800000000000001E-7,1.924E-5,1.6E-7,1.03E-6,M1,4.4E-7,1.9E-5,2.4000000000000003E-7,6.4E-7,M1,1.8E-7,1.611E-5,2.4000000000000003E-7,6.4E-7,M1,1.095E-5,1.365E-6,2.4000000000000003E-7,6.4E-7,M1,6.5000000000000004E-6,1.41E-6,2.4000000000000003E-7,6.4E-7,M1,9.57E-6,4.86E-6,1.9200000000000003E-6,1.6E-7,M1,2.0700000000000002E-5,1.339E-5,1.6E-7,8.6E-7,M1,2.0700000000000002E-5,1.409E-5,2.7E-7,1.6E-7,M1,8.61E-6,1.765E-5,6.4E-7,2.4000000000000003E-7,M1,1.8105E-5,1.207E-5,6.4E-7,2.4000000000000003E-7,M1,9.57E-6,1.365E-6,1.6E-7,3.655E-6,M1,9.53E-6,1.365E-6,2.0E-7,1.6E-7,M1,2.363E-5,1.365E-6,1.6E-7,3.655E-6,M1,2.363E-5,1.365E-6,2.0E-7,1.6E-7,M1,1.214E-5,2.197E-5,2.4000000000000003E-7,6.4E-7,M1,1.147E-5,1.449E-5,2.4000000000000003E-7,6.4E-7,M1,2.04E-5,1.897E-5,2.2E-7,1.6E-7,M1,2.046E-5,1.6015E-5,1.6E-7,3.1150000000000002E-6,M1,2.523E-5,9.7E-7,2.4000000000000003E-7,6.4E-7,M1,2.578E-5,1.963E-5,2.4000000000000003E-7,6.4E-7,M1,2.766E-5,2.0E-8,6.4E-7,2.4000000000000003E-7,M1,6.155E-6,2.0E-8,6.4E-7,2.4000000000000003E-7,M1,1.736E-5,1.053E-5,2.4000000000000003E-7,6.4E-7,M1,1.971E-5,1.3350000000000001E-5,6.4E-7,2.4000000000000003E-7,M1,1.185E-5,2.35E-6,1.6E-7,1.53E-6,M1,1.185E-5,2.35E-6,1.8E-7,1.6E-7,M1,1.4615E-5,1.207E-5,6.4E-7,2.4000000000000003E-7,M1,2.411E-5,1.765E-5,6.4E-7,2.4000000000000003E-7,M1,7.89E-6,9.7E-7,2.4000000000000003E-7,6.4E-7,M1,7.34E-6,1.963E-5,2.4000000000000003E-7,6.4E-7,M1,1.576E-5,1.053E-5,2.4000000000000003E-7,6.4E-7,M1,1.301E-5,1.3350000000000001E-5,6.4E-7,2.4000000000000003E-7,M1,1.239E-5,1.339E-5,1.6E-7,8.6E-7,M1,1.239E-5,1.339E-5,2.7E-7,1.6E-7,M1,2.217E-5,1.365E-6,2.4000000000000003E-7,6.4E-7,M1,2.662E-5,1.41E-6,2.4000000000000003E-7,6.4E-7,M1,2.187E-5,4.86E-6,1.9200000000000003E-6,1.6E-7,M1,2.133E-5,2.35E-6,1.8E-7,1.6E-7,M1,2.135E-5,2.35E-6,1.6E-7,1.53E-6,M2,1.2460000000000001E-5,1.5935E-5,7.2E-7,3.2E-7,M2,1.232E-5,1.889E-5,7.2E-7,3.2E-7,M2,2.094E-5,2.1930000000000002E-5,3.2E-7,7.2E-7,M2,2.161E-5,2.153E-5,3.2E-7,1.12E-6,M2,2.081E-5,2.233E-5,1.12E-6,3.2E-7,M2,2.167E-5,1.451E-5,2.0E-7,8.08E-6,M2,2.167E-5,1.451E-5,2.0E-7,6.0E-7,M2,3.27E-5,1.902E-5,2.0E-7,6.0E-7,M2,3.27E-5,1.653E-5,2.0E-7,2.89E-6,M2,3.27E-5,1.653E-5,4.6E-7,2.0E-7,M2,3.296E-5,1.613E-5,2.0E-7,6.0E-7,M2,4.6E-7,1.902E-5,2.0E-7,6.0E-7,M2,4.6E-7,1.653E-5,2.0E-7,2.89E-6,M2,2.0E-7,1.653E-5,4.6E-7,2.0E-7,M2,2.0E-7,1.613E-5,2.0E-7,6.0E-7,M2,1.091E-5,1.325E-6,3.2E-7,7.2E-7,M2,6.46E-6,1.37E-6,3.2E-7,7.2E-7,M2,8.570000000000001E-6,1.761E-5,7.2E-7,3.2E-7,M2,1.8065E-5,1.203E-5,7.2E-7,3.2E-7,M2,1.2100000000000001E-5,2.1930000000000002E-5,3.2E-7,7.2E-7,M2,1.143E-5,2.233E-5,1.12E-6,3.2E-7,M2,1.143E-5,2.153E-5,3.2E-7,1.12E-6,M2,1.149E-5,1.451E-5,2.0E-7,8.08E-6,M2,1.149E-5,1.451E-5,2.0E-7,6.0E-7,M2,2.525E-5,9.9E-7,2.0E-7,6.0E-7,M2,2.525E-5,1.39E-6,7.5E-7,2.0E-7,M2,2.58E-5,1.39E-6,2.0E-7,1.846E-5,M2,2.58E-5,1.965E-5,2.0E-7,6.0E-7,M2,2.768E-5,4.0E-8,6.0E-7,2.0E-7,M2,6.375E-6,4.0E-8,2.1705E-5,2.0E-7,M2,6.175E-6,4.0E-8,6.0E-7,2.0E-7,M2,1.738E-5,1.055E-5,2.0E-7,6.0E-7,M2,1.738E-5,1.095E-5,2.0E-7,1.28E-6,M2,1.738E-5,1.203E-5,2.0E-7,1.54E-6,M2,1.738E-5,1.337E-5,2.55E-6,2.0E-7,M2,1.973E-5,1.337E-5,6.0E-7,2.0E-7,M2,1.4575E-5,1.203E-5,7.2E-7,3.2E-7,M2,2.284E-5,1.761E-5,7.2E-7,3.2E-7,M2,2.31E-5,1.7670000000000002E-5,1.23E-6,2.0E-7,M2,2.413E-5,1.7670000000000002E-5,6.0E-7,2.0E-7,M2,7.91E-6,9.9E-7,2.0E-7,6.0E-7,M2,7.36E-6,1.39E-6,7.5E-7,2.0E-7,M2,7.36E-6,1.39E-6,2.0E-7,1.846E-5,M2,7.36E-6,1.965E-5,2.0E-7,6.0E-7,M2,1.578E-5,1.055E-5,2.0E-7,6.0E-7,M2,1.578E-5,1.095E-5,2.0E-7,1.28E-6,M2,1.578E-5,1.203E-5,2.0E-7,1.54E-6,M2,1.343E-5,1.337E-5,2.55E-6,2.0E-7,M2,1.303E-5,1.337E-5,6.0E-7,2.0E-7,M2,2.213E-5,1.325E-6,3.2E-7,7.2E-7,M2,2.658E-5,1.37E-6,3.2E-7,7.2E-7,M3,1.252E-5,1.5995000000000002E-5,6.0E-7,2.0E-7,M3,1.272E-5,1.5995000000000002E-5,2.0E-7,3.155E-6,M3,1.272E-5,1.895E-5,2.6E-7,2.0E-7,M3,1.238E-5,1.895E-5,6.0E-7,2.0E-7,M3,2.1E-5,2.199E-5,2.0E-7,6.0E-7,M3,2.1E-5,2.239E-5,8.7E-7,2.0E-7,M3,2.167E-5,2.159E-5,2.0E-7,1.0E-6,M3,2.0870000000000002E-5,2.239E-5,1.0E-6,2.0E-7,M3,1.091E-5,1.325E-6,3.2E-7,7.2E-7,M3,6.46E-6,1.37E-6,3.2E-7,7.2E-7,M3,8.570000000000001E-6,1.761E-5,7.2E-7,3.2E-7,M3,1.8065E-5,1.203E-5,7.2E-7,3.2E-7,M3,1.216E-5,2.199E-5,2.0E-7,6.0E-7,M3,1.149E-5,2.239E-5,8.7E-7,2.0E-7,M3,1.149E-5,2.239E-5,1.0E-6,2.0E-7,M3,1.149E-5,2.159E-5,2.0E-7,1.0E-6,M3,1.4575E-5,1.203E-5,7.2E-7,3.2E-7,M3,2.284E-5,1.761E-5,7.2E-7,3.2E-7,M3,2.213E-5,1.325E-6,3.2E-7,7.2E-7,M3,2.658E-5,1.37E-6,3.2E-7,7.2E-7,M4,1.097E-5,1.385E-6,2.0E-7,6.0E-7,M4,6.52E-6,1.785E-6,4.65E-6,2.0E-7,M4,6.52E-6,1.785E-6,2.0E-7,2.45E-7,M4,6.52E-6,1.43E-6,2.0E-7,6.0E-7,M4,8.570000000000001E-6,1.761E-5,7.2E-7,3.2E-7,M4,1.8065E-5,1.203E-5,7.2E-7,3.2E-7,M4,1.4635E-5,1.209E-5,6.0E-7,2.0E-7,M4,1.4835000000000001E-5,1.209E-5,2.0E-7,5.78E-6,M4,1.4775E-5,1.761E-5,1.12E-6,3.2E-7,M4,1.4775E-5,1.681E-5,3.2E-7,1.12E-6,M4,2.284E-5,1.761E-5,7.2E-7,3.2E-7,M4,2.219E-5,1.385E-6,2.0E-7,6.0E-7,M4,2.219E-5,1.785E-6,4.65E-6,2.0E-7,M4,2.664E-5,1.785E-6,2.0E-7,2.45E-7,M4,2.664E-5,1.43E-6,2.0E-7,6.0E-7,M5,8.570000000000001E-6,1.761E-5,7.2E-7,3.2E-7,M5,1.8065E-5,1.203E-5,7.2E-7,3.2E-7,M5,1.4835000000000001E-5,1.7670000000000002E-5,1.0E-6,2.0E-7,M5,1.4835000000000001E-5,1.687E-5,2.0E-7,1.0E-6,M5,1.4835000000000001E-5,1.7670000000000002E-5,8.465E-6,2.0E-7,M5,2.29E-5,1.7670000000000002E-5,6.0E-7,2.0E-7,M6,8.63E-6,1.7670000000000002E-5,6.0E-7,2.0E-7,M6,9.03E-6,1.7670000000000002E-5,9.495E-6,2.0E-7,M6,1.8325E-5,1.209E-5,2.0E-7,5.78E-6,M6,1.8125E-5,1.209E-5,6.0E-7,2.0E-7,
M1,6.86E-6,2.0E-8,6.4E-7,2.4000000000000003E-7,M1,2.4705E-5,2.0E-8,6.4E-7,2.4000000000000003E-7,M1,2.4945E-5,6.000000000000001E-8,3.875E-6,1.6E-7,M1,1.7E-5,1.805E-6,1.9200000000000003E-6,1.6E-7,M1,1.525E-5,1.4995E-5,5.42E-6,1.6E-7,M1,7.79E-6,5.5E-7,2.4000000000000003E-7,6.4E-7,M1,7.5500000000000006E-6,1.85E-5,2.4000000000000003E-7,6.4E-7,M1,1.391E-5,2.35E-6,1.6E-7,1.44E-6,M1,1.3875E-5,3.63E-6,1.95E-7,1.6E-7,M1,1.251E-5,1.3755E-5,2.4000000000000003E-7,6.4E-7,M1,1.195E-5,1.3195E-5,6.4E-7,2.4000000000000003E-7,M1,4.4E-7,1.894E-5,2.4000000000000003E-7,6.4E-7,M1,1.8E-7,1.498E-5,2.4000000000000003E-7,6.4E-7,M1,1.934E-5,2.31E-6,6.4E-7,2.4000000000000003E-7,M1,5.89E-6,3.5600000000000002E-6,6.4E-7,2.4000000000000003E-7,M1,2.947E-5,1.78E-5,6.4E-7,2.4000000000000003E-7,M1,2.1720000000000002E-5,1.3195E-5,6.4E-7,2.4000000000000003E-7,M1,2.317E-5,1.3755E-5,2.4000000000000003E-7,6.4E-7,M1,2.3330000000000002E-5,1.3195E-5,6.4E-7,2.4000000000000003E-7,M1,1.664E-5,1.894E-5,2.4000000000000003E-7,6.4E-7,M1,1.521E-5,1.4555E-5,2.4000000000000003E-7,6.4E-7,M1,3.55E-5,1.498E-5,2.4000000000000003E-7,6.4E-7,M1,3.524E-5,1.894E-5,2.4000000000000003E-7,6.4E-7,M1,2.042E-5,1.0375E-5,2.4000000000000003E-7,6.4E-7,M1,2.0515E-5,1.3195E-5,6.4E-7,2.4000000000000003E-7,M1,2.206E-5,1.365E-6,2.4000000000000003E-7,6.4E-7,M1,2.644E-5,1.35E-6,2.4000000000000003E-7,6.4E-7,M1,1.363E-5,1.5555E-5,1.6E-7,2.445E-6,M1,1.363E-5,1.5555E-5,3.3E-7,1.6E-7,M1,2.939E-5,3.5600000000000002E-6,6.4E-7,2.4000000000000003E-7,M1,1.5740000000000002E-5,2.31E-6,6.4E-7,2.4000000000000003E-7,M1,1.119E-5,1.365E-6,1.6E-7,3.565E-6,M1,1.119E-5,1.365E-6,1.2E-6,1.6E-7,M1,1.119E-5,4.74E-6,1.6E-7,1.9E-7,M1,9.43E-6,4.74E-6,1.9200000000000003E-6,1.6E-7,M1,2.633E-5,4.74E-6,1.6E-7,1.9E-7,M1,2.457E-5,4.77E-6,1.9200000000000003E-6,1.6E-7,M1,1.668E-5,2.0875E-5,2.56E-6,1.6E-7,M1,2.185E-5,2.35E-6,1.6E-7,1.44E-6,M1,2.185E-5,3.63E-6,1.95E-7,1.6E-7,M1,2.813E-5,1.85E-5,2.4000000000000003E-7,6.4E-7,M1,2.789E-5,5.5E-7,2.4000000000000003E-7,6.4E-7,M1,2.457E-5,1.365E-6,1.6E-7,3.565E-6,M1,2.353E-5,1.365E-6,1.2E-6,1.6E-7,M1,1.526E-5,1.0375E-5,2.4000000000000003E-7,6.4E-7,M1,1.4765E-5,1.3195E-5,6.4E-7,2.4000000000000003E-7,M1,9.24E-6,1.35E-6,2.4000000000000003E-7,6.4E-7,M1,1.362E-5,1.365E-6,2.4000000000000003E-7,6.4E-7,M2,6.88E-6,4.0E-8,6.0E-7,2.0E-7,M2,7.08E-6,4.0E-8,1.8045E-5,2.0E-7,M2,2.4725E-5,4.0E-8,6.0E-7,2.0E-7,M2,7.81E-6,5.7E-7,2.0E-7,6.0E-7,M2,7.81E-6,5.7E-7,2.0E-7,1.815E-5,M2,7.57E-6,1.852E-5,4.4E-7,2.0E-7,M2,7.57E-6,1.852E-5,2.0E-7,6.0E-7,M2,1.253E-5,1.3775000000000001E-5,2.0E-7,6.0E-7,M2,1.253E-5,1.3215E-5,2.0E-7,7.6E-7,M2,1.197E-5,1.3215E-5,7.6E-7,2.0E-7,M2,1.197E-5,1.3215E-5,6.0E-7,2.0E-7,M2,4.0E-7,1.8900000000000002E-5,3.2E-7,7.2E-7,M2,1.4E-7,1.4940000000000001E-5,3.2E-7,7.2E-7,M2,1.936E-5,2.33E-6,6.0E-7,2.0E-7,M2,1.936E-5,2.33E-6,2.0E-7,6.95E-7,M2,1.93E-5,1.9650000000000002E-6,3.2E-7,1.12E-6,M2,1.85E-5,2.765E-6,1.12E-6,3.2E-7,M2,5.85E-6,3.52E-6,7.2E-7,3.2E-7,M2,2.943E-5,1.776E-5,7.2E-7,3.2E-7,M2,2.168E-5,1.3155E-5,7.2E-7,3.2E-7,M2,2.319E-5,1.3775000000000001E-5,2.0E-7,6.0E-7,M2,2.319E-5,1.3215E-5,2.0E-7,7.6E-7,M2,2.319E-5,1.3215E-5,7.6E-7,2.0E-7,M2,2.3350000000000002E-5,1.3215E-5,6.0E-7,2.0E-7,M2,1.66E-5,1.8900000000000002E-5,3.2E-7,7.2E-7,M2,1.517E-5,1.4515E-5,3.2E-7,7.2E-7,M2,3.546E-5,1.4940000000000001E-5,3.2E-7,7.2E-7,M2,3.52E-5,1.8900000000000002E-5,3.2E-7,7.2E-7,M2,2.044E-5,1.0395E-5,2.0E-7,6.0E-7,M2,2.044E-5,1.0795E-5,4.95E-7,2.0E-7,M2,2.0735E-5,1.0795E-5,2.0E-7,2.62E-6,M2,2.0535E-5,1.3215E-5,6.0E-7,2.0E-7,M2,2.2080000000000002E-5,1.385E-6,2.0E-7,6.0E-7,M2,2.2080000000000002E-5,1.785E-6,4.58E-6,2.0E-7,M2,2.64E-5,9.25E-7,3.2E-7,1.12E-6,M2,2.56E-5,1.725E-6,1.12E-6,3.2E-7,M2,2.64E-5,1.31E-6,3.2E-7,7.2E-7,M2,2.9350000000000002E-5,3.52E-6,7.2E-7,3.2E-7,M2,1.57E-5,2.27E-6,7.2E-7,3.2E-7,M2,2.809E-5,1.846E-5,3.2E-7,7.2E-7,M2,2.785E-5,5.1E-7,3.2E-7,7.2E-7,M2,1.528E-5,1.0395E-5,2.0E-7,6.0E-7,M2,1.4985E-5,1.0795E-5,4.95E-7,2.0E-7,M2,1.4985E-5,1.0795E-5,2.0E-7,2.62E-6,M2,1.4785E-5,1.3215E-5,6.0E-7,2.0E-7,M2,9.2E-6,1.31E-6,3.2E-7,7.2E-7,M2,1.358E-5,1.325E-6,3.2E-7,7.2E-7,M3,4.6E-7,1.896E-5,2.0E-7,6.0E-7,M3,4.6E-7,1.54E-5,2.0E-7,3.76E-6,M3,2.0E-7,1.54E-5,4.6E-7,2.0E-7,M3,2.0E-7,1.5E-5,2.0E-7,6.0E-7,M3,1.93E-5,1.9650000000000002E-6,3.2E-7,1.12E-6,M3,1.85E-5,2.765E-6,1.12E-6,3.2E-7,M3,5.85E-6,3.52E-6,7.2E-7,3.2E-7,M3,2.949E-5,1.782E-5,6.0E-7,2.0E-7,M3,2.9690000000000002E-5,1.3215E-5,2.0E-7,4.805E-6,M3,2.194E-5,1.3215E-5,7.95E-6,2.0E-7,M3,2.1740000000000002E-5,1.3215E-5,6.0E-7,2.0E-7,M3,1.666E-5,1.896E-5,2.0E-7,6.0E-7,M3,1.666E-5,1.4975E-5,2.0E-7,4.185E-6,M3,1.523E-5,1.4975E-5,1.63E-6,2.0E-7,M3,1.523E-5,1.4575E-5,2.0E-7,6.0E-7,M3,3.552E-5,1.5E-5,2.0E-7,6.0E-7,M3,3.526E-5,1.54E-5,4.6E-7,2.0E-7,M3,3.526E-5,1.54E-5,2.0E-7,3.76E-6,M3,3.526E-5,1.896E-5,2.0E-7,6.0E-7,M3,2.646E-5,9.85E-7,2.0E-7,1.0E-6,M3,2.566E-5,1.785E-6,1.0E-6,2.0E-7,M3,2.646E-5,1.77E-6,2.0E-7,2.15E-7,M3,2.646E-5,1.37E-6,2.0E-7,6.0E-7,M3,2.9350000000000002E-5,3.52E-6,7.2E-7,3.2E-7,M3,1.57E-5,2.27E-6,7.2E-7,3.2E-7,M3,2.815E-5,1.852E-5,2.0E-7,6.0E-7,M3,2.7910000000000002E-5,1.852E-5,4.4E-7,2.0E-7,M3,2.785E-5,1.846E-5,1.12E-6,3.2E-7,M3,2.785E-5,1.766E-5,3.2E-7,1.12E-6,M3,2.785E-5,5.1E-7,3.2E-7,7.2E-7,M3,9.26E-6,1.37E-6,2.0E-7,6.0E-7,M3,9.26E-6,1.77E-6,2.0E-7,2.15E-7,M3,9.26E-6,1.785E-6,4.58E-6,2.0E-7,M3,1.364E-5,1.385E-6,2.0E-7,6.0E-7,M4,1.936E-5,2.025E-6,2.0E-7,1.0E-6,M4,1.8560000000000002E-5,2.825E-6,1.0E-6,2.0E-7,M4,6.11E-6,2.825E-6,1.345E-5,2.0E-7,M4,6.0500000000000005E-6,2.765E-6,3.2E-7,1.12E-6,M4,6.0500000000000005E-6,2.765E-6,1.12E-6,3.2E-7,M4,5.85E-6,3.52E-6,7.2E-7,3.2E-7,M4,2.9350000000000002E-5,3.52E-6,7.2E-7,3.2E-7,M4,1.57E-5,2.27E-6,7.2E-7,3.2E-7,M4,2.7910000000000002E-5,1.852E-5,1.0E-6,2.0E-7,M4,2.7910000000000002E-5,1.772E-5,2.0E-7,1.0E-6,M4,2.7910000000000002E-5,5.7E-7,2.0E-7,1.815E-5,M4,2.7910000000000002E-5,5.7E-7,2.0E-7,6.0E-7,M5,6.0500000000000005E-6,2.765E-6,3.2E-7,1.12E-6,M5,6.0500000000000005E-6,2.765E-6,1.12E-6,3.2E-7,M5,5.85E-6,3.52E-6,7.2E-7,3.2E-7,M5,2.9350000000000002E-5,3.52E-6,7.2E-7,3.2E-7,M5,1.57E-5,2.27E-6,7.2E-7,3.2E-7,M6,6.11E-6,2.825E-6,2.0E-7,1.0E-6,M6,6.11E-6,2.825E-6,1.0E-6,2.0E-7,M6,6.11E-6,2.825E-6,2.0E-7,9.55E-7,M6,5.91E-6,3.58E-6,6.0E-7,2.0E-7,M6,2.941E-5,3.58E-6,6.0E-7,2.0E-7,M6,2.961E-5,2.825E-6,2.0E-7,9.55E-7,M6,1.636E-5,2.825E-6,1.345E-5,2.0E-7,M6,1.626E-5,2.725E-6,2.0E-6,4.0E-7,M6,1.626E-5,1.125E-6,4.0E-7,2.0E-6,M6,1.546E-5,2.2300000000000002E-6,1.2E-6,4.0E-7,M7,1.626E-5,2.725E-6,2.0E-6,4.0E-7,M7,1.626E-5,1.125E-6,4.0E-7,2.0E-6,M7,1.546E-5,2.2300000000000002E-6,1.2E-6,4.0E-7,M8,1.626E-5,2.725E-6,2.0E-6,4.0E-7,M8,1.626E-5,1.125E-6,4.0E-7,2.0E-6,M8,1.626E-5,2.2300000000000002E-6,4.0E-7,8.95E-7,M8,1.546E-5,2.2300000000000002E-6,1.2E-6,4.0E-7,
M1,1.551E-5,1.805E-6,4.62E-6,1.6E-7,M1,2.059E-5,2.35E-6,1.6E-7,7.25E-7,M1,2.052E-5,2.915E-6,2.3E-7,1.6E-7,M1,2.052E-5,2.915E-6,1.6E-7,1.66E-6,M1,2.052E-5,4.415E-6,1.6E-7,1.7000000000000001E-7,M1,1.876E-5,2.2270000000000002E-5,2.4000000000000003E-7,6.4E-7,M1,2.407E-5,1.4050000000000001E-5,2.4000000000000003E-7,6.4E-7,M1,3.5000000000000004E-5,2.0815E-5,4.2E-7,1.6E-7,M1,3.522E-5,1.9975E-5,2.4000000000000003E-7,1.04E-6,M1,3.442E-5,2.0775E-5,1.04E-6,2.4000000000000003E-7,M1,3.522E-5,1.6815E-5,2.4000000000000003E-7,6.4E-7,M1,2.6530000000000002E-5,1.8355E-5,6.4E-7,2.4000000000000003E-7,M1,1.452E-5,4.385E-6,6.4E-7,2.4000000000000003E-7,M1,2.2E-7,2.0815E-5,4.2E-7,1.6E-7,M1,1.8E-7,2.0775E-5,1.04E-6,2.4000000000000003E-7,M1,1.8E-7,1.9975E-5,2.4000000000000003E-7,1.04E-6,M1,1.8E-7,1.6815E-5,2.4000000000000003E-7,6.4E-7,M1,1.517E-5,1.269E-5,6.4E-7,2.4000000000000003E-7,M1,1.526E-5,9.87E-6,2.4000000000000003E-7,6.4E-7,M1,8.34E-6,1.9635E-5,6.4E-7,2.4000000000000003E-7,M1,1.235E-5,1.269E-5,6.4E-7,2.4000000000000003E-7,M1,5.57E-6,2.0335E-5,2.4000000000000003E-7,6.4E-7,M1,6.69E-6,7.2E-7,2.4000000000000003E-7,6.4E-7,M1,2.321E-5,1.365E-6,2.4000000000000003E-7,6.4E-7,M1,2.746E-5,2.005E-6,2.4000000000000003E-7,6.4E-7,M1,9.43E-6,5.565E-6,1.9200000000000003E-6,1.6E-7,M1,8.45E-6,3.105E-6,6.4E-7,2.4000000000000003E-7,M1,2.655E-5,3.105E-6,6.4E-7,2.4000000000000003E-7,M1,1.987E-5,1.273E-5,1.6E-7,7.2E-7,M1,1.9430000000000002E-5,1.329E-5,6.0E-7,1.6E-7,M1,1.668E-5,2.271E-5,2.28E-6,1.6E-7,M1,1.561E-5,1.273E-5,1.6E-7,7.2E-7,M1,1.561E-5,1.329E-5,6.0E-7,1.6E-7,M1,1.525E-5,1.449E-5,5.14E-6,1.6E-7,M1,2.014E-5,9.87E-6,2.4000000000000003E-7,6.4E-7,M1,1.983E-5,1.269E-5,6.4E-7,2.4000000000000003E-7,M1,2.168E-5,1.505E-5,3.3E-7,1.6E-7,M1,2.185E-5,1.505E-5,1.6E-7,4.785E-6,M1,2.871E-5,7.2E-7,2.4000000000000003E-7,6.4E-7,M1,2.983E-5,2.0335E-5,2.4000000000000003E-7,6.4E-7,M1,1.219E-5,1.365E-6,2.4000000000000003E-7,6.4E-7,M1,7.94E-6,2.005E-6,2.4000000000000003E-7,6.4E-7,M1,1.489E-5,2.35E-6,1.6E-7,7.25E-7,M1,1.489E-5,2.915E-6,2.3E-7,1.6E-7,M1,1.496E-5,2.915E-6,1.6E-7,1.66E-6,M1,1.496E-5,4.415E-6,1.6E-7,1.7000000000000001E-7,M1,2.429E-5,5.565E-6,1.9200000000000003E-6,1.6E-7,M1,8.47E-6,1.8355E-5,6.4E-7,2.4000000000000003E-7,M1,2.048E-5,4.385E-6,6.4E-7,2.4000000000000003E-7,M1,2.465E-5,1.365E-6,1.6E-7,4.36E-6,M1,2.429E-5,5.565E-6,5.2E-7,1.6E-7,M1,1.083E-5,1.365E-6,1.6E-7,4.36E-6,M1,1.083E-5,5.565E-6,5.2E-7,1.6E-7,M2,1.872E-5,2.223E-5,3.2E-7,7.2E-7,M2,2.4030000000000002E-5,1.401E-5,3.2E-7,7.2E-7,M2,3.524E-5,1.9995E-5,2.0E-7,1.0E-6,M2,3.444E-5,2.0795E-5,1.0E-6,2.0E-7,M2,3.524E-5,1.7235E-5,2.0E-7,3.76E-6,M2,3.524E-5,1.6835E-5,2.0E-7,6.0E-7,M2,2.6490000000000002E-5,1.8315E-5,7.2E-7,3.2E-7,M2,1.448E-5,4.345E-6,7.2E-7,3.2E-7,M2,2.0E-7,2.0795E-5,1.0E-6,2.0E-7,M2,2.0E-7,1.9995E-5,2.0E-7,1.0E-6,M2,2.0E-7,1.7235E-5,2.0E-7,3.76E-6,M2,2.0E-7,1.6835E-5,2.0E-7,6.0E-7,M2,1.519E-5,1.271E-5,6.0E-7,2.0E-7,M2,1.559E-5,1.029E-5,2.0E-7,2.62E-6,M2,1.528E-5,1.029E-5,5.1E-7,2.0E-7,M2,1.528E-5,9.89E-6,2.0E-7,6.0E-7,M2,8.3E-6,1.9595E-5,7.2E-7,3.2E-7,M2,1.231E-5,1.2650000000000001E-5,7.2E-7,3.2E-7,M2,5.59E-6,2.0355E-5,2.0E-7,6.0E-7,M2,5.59E-6,7.4E-7,2.0E-7,1.9815E-5,M2,5.53E-6,6.800000000000001E-7,3.2E-7,1.12E-6,M2,5.53E-6,6.800000000000001E-7,1.12E-6,3.2E-7,M2,6.65E-6,6.800000000000001E-7,3.2E-7,7.2E-7,M2,2.323E-5,1.385E-6,2.0E-7,6.0E-7,M2,2.323E-5,1.785E-6,4.45E-6,2.0E-7,M2,2.748E-5,1.785E-6,2.0E-7,8.4E-7,M2,2.748E-5,2.025E-6,2.0E-7,6.0E-7,M2,8.47E-6,3.125E-6,6.0E-7,2.0E-7,M2,8.87E-6,3.125E-6,1.4185E-5,2.0E-7,M2,2.2855E-5,3.125E-6,3.915E-6,2.0E-7,M2,2.657E-5,3.125E-6,6.0E-7,2.0E-7,M2,2.016E-5,9.89E-6,2.0E-7,6.0E-7,M2,2.016E-5,1.029E-5,2.0E-7,2.62E-6,M2,1.985E-5,1.271E-5,5.1E-7,2.0E-7,M2,1.985E-5,1.271E-5,6.0E-7,2.0E-7,M2,2.867E-5,6.800000000000001E-7,3.2E-7,7.2E-7,M2,2.979E-5,2.0295E-5,3.2E-7,7.2E-7,M2,1.221E-5,1.385E-6,2.0E-7,6.0E-7,M2,7.96E-6,1.785E-6,4.45E-6,2.0E-7,M2,7.96E-6,1.785E-6,2.0E-7,8.4E-7,M2,7.96E-6,2.025E-6,2.0E-7,6.0E-7,M2,8.49E-6,1.8375E-5,6.0E-7,2.0E-7,M2,8.89E-6,5.7000000000000005E-6,2.0E-7,1.2875E-5,M2,8.83E-6,5.64E-6,3.2E-7,1.12E-6,M2,8.83E-6,5.64E-6,1.12E-6,3.2E-7,M2,2.044E-5,4.345E-6,7.2E-7,3.2E-7,M3,1.878E-5,2.2290000000000002E-5,2.0E-7,6.0E-7,M3,1.878E-5,1.447E-5,2.0E-7,8.42E-6,M3,1.878E-5,1.447E-5,5.51E-6,2.0E-7,M3,2.409E-5,1.407E-5,2.0E-7,6.0E-7,M3,2.655E-5,1.8375E-5,6.0E-7,2.0E-7,M3,2.655E-5,4.405E-6,2.0E-7,1.417E-5,M3,2.569E-5,4.345E-6,1.12E-6,3.2E-7,M3,2.6490000000000002E-5,4.345E-6,3.2E-7,1.12E-6,M3,1.448E-5,4.345E-6,7.2E-7,3.2E-7,M3,8.36E-6,1.9655E-5,6.0E-7,2.0E-7,M3,8.56E-6,1.271E-5,2.0E-7,7.145E-6,M3,8.56E-6,1.271E-5,4.21E-6,2.0E-7,M3,1.237E-5,1.271E-5,6.0E-7,2.0E-7,M3,5.59E-6,7.4E-7,2.0E-7,1.0E-6,M3,5.59E-6,7.4E-7,1.0E-6,2.0E-7,M3,5.59E-6,7.4E-7,1.32E-6,2.0E-7,M3,6.71E-6,7.4E-7,2.0E-7,6.0E-7,M3,2.867E-5,6.800000000000001E-7,3.2E-7,7.2E-7,M3,2.979E-5,2.0295E-5,3.2E-7,7.2E-7,M3,8.83E-6,5.64E-6,3.2E-7,1.12E-6,M3,8.83E-6,5.64E-6,1.12E-6,3.2E-7,M3,2.044E-5,4.345E-6,7.2E-7,3.2E-7,M4,2.569E-5,4.345E-6,1.12E-6,3.2E-7,M4,2.6490000000000002E-5,4.345E-6,3.2E-7,1.12E-6,M4,1.448E-5,4.345E-6,7.2E-7,3.2E-7,M4,2.873E-5,7.4E-7,2.0E-7,6.0E-7,M4,2.873E-5,7.4E-7,1.32E-6,2.0E-7,M4,2.985E-5,7.4E-7,2.0E-7,1.9815E-5,M4,2.985E-5,2.0355E-5,2.0E-7,6.0E-7,M4,8.89E-6,5.7000000000000005E-6,2.0E-7,1.0E-6,M4,8.89E-6,5.7000000000000005E-6,1.0E-6,2.0E-7,M4,8.89E-6,5.7000000000000005E-6,1.181E-5,2.0E-7,M4,2.05E-5,4.405E-6,2.0E-7,1.495E-6,M4,2.05E-5,4.405E-6,6.0E-7,2.0E-7,M5,2.575E-5,4.405E-6,1.0E-6,2.0E-7,M5,2.655E-5,4.405E-6,2.0E-7,1.0E-6,M5,1.4940000000000001E-5,4.405E-6,1.181E-5,2.0E-7,M5,1.454E-5,4.405E-6,6.0E-7,2.0E-7,
M1,8.390000000000001E-6,7.2E-7,2.4000000000000003E-7,6.4E-7,M1,7.5500000000000006E-6,1.99E-5,2.4000000000000003E-7,6.4E-7,M1,1.798E-5,1.805E-6,1.9200000000000003E-6,1.6E-7,M1,1.0520000000000001E-5,2.1885E-5,2.4000000000000003E-7,6.4E-7,M1,1.133E-5,1.4675000000000001E-5,2.4000000000000003E-7,6.4E-7,M1,6.13E-6,1.796E-5,1.469E-5,1.6E-7,M1,2.0660000000000002E-5,1.1955E-5,1.6E-7,6.165E-6,M1,2.304E-5,1.365E-6,2.4000000000000003E-7,6.4E-7,M1,2.766E-5,2.58E-6,2.4000000000000003E-7,6.4E-7,M1,3.72E-5,2.0340000000000002E-5,2.4000000000000003E-7,6.4E-7,M1,3.7460000000000004E-5,1.638E-5,2.4000000000000003E-7,6.4E-7,M1,3.009E-5,1.99E-5,2.4000000000000003E-7,6.4E-7,M1,2.925E-5,7.2E-7,2.4000000000000003E-7,6.4E-7,M1,4.4E-7,2.0340000000000002E-5,2.4000000000000003E-7,6.4E-7,M1,1.8E-7,1.638E-5,2.4000000000000003E-7,6.4E-7,M1,1.452E-5,2.2325E-5,8.84E-6,1.6E-7,M1,9.980000000000001E-6,2.58E-6,2.4000000000000003E-7,6.4E-7,M1,1.46E-5,1.365E-6,2.4000000000000003E-7,6.4E-7,M1,1.662E-5,1.1915E-5,6.4E-7,2.4000000000000003E-7,M1,3.135E-5,1.792E-5,6.4E-7,2.4000000000000003E-7,M1,2.443E-5,1.1255E-5,4.0200000000000005E-6,1.6E-7,M1,2.8290000000000002E-5,1.1255E-5,1.6E-7,3.85E-7,M1,2.641E-5,2.0E-8,6.4E-7,2.4000000000000003E-7,M1,9.975E-6,2.0E-8,6.4E-7,2.4000000000000003E-7,M1,9.885E-6,6.000000000000001E-8,4.9E-7,1.6E-7,M1,9.525E-6,6.000000000000001E-8,5.2E-7,1.6E-7,M1,2.4580000000000002E-5,1.5755E-5,6.4E-7,2.4000000000000003E-7,M1,2.478E-5,1.92E-5,1.04E-6,2.4000000000000003E-7,M1,2.478E-5,1.84E-5,2.4000000000000003E-7,1.04E-6,M1,2.482E-5,1.924E-5,2.55E-7,1.6E-7,M1,1.321E-5,4.77E-6,2.4000000000000003E-7,1.6E-7,M1,1.321E-5,1.365E-6,1.6E-7,3.565E-6,M1,2.5125E-5,1.3235E-5,1.6E-7,8.4E-7,M1,2.5125E-5,1.3915E-5,2.05E-7,1.6E-7,M1,1.266E-5,1.5755E-5,6.4E-7,2.4000000000000003E-7,M1,1.286E-5,1.84E-5,2.4000000000000003E-7,1.04E-6,M1,1.206E-5,1.92E-5,1.04E-6,2.4000000000000003E-7,M1,1.2805E-5,1.924E-5,2.55E-7,1.6E-7,M1,2.387E-5,1.3195E-5,6.4E-7,2.4000000000000003E-7,M1,2.028E-5,1.0375E-5,2.4000000000000003E-7,6.4E-7,M1,2.283E-5,2.35E-6,1.6E-7,1.44E-6,M1,1.489E-5,2.35E-6,1.6E-7,1.44E-6,M1,2.712E-5,2.1885E-5,2.4000000000000003E-7,6.4E-7,M1,2.631E-5,1.4675000000000001E-5,2.4000000000000003E-7,6.4E-7,M1,1.2595E-5,1.3235E-5,1.6E-7,8.4E-7,M1,1.255E-5,1.3915E-5,2.05E-7,1.6E-7,M1,1.337E-5,1.3195E-5,6.4E-7,2.4000000000000003E-7,M1,1.736E-5,1.0375E-5,2.4000000000000003E-7,6.4E-7,M1,2.443E-5,4.77E-6,2.4000000000000003E-7,1.6E-7,M1,2.451E-5,1.365E-6,1.6E-7,3.565E-6,M1,9.43E-6,1.1255E-5,4.0200000000000005E-6,1.6E-7,M1,9.43E-6,1.1255E-5,1.6E-7,3.85E-7,M2,8.41E-6,7.4E-7,2.0E-7,6.0E-7,M2,8.41E-6,7.4E-7,2.0E-7,1.938E-5,M2,7.57E-6,1.992E-5,1.04E-6,2.0E-7,M2,7.57E-6,1.992E-5,2.0E-7,6.0E-7,M2,1.054E-5,2.1905E-5,2.0E-7,6.0E-7,M2,1.054E-5,1.5095E-5,2.0E-7,7.41E-6,M2,1.054E-5,1.5095E-5,1.01E-6,2.0E-7,M2,1.135E-5,1.4695E-5,2.0E-7,6.0E-7,M2,2.3E-5,1.325E-6,3.2E-7,7.2E-7,M2,2.762E-5,2.5400000000000002E-6,3.2E-7,7.2E-7,M2,3.716E-5,2.03E-5,3.2E-7,7.2E-7,M2,3.742E-5,1.634E-5,3.2E-7,7.2E-7,M2,3.011E-5,1.992E-5,2.0E-7,6.0E-7,M2,2.927E-5,1.992E-5,1.04E-6,2.0E-7,M2,2.921E-5,1.986E-5,1.12E-6,3.2E-7,M2,2.921E-5,1.906E-5,3.2E-7,1.12E-6,M2,2.921E-5,6.800000000000001E-7,3.2E-7,7.2E-7,M2,4.0E-7,2.03E-5,3.2E-7,7.2E-7,M2,1.4E-7,1.634E-5,3.2E-7,7.2E-7,M2,9.94E-6,2.5400000000000002E-6,3.2E-7,7.2E-7,M2,1.456E-5,1.325E-6,3.2E-7,7.2E-7,M2,1.658E-5,1.1875E-5,7.2E-7,3.2E-7,M2,3.1310000000000003E-5,1.788E-5,7.2E-7,3.2E-7,M2,2.643E-5,4.0E-8,6.0E-7,2.0E-7,M2,1.0195E-5,4.0E-8,1.6435E-5,2.0E-7,M2,9.995E-6,4.0E-8,6.0E-7,2.0E-7,M2,2.46E-5,1.5775E-5,6.0E-7,2.0E-7,M2,2.48E-5,1.5775E-5,2.0E-7,3.6450000000000003E-6,M2,2.48E-5,1.922E-5,1.0E-6,2.0E-7,M2,2.48E-5,1.842E-5,2.0E-7,1.0E-6,M2,1.268E-5,1.5775E-5,6.0E-7,2.0E-7,M2,1.288E-5,1.5775E-5,2.0E-7,3.6450000000000003E-6,M2,1.288E-5,1.842E-5,2.0E-7,1.0E-6,M2,1.208E-5,1.922E-5,1.0E-6,2.0E-7,M2,2.389E-5,1.3215E-5,6.0E-7,2.0E-7,M2,2.389E-5,1.0795E-5,2.0E-7,2.62E-6,M2,2.03E-5,1.0795E-5,3.79E-6,2.0E-7,M2,2.03E-5,1.0395E-5,2.0E-7,6.0E-7,M2,2.714E-5,2.1905E-5,2.0E-7,6.0E-7,M2,2.714E-5,1.5095E-5,2.0E-7,7.41E-6,M2,2.633E-5,1.5095E-5,1.01E-6,2.0E-7,M2,2.633E-5,1.4695E-5,2.0E-7,6.0E-7,M2,1.339E-5,1.3215E-5,6.0E-7,2.0E-7,M2,1.379E-5,1.0795E-5,2.0E-7,2.62E-6,M2,1.379E-5,1.0795E-5,3.79E-6,2.0E-7,M2,1.738E-5,1.0395E-5,2.0E-7,6.0E-7,M3,2.306E-5,1.385E-6,2.0E-7,6.0E-7,M3,2.306E-5,1.785E-6,4.8200000000000004E-6,2.0E-7,M3,2.768E-5,1.785E-6,2.0E-7,1.415E-6,M3,2.768E-5,2.6E-6,2.0E-7,6.0E-7,M3,3.722E-5,2.036E-5,2.0E-7,6.0E-7,M3,3.722E-5,2.036E-5,4.6E-7,2.0E-7,M3,3.748E-5,1.6800000000000002E-5,2.0E-7,3.76E-6,M3,3.748E-5,1.64E-5,2.0E-7,6.0E-7,M3,2.927E-5,1.992E-5,1.0E-6,2.0E-7,M3,2.927E-5,1.912E-5,2.0E-7,1.0E-6,M3,2.927E-5,7.4E-7,2.0E-7,1.938E-5,M3,2.927E-5,7.4E-7,2.0E-7,6.0E-7,M3,4.6E-7,2.036E-5,2.0E-7,6.0E-7,M3,2.0E-7,2.036E-5,4.6E-7,2.0E-7,M3,2.0E-7,1.6800000000000002E-5,2.0E-7,3.76E-6,M3,2.0E-7,1.64E-5,2.0E-7,6.0E-7,M3,1.0E-5,2.6E-6,2.0E-7,6.0E-7,M3,1.0E-5,1.785E-6,2.0E-7,1.415E-6,M3,1.0E-5,1.785E-6,4.8200000000000004E-6,2.0E-7,M3,1.462E-5,1.385E-6,2.0E-7,6.0E-7,M3,1.658E-5,1.1875E-5,7.2E-7,3.2E-7,M3,3.1310000000000003E-5,1.788E-5,7.2E-7,3.2E-7,M4,1.664E-5,1.1935E-5,6.0E-7,2.0E-7,M4,1.704E-5,1.1935E-5,2.0E-7,6.205E-6,M4,1.704E-5,1.794E-5,1.473E-5,2.0E-7,M4,3.137E-5,1.794E-5,6.0E-7,2.0E-7,
M1,1.8E-7,1.3615000000000001E-5,2.4000000000000003E-7,6.4E-7,M1,4.4E-7,1.7575E-5,2.4000000000000003E-7,6.4E-7,M1,2.346E-5,1.174E-5,6.4E-7,2.4000000000000003E-7,M1,2.346E-5,1.4355E-5,2.4000000000000003E-7,1.04E-6,M1,2.266E-5,1.5155E-5,1.04E-6,2.4000000000000003E-7,M1,1.517E-5,1.5195000000000001E-5,8.49E-6,1.6E-7,M1,4.4200000000000004E-5,1.7575E-5,2.4000000000000003E-7,6.4E-7,M1,4.446E-5,1.3615000000000001E-5,2.4000000000000003E-7,6.4E-7,M1,2.8820000000000002E-5,1.6475E-5,3.14E-6,1.6E-7,M1,1.6505E-5,1.6475E-5,1.6E-7,8.05E-7,M1,1.646E-5,1.712E-5,2.05E-7,1.6E-7,M1,1.292E-5,1.6475E-5,3.14E-6,1.6E-7,M1,3.646E-5,1.7135E-5,2.4000000000000003E-7,6.4E-7,M1,3.7E-5,2.46E-6,2.4000000000000003E-7,6.4E-7,M1,3.058E-5,1.805E-6,1.6E-7,1.695E-6,M1,3.058E-5,3.34E-6,8.06E-6,1.6E-7,M1,1.414E-5,1.805E-6,1.6E-7,1.695E-6,M1,6.24E-6,3.34E-6,8.06E-6,1.6E-7,M1,1.736E-5,1.832E-5,1.0160000000000001E-5,1.6E-7,M1,1.308E-5,2.31E-6,6.4E-7,2.4000000000000003E-7,M1,1.827E-5,5.28E-6,6.4E-7,2.4000000000000003E-7,M1,1.8900000000000002E-5,5.98E-6,2.4000000000000003E-7,6.4E-7,M1,1.7175E-5,1.8925E-5,6.4E-7,2.4000000000000003E-7,M1,1.569E-5,6.05E-7,1.6E-7,6.015E-6,M1,1.23E-5,6.05E-7,3.55E-6,1.6E-7,M1,2.951E-5,1.5155E-5,6.4E-7,2.4000000000000003E-7,M1,2.078E-5,1.174E-5,6.4E-7,2.4000000000000003E-7,M1,2.903E-5,6.05E-7,1.6E-7,6.015E-6,M1,2.903E-5,6.05E-7,3.55E-6,1.6E-7,M1,1.569E-5,6.46E-6,1.9200000000000003E-6,1.6E-7,M1,1.41E-5,1.0050000000000001E-6,2.4000000000000003E-7,6.4E-7,M1,3.054E-5,1.0050000000000001E-6,2.4000000000000003E-7,6.4E-7,M1,2.826E-5,1.6475E-5,1.6E-7,8.05E-7,M1,2.8215E-5,1.6475E-5,2.05E-7,1.6E-7,M1,2.7065E-5,1.8925E-5,6.4E-7,2.4000000000000003E-7,M1,2.574E-5,5.98E-6,2.4000000000000003E-7,6.4E-7,M1,1.524E-5,1.788E-5,2.4000000000000003E-7,6.4E-7,M1,1.238E-5,1.8635E-5,2.4000000000000003E-7,6.4E-7,M1,8.18E-6,1.7135E-5,2.4000000000000003E-7,6.4E-7,M1,7.64E-6,2.46E-6,2.4000000000000003E-7,6.4E-7,M1,2.597E-5,5.28E-6,6.4E-7,2.4000000000000003E-7,M1,3.116E-5,2.31E-6,6.4E-7,2.4000000000000003E-7,M1,3.226E-5,1.8635E-5,2.4000000000000003E-7,6.4E-7,M1,2.94E-5,1.788E-5,2.4000000000000003E-7,6.4E-7,M1,6.9E-6,2.0E-8,6.4E-7,2.4000000000000003E-7,M1,3.823E-5,2.0E-8,6.4E-7,2.4000000000000003E-7,M1,2.727E-5,6.46E-6,1.9200000000000003E-6,1.6E-7,M2,1.4E-7,1.3575E-5,3.2E-7,7.2E-7,M2,4.0E-7,1.7535E-5,3.2E-7,7.2E-7,M2,2.342E-5,1.17E-5,7.2E-7,3.2E-7,M2,2.342E-5,1.4315000000000001E-5,3.2E-7,1.12E-6,M2,2.262E-5,1.5115E-5,1.12E-6,3.2E-7,M2,4.4160000000000004E-5,1.7535E-5,3.2E-7,7.2E-7,M2,4.442E-5,1.3575E-5,3.2E-7,7.2E-7,M2,3.648E-5,1.7155E-5,2.0E-7,6.0E-7,M2,3.648E-5,2.88E-6,2.0E-7,1.4475E-5,M2,3.648E-5,2.88E-6,7.4E-7,2.0E-7,M2,3.702E-5,2.48E-6,2.0E-7,6.0E-7,M2,1.304E-5,2.27E-6,7.2E-7,3.2E-7,M2,1.823E-5,5.24E-6,7.2E-7,3.2E-7,M2,1.886E-5,5.94E-6,3.2E-7,7.2E-7,M2,1.7135E-5,1.8885E-5,7.2E-7,3.2E-7,M2,2.947E-5,1.5115E-5,7.2E-7,3.2E-7,M2,2.074E-5,1.17E-5,7.2E-7,3.2E-7,M2,1.412E-5,1.025E-6,2.0E-7,6.0E-7,M2,1.412E-5,1.025E-6,1.664E-5,2.0E-7,M2,3.056E-5,1.025E-6,2.0E-7,6.0E-7,M2,2.7085E-5,1.8945E-5,6.0E-7,2.0E-7,M2,2.576E-5,1.8945E-5,1.725E-6,2.0E-7,M2,2.576E-5,6.0E-6,2.0E-7,1.3145E-5,M2,2.576E-5,6.0E-6,2.0E-7,6.0E-7,M2,1.52E-5,1.7840000000000002E-5,3.2E-7,7.2E-7,M2,1.234E-5,1.8595E-5,3.2E-7,7.2E-7,M2,8.2E-6,1.7155E-5,2.0E-7,6.0E-7,M2,8.2E-6,2.88E-6,2.0E-7,1.4475E-5,M2,7.66E-6,2.88E-6,7.4E-7,2.0E-7,M2,7.66E-6,2.48E-6,2.0E-7,6.0E-7,M2,2.593E-5,5.24E-6,7.2E-7,3.2E-7,M2,3.112E-5,2.27E-6,7.2E-7,3.2E-7,M2,3.222E-5,1.8595E-5,3.2E-7,7.2E-7,M2,2.936E-5,1.7840000000000002E-5,3.2E-7,7.2E-7,M2,6.92E-6,4.0E-8,6.0E-7,2.0E-7,M2,7.32E-6,4.0E-8,3.133E-5,2.0E-7,M2,3.825E-5,4.0E-8,6.0E-7,2.0E-7,M3,2.0E-7,1.3635E-5,2.0E-7,6.0E-7,M3,2.0E-7,1.4035E-5,2.0E-7,3.76E-6,M3,2.0E-7,1.7595E-5,4.6E-7,2.0E-7,M3,4.6E-7,1.7595E-5,2.0E-7,6.0E-7,M3,2.348E-5,1.1760000000000001E-5,6.0E-7,2.0E-7,M3,2.348E-5,1.1760000000000001E-5,2.0E-7,3.615E-6,M3,2.348E-5,1.4375E-5,2.0E-7,1.0E-6,M3,2.268E-5,1.5175E-5,1.0E-6,2.0E-7,M3,4.422E-5,1.7595E-5,2.0E-7,6.0E-7,M3,4.422E-5,1.7595E-5,4.6E-7,2.0E-7,M3,4.448E-5,1.4035E-5,2.0E-7,3.76E-6,M3,4.448E-5,1.3635E-5,2.0E-7,6.0E-7,M3,1.31E-5,2.33E-6,6.0E-7,2.0E-7,M3,1.35E-5,2.33E-6,2.0E-7,3.17E-6,M3,1.35E-5,5.3E-6,5.19E-6,2.0E-7,M3,1.829E-5,5.3E-6,6.0E-7,2.0E-7,M3,1.8920000000000002E-5,6.0E-6,2.0E-7,6.0E-7,M3,1.8920000000000002E-5,6.0E-6,2.0E-7,1.3145E-5,M3,1.886E-5,1.8085E-5,3.2E-7,1.12E-6,M3,1.806E-5,1.8885E-5,1.12E-6,3.2E-7,M3,1.7135E-5,1.8885E-5,7.2E-7,3.2E-7,M3,2.947E-5,1.5115E-5,7.2E-7,3.2E-7,M3,2.074E-5,1.17E-5,7.2E-7,3.2E-7,M3,1.526E-5,1.79E-5,2.0E-7,6.0E-7,M3,1.526E-5,1.83E-5,2.0E-7,9.55E-7,M3,1.24E-5,1.9055E-5,3.06E-6,2.0E-7,M3,1.24E-5,1.8655E-5,2.0E-7,6.0E-7,M3,2.599E-5,5.3E-6,6.0E-7,2.0E-7,M3,2.619E-5,2.33E-6,2.0E-7,3.17E-6,M3,2.619E-5,2.33E-6,5.19E-6,2.0E-7,M3,3.118E-5,2.33E-6,6.0E-7,2.0E-7,M3,3.228E-5,1.8655E-5,2.0E-7,6.0E-7,M3,2.942E-5,1.9055E-5,3.06E-6,2.0E-7,M3,2.942E-5,1.83E-5,2.0E-7,9.55E-7,M3,2.942E-5,1.79E-5,2.0E-7,6.0E-7,M4,1.886E-5,1.8085E-5,3.2E-7,1.12E-6,M4,1.806E-5,1.8885E-5,1.12E-6,3.2E-7,M4,1.7135E-5,1.8885E-5,7.2E-7,3.2E-7,M4,2.953E-5,1.5175E-5,6.0E-7,2.0E-7,M4,2.12E-5,1.5175E-5,8.53E-6,2.0E-7,M4,2.12E-5,1.1760000000000001E-5,2.0E-7,3.615E-6,M4,2.08E-5,1.1760000000000001E-5,6.0E-7,2.0E-7,M5,1.8920000000000002E-5,1.8145E-5,2.0E-7,1.0E-6,M5,1.812E-5,1.8945E-5,1.0E-6,2.0E-7,M5,1.7395000000000002E-5,1.8945E-5,1.725E-6,2.0E-7,M5,1.7195E-5,1.8945E-5,6.0E-7,2.0E-7,
M1,1.09E-5,4.77E-6,1.9200000000000003E-6,1.6E-7,M1,1.09E-5,4.77E-6,1.6E-7,7.5E-7,M1,1.359E-5,1.805E-6,7.34E-6,1.6E-7,M1,6.9400000000000005E-6,2.9400000000000002E-6,2.064E-5,1.6E-7,M1,2.394E-5,1.8195E-5,6.4E-7,2.4000000000000003E-7,M1,1.56E-5,1.008E-5,6.4E-7,2.4000000000000003E-7,M1,2.84E-5,1.8000000000000001E-6,2.4000000000000003E-7,6.4E-7,M1,2.4030000000000002E-5,1.365E-6,2.4000000000000003E-7,6.4E-7,M1,1.8E-7,1.6655E-5,2.4000000000000003E-7,6.4E-7,M1,4.4E-7,2.0615E-5,2.4000000000000003E-7,6.4E-7,M1,1.634E-5,8.54E-6,2.4000000000000003E-7,6.4E-7,M1,1.003E-5,1.8835000000000002E-5,2.4000000000000003E-7,6.4E-7,M1,1.007E-5,1.9075E-5,1.6E-7,6.0E-7,M1,3.384E-5,2.0615E-5,2.4000000000000003E-7,6.4E-7,M1,3.41E-5,1.6655E-5,2.4000000000000003E-7,6.4E-7,M1,2.611E-5,1.9515000000000002E-5,3.14E-6,1.6E-7,M1,2.135E-5,2.0E-8,6.4E-7,2.4000000000000003E-7,M1,2.074E-5,3.59E-6,6.4E-7,2.4000000000000003E-7,M1,2.166E-5,4.7300000000000005E-6,2.4000000000000003E-7,6.4E-7,M1,2.252E-5,5.65E-7,2.4000000000000003E-7,6.4E-7,M1,8.855E-6,1.9515000000000002E-5,1.6E-7,7.55E-7,M1,8.815E-6,1.927E-5,2.4000000000000003E-7,1.04E-6,M1,8.015E-6,2.007E-5,1.04E-6,2.4000000000000003E-7,M1,8.77E-6,2.007E-5,2.4000000000000003E-7,6.4E-7,M1,2.673E-5,2.5115E-5,3.17E-6,1.6E-7,M1,2.669E-5,2.5075E-5,1.04E-6,2.4000000000000003E-7,M1,2.669E-5,2.4275E-5,2.4000000000000003E-7,1.04E-6,M1,2.669E-5,2.0870000000000002E-5,2.4000000000000003E-7,6.4E-7,M1,1.794E-5,8.54E-6,2.4000000000000003E-7,6.4E-7,M1,2.425E-5,1.8835000000000002E-5,2.4000000000000003E-7,6.4E-7,M1,2.429E-5,1.9075E-5,1.6E-7,6.0E-7,M1,3.248E-5,7.2E-7,2.4000000000000003E-7,6.4E-7,M1,3.2670000000000004E-5,2.0175E-5,2.4000000000000003E-7,6.4E-7,M1,1.253E-5,2.0E-8,6.4E-7,2.4000000000000003E-7,M1,1.314E-5,3.59E-6,6.4E-7,2.4000000000000003E-7,M1,1.8000000000000001E-6,7.2E-7,2.4000000000000003E-7,6.4E-7,M1,1.61E-6,2.0175E-5,2.4000000000000003E-7,6.4E-7,M1,5.27E-6,1.9515000000000002E-5,3.14E-6,1.6E-7,M1,7.63E-6,2.131E-5,1.6E-7,3.965E-6,M1,4.62E-6,2.5115E-5,3.17E-6,1.6E-7,M1,9.71E-6,2.131E-5,1.5100000000000001E-5,1.6E-7,M1,1.262E-5,4.7300000000000005E-6,2.4000000000000003E-7,6.4E-7,M1,1.1760000000000001E-5,5.65E-7,2.4000000000000003E-7,6.4E-7,M1,2.555E-5,1.9515000000000002E-5,1.6E-7,7.55E-7,M1,2.471E-5,1.9475E-5,1.04E-6,2.4000000000000003E-7,M1,2.551E-5,1.9475E-5,2.4000000000000003E-7,1.04E-6,M1,2.5265E-5,1.9475E-5,6.4E-7,2.4000000000000003E-7,M1,2.17E-5,4.77E-6,1.9200000000000003E-6,1.6E-7,M1,2.346E-5,4.77E-6,1.6E-7,7.5E-7,M1,1.038E-5,1.8235E-5,8.1E-6,1.6E-7,M1,1.832E-5,1.012E-5,1.6E-7,8.275E-6,M1,1.025E-5,1.365E-6,2.4000000000000003E-7,6.4E-7,M1,5.8800000000000005E-6,1.8000000000000001E-6,2.4000000000000003E-7,6.4E-7,M2,2.396E-5,1.8215E-5,6.0E-7,2.0E-7,M2,1.602E-5,1.8215E-5,8.14E-6,2.0E-7,M2,1.602E-5,1.01E-5,2.0E-7,8.315000000000001E-6,M2,1.562E-5,1.01E-5,6.0E-7,2.0E-7,M2,2.836E-5,1.76E-6,3.2E-7,7.2E-7,M2,2.399E-5,1.325E-6,3.2E-7,7.2E-7,M2,1.4E-7,1.6615E-5,3.2E-7,7.2E-7,M2,4.0E-7,2.0575000000000002E-5,3.2E-7,7.2E-7,M2,1.636E-5,8.56E-6,2.0E-7,6.0E-7,M2,1.005E-5,8.96E-6,6.51E-6,2.0E-7,M2,9.990000000000001E-6,8.9E-6,3.2E-7,1.12E-6,M2,9.990000000000001E-6,8.9E-6,1.12E-6,3.2E-7,M2,9.990000000000001E-6,1.8795E-5,3.2E-7,7.2E-7,M2,3.38E-5,2.0575000000000002E-5,3.2E-7,7.2E-7,M2,3.406E-5,1.6615E-5,3.2E-7,7.2E-7,M2,2.137E-5,4.0E-8,6.0E-7,2.0E-7,M2,2.116E-5,4.0E-8,4.1E-7,2.0E-7,M2,2.116E-5,4.0E-8,2.0E-7,3.77E-6,M2,2.076E-5,3.61E-6,6.0E-7,2.0E-7,M2,2.168E-5,4.75E-6,2.0E-7,6.0E-7,M2,2.168E-5,5.85E-7,2.0E-7,4.365E-6,M2,2.168E-5,5.85E-7,1.06E-6,2.0E-7,M2,2.254E-5,5.85E-7,2.0E-7,6.0E-7,M2,8.835000000000001E-6,1.929E-5,2.0E-7,1.0E-6,M2,8.035E-6,2.009E-5,1.0E-6,2.0E-7,M2,8.79E-6,2.009E-5,2.45E-7,2.0E-7,M2,8.79E-6,2.009E-5,2.0E-7,6.0E-7,M2,2.671E-5,2.5095E-5,1.0E-6,2.0E-7,M2,2.671E-5,2.4295E-5,2.0E-7,1.0E-6,M2,2.671E-5,2.129E-5,2.0E-7,4.005E-6,M2,2.671E-5,2.089E-5,2.0E-7,6.0E-7,M2,1.796E-5,8.56E-6,2.0E-7,6.0E-7,M2,1.796E-5,8.96E-6,6.51E-6,2.0E-7,M2,2.341E-5,8.9E-6,1.12E-6,3.2E-7,M2,2.421E-5,8.9E-6,3.2E-7,1.12E-6,M2,2.421E-5,1.8795E-5,3.2E-7,7.2E-7,M2,3.2500000000000004E-5,7.4E-7,2.0E-7,6.0E-7,M2,3.2500000000000004E-5,7.4E-7,2.0E-7,1.9655E-5,M2,3.2500000000000004E-5,2.0195E-5,3.9E-7,2.0E-7,M2,3.269E-5,2.0195E-5,2.0E-7,6.0E-7,M2,1.255E-5,4.0E-8,6.0E-7,2.0E-7,M2,1.295E-5,4.0E-8,4.1E-7,2.0E-7,M2,1.3160000000000001E-5,4.0E-8,2.0E-7,3.77E-6,M2,1.3160000000000001E-5,3.61E-6,6.0E-7,2.0E-7,M2,1.82E-6,7.4E-7,2.0E-7,6.0E-7,M2,1.82E-6,7.4E-7,2.0E-7,1.9655E-5,M2,1.63E-6,2.0195E-5,3.9E-7,2.0E-7,M2,1.63E-6,2.0195E-5,2.0E-7,6.0E-7,M2,1.2640000000000001E-5,4.75E-6,2.0E-7,6.0E-7,M2,1.2640000000000001E-5,5.85E-7,2.0E-7,4.365E-6,M2,1.178E-5,5.85E-7,1.06E-6,2.0E-7,M2,1.178E-5,5.85E-7,2.0E-7,6.0E-7,M2,2.4730000000000002E-5,1.9495E-5,1.0E-6,2.0E-7,M2,2.553E-5,1.9495E-5,2.0E-7,1.0E-6,M2,2.5485E-5,1.9495E-5,2.45E-7,2.0E-7,M2,2.5285E-5,1.9495E-5,6.0E-7,2.0E-7,M2,1.021E-5,1.325E-6,3.2E-7,7.2E-7,M2,5.84E-6,1.76E-6,3.2E-7,7.2E-7,M3,2.842E-5,1.82E-6,2.0E-7,6.0E-7,M3,2.842E-5,1.785E-6,2.0E-7,6.350000000000001E-7,M3,2.4050000000000002E-5,1.785E-6,4.57E-6,2.0E-7,M3,2.4050000000000002E-5,1.385E-6,2.0E-7,6.0E-7,M3,2.0E-7,1.6675E-5,2.0E-7,6.0E-7,M3,2.0E-7,1.7075E-5,2.0E-7,3.76E-6,M3,2.0E-7,2.0635E-5,4.6E-7,2.0E-7,M3,4.6E-7,2.0635E-5,2.0E-7,6.0E-7,M3,1.005E-5,8.96E-6,2.0E-7,1.0E-6,M3,1.005E-5,8.96E-6,1.0E-6,2.0E-7,M3,1.005E-5,8.96E-6,2.0E-7,1.0295E-5,M3,1.005E-5,1.8855E-5,2.0E-7,6.0E-7,M3,3.386E-5,2.0635E-5,2.0E-7,6.0E-7,M3,3.386E-5,1.7075E-5,2.0E-7,3.76E-6,M3,3.386E-5,1.7075E-5,4.6E-7,2.0E-7,M3,3.412E-5,1.6675E-5,2.0E-7,6.0E-7,M3,2.347E-5,8.96E-6,1.0E-6,2.0E-7,M3,2.427E-5,8.96E-6,2.0E-7,1.0E-6,M3,2.427E-5,8.96E-6,2.0E-7,1.0295E-5,M3,2.427E-5,1.8855E-5,2.0E-7,6.0E-7,M3,1.027E-5,1.385E-6,2.0E-7,6.0E-7,M3,1.027E-5,1.785E-6,2.0E-7,6.350000000000001E-7,M3,5.9E-6,2.22E-6,4.57E-6,2.0E-7,M3,5.9E-6,1.82E-6,2.0E-7,6.0E-7,
M1,8.56E-6,4.65E-6,1.6E-7,2.8E-7,M1,6.8E-6,4.65E-6,1.9200000000000003E-6,1.6E-7,M1,7.935E-6,2.19E-6,6.4E-7,2.4000000000000003E-7,M1,2.8345E-5,2.19E-6,6.4E-7,2.4000000000000003E-7,M1,1.8E-7,1.899E-5,2.4000000000000003E-7,6.4E-7,M1,4.4E-7,2.295E-5,2.4000000000000003E-7,6.4E-7,M1,1.674E-5,1.805E-6,3.44E-6,1.6E-7,M1,2.465E-5,2.35E-6,1.6E-7,1.44E-6,M1,2.449E-5,3.63E-6,3.2E-7,1.6E-7,M1,3.624E-5,2.295E-5,2.4000000000000003E-7,6.4E-7,M1,3.65E-5,1.899E-5,2.4000000000000003E-7,6.4E-7,M1,8.52E-6,4.7300000000000005E-6,2.4000000000000003E-7,6.4E-7,M1,1.163E-5,9.25E-7,2.4000000000000003E-7,6.4E-7,M1,1.177E-5,1.499E-5,1.6E-7,7.0200000000000006E-6,M1,1.153E-5,2.185E-5,4.0E-7,1.6E-7,M1,2.4145E-5,1.2630000000000001E-5,6.4E-7,2.4000000000000003E-7,M1,2.411E-5,1.048E-5,2.4000000000000003E-7,6.4E-7,M1,2.415E-5,1.025E-5,1.6E-7,6.3E-7,M1,2.684E-5,1.267E-5,1.6E-7,7.2E-7,M1,2.6195E-5,1.267E-5,8.05E-7,1.6E-7,M1,3.044E-5,3.4700000000000002E-6,6.4E-7,2.4000000000000003E-7,M1,1.568E-5,2.0E-8,6.4E-7,2.4000000000000003E-7,M1,1.2110000000000001E-5,2.35E-6,1.6E-7,1.44E-6,M1,1.2110000000000001E-5,3.63E-6,3.2E-7,1.6E-7,M1,1.732E-5,2.506E-5,2.28E-6,1.6E-7,M1,1.2135E-5,1.2630000000000001E-5,6.4E-7,2.4000000000000003E-7,M1,1.257E-5,1.048E-5,2.4000000000000003E-7,6.4E-7,M1,1.261E-5,1.025E-5,1.6E-7,6.3E-7,M1,1.0565E-5,1.267E-5,1.6E-7,7.2E-7,M1,9.92E-6,1.323E-5,8.05E-7,1.6E-7,M1,2.82E-5,4.65E-6,1.6E-7,2.8E-7,M1,2.82E-5,4.65E-6,1.9200000000000003E-6,1.6E-7,M1,3.297E-5,2.251E-5,2.4000000000000003E-7,6.4E-7,M1,3.477E-5,5.05E-7,2.4000000000000003E-7,6.4E-7,M1,2.06E-5,2.0E-8,6.4E-7,2.4000000000000003E-7,M1,5.84E-6,3.4700000000000002E-6,6.4E-7,2.4000000000000003E-7,M1,2.798E-5,1.363E-5,2.4000000000000003E-7,6.4E-7,M1,3.65E-5,1.18E-5,2.4000000000000003E-7,6.4E-7,M1,2.356E-5,1.805E-6,4.56E-6,1.6E-7,M1,2.796E-5,1.745E-6,1.6E-7,2.2E-7,M1,8.8E-6,1.805E-6,4.56E-6,1.6E-7,M1,8.8E-6,1.745E-6,1.6E-7,2.2E-7,M1,2.816E-5,4.7300000000000005E-6,2.4000000000000003E-7,6.4E-7,M1,2.505E-5,9.25E-7,2.4000000000000003E-7,6.4E-7,M1,3.71E-6,2.251E-5,2.4000000000000003E-7,6.4E-7,M1,1.91E-6,5.05E-7,2.4000000000000003E-7,6.4E-7,M1,2.499E-5,1.499E-5,1.6E-7,7.0200000000000006E-6,M1,2.499E-5,2.185E-5,4.0E-7,1.6E-7,M1,1.8E-7,1.18E-5,2.4000000000000003E-7,6.4E-7,M1,8.7E-6,1.363E-5,2.4000000000000003E-7,6.4E-7,M2,7.895E-6,2.15E-6,7.2E-7,3.2E-7,M2,2.8305E-5,2.15E-6,7.2E-7,3.2E-7,M2,1.4E-7,1.895E-5,3.2E-7,7.2E-7,M2,4.0E-7,2.291E-5,3.2E-7,7.2E-7,M2,3.62E-5,2.291E-5,3.2E-7,7.2E-7,M2,3.646E-5,1.895E-5,3.2E-7,7.2E-7,M2,8.54E-6,4.75E-6,2.0E-7,6.0E-7,M2,8.54E-6,4.75E-6,3.31E-6,2.0E-7,M2,1.159E-5,3.89E-6,3.2E-7,1.12E-6,M2,1.079E-5,4.69E-6,1.12E-6,3.2E-7,M2,1.159E-5,8.85E-7,3.2E-7,7.2E-7,M2,2.4165E-5,1.2650000000000001E-5,6.0E-7,2.0E-7,M2,2.413E-5,1.2650000000000001E-5,4.35E-7,2.0E-7,M2,2.413E-5,1.0700000000000001E-5,2.0E-7,2.15E-6,M2,2.413E-5,1.05E-5,2.0E-7,6.0E-7,M2,3.04E-5,3.43E-6,7.2E-7,3.2E-7,M2,1.564E-5,-2.0E-8,7.2E-7,3.2E-7,M2,1.2155E-5,1.2650000000000001E-5,6.0E-7,2.0E-7,M2,1.2355E-5,1.2650000000000001E-5,4.35E-7,2.0E-7,M2,1.259E-5,1.0700000000000001E-5,2.0E-7,2.15E-6,M2,1.259E-5,1.05E-5,2.0E-7,6.0E-7,M2,3.299E-5,2.253E-5,2.0E-7,6.0E-7,M2,3.299E-5,2.253E-5,1.265E-6,2.0E-7,M2,3.4055E-5,5.250000000000001E-7,2.0E-7,2.2205000000000002E-5,M2,3.4055E-5,5.250000000000001E-7,9.35E-7,2.0E-7,M2,3.4790000000000004E-5,5.250000000000001E-7,2.0E-7,6.0E-7,M2,2.062E-5,4.0E-8,6.0E-7,2.0E-7,M2,2.062E-5,4.0E-8,2.0E-7,3.65E-6,M2,6.26E-6,3.49E-6,1.456E-5,2.0E-7,M2,5.86E-6,3.49E-6,6.0E-7,2.0E-7,M2,2.794E-5,1.359E-5,3.2E-7,7.2E-7,M2,3.646E-5,1.1760000000000001E-5,3.2E-7,7.2E-7,M2,2.818E-5,4.75E-6,2.0E-7,6.0E-7,M2,2.507E-5,4.75E-6,3.31E-6,2.0E-7,M2,2.501E-5,4.69E-6,1.12E-6,3.2E-7,M2,2.501E-5,3.89E-6,3.2E-7,1.12E-6,M2,2.501E-5,8.85E-7,3.2E-7,7.2E-7,M2,3.7300000000000003E-6,2.253E-5,2.0E-7,6.0E-7,M2,2.65E-6,2.253E-5,1.28E-6,2.0E-7,M2,2.65E-6,5.250000000000001E-7,2.0E-7,2.2205000000000002E-5,M2,1.93E-6,5.250000000000001E-7,9.2E-7,2.0E-7,M2,1.93E-6,5.250000000000001E-7,2.0E-7,6.0E-7,M2,1.4E-7,1.1760000000000001E-5,3.2E-7,7.2E-7,M2,8.66E-6,1.359E-5,3.2E-7,7.2E-7,M3,7.895E-6,2.15E-6,7.2E-7,3.2E-7,M3,2.8305E-5,2.15E-6,7.2E-7,3.2E-7,M3,2.0E-7,1.901E-5,2.0E-7,6.0E-7,M3,2.0E-7,1.941E-5,2.0E-7,3.76E-6,M3,2.0E-7,2.2970000000000002E-5,4.6E-7,2.0E-7,M3,4.6E-7,2.2970000000000002E-5,2.0E-7,6.0E-7,M3,3.626E-5,2.2970000000000002E-5,2.0E-7,6.0E-7,M3,3.626E-5,1.941E-5,2.0E-7,3.76E-6,M3,3.626E-5,1.941E-5,4.6E-7,2.0E-7,M3,3.652E-5,1.901E-5,2.0E-7,6.0E-7,M3,1.165E-5,3.95E-6,2.0E-7,1.0E-6,M3,1.085E-5,4.75E-6,1.0E-6,2.0E-7,M3,1.165E-5,1.345E-6,2.0E-7,3.6050000000000002E-6,M3,1.165E-5,9.450000000000001E-7,2.0E-7,6.0E-7,M3,3.04E-5,3.43E-6,7.2E-7,3.2E-7,M3,2.96E-5,-2.0E-8,1.12E-6,3.2E-7,M3,3.04E-5,-2.0E-8,3.2E-7,1.12E-6,M3,1.6100000000000002E-5,4.0E-8,1.456E-5,2.0E-7,M3,1.57E-5,4.0E-8,6.0E-7,2.0E-7,M3,2.8E-5,1.365E-5,2.0E-7,6.0E-7,M3,2.8E-5,1.202E-5,2.0E-7,1.83E-6,M3,2.8E-5,1.202E-5,8.72E-6,2.0E-7,M3,3.652E-5,1.182E-5,2.0E-7,6.0E-7,M3,2.507E-5,4.75E-6,1.0E-6,2.0E-7,M3,2.507E-5,3.95E-6,2.0E-7,1.0E-6,M3,2.507E-5,1.345E-6,2.0E-7,3.6050000000000002E-6,M3,2.507E-5,9.450000000000001E-7,2.0E-7,6.0E-7,M3,2.0E-7,1.182E-5,2.0E-7,6.0E-7,M3,2.0E-7,1.202E-5,8.72E-6,2.0E-7,M3,8.72E-6,1.202E-5,2.0E-7,1.83E-6,M3,8.72E-6,1.365E-5,2.0E-7,6.0E-7,M4,7.955000000000001E-6,2.21E-6,6.0E-7,2.0E-7,M4,8.155E-6,2.21E-6,2.061E-5,2.0E-7,M4,2.8365E-5,2.21E-6,6.0E-7,2.0E-7,M4,3.046E-5,3.49E-6,6.0E-7,2.0E-7,M4,3.046E-5,4.0E-8,2.0E-7,3.65E-6,M4,2.966E-5,4.0E-8,1.0E-6,2.0E-7,M4,3.046E-5,4.0E-8,2.0E-7,1.0E-6,
M1,3.202E-5,1.513E-5,3.32E-6,1.6E-7,M1,3.0835E-5,1.509E-5,6.4E-7,2.4000000000000003E-7,M1,3.0235E-5,4.9000000000000005E-6,1.04E-6,2.4000000000000003E-7,M1,3.1035000000000004E-5,4.9000000000000005E-6,2.4000000000000003E-7,1.04E-6,M1,3.095E-5,4.94E-6,2.85E-7,1.6E-7,M1,3.231E-5,5.38E-6,1.9200000000000003E-6,1.6E-7,M1,3.978E-5,1.82E-6,2.4000000000000003E-7,6.4E-7,M1,3.419E-5,1.365E-6,2.4000000000000003E-7,6.4E-7,M1,5.034E-5,1.623E-5,2.4000000000000003E-7,6.4E-7,M1,5.0600000000000003E-5,1.227E-5,2.4000000000000003E-7,6.4E-7,M1,1.3340000000000001E-5,2.96E-6,2.434E-5,1.6E-7,M1,3.135E-5,4.2000000000000004E-6,6.4E-7,2.4000000000000003E-7,M1,3.163E-5,2.0E-8,6.4E-7,2.4000000000000003E-7,M1,4.4E-7,1.623E-5,2.4000000000000003E-7,6.4E-7,M1,1.8E-7,1.227E-5,2.4000000000000003E-7,6.4E-7,M1,4.77E-5,7.2E-7,2.4000000000000003E-7,6.4E-7,M1,4.746E-5,1.579E-5,6.4E-7,2.4000000000000003E-7,M1,4.732E-5,1.583E-5,5.4E-7,1.6E-7,M1,1.804E-5,5.65E-7,2.4000000000000003E-7,6.4E-7,M1,1.789E-5,5.34E-6,6.4E-7,2.4000000000000003E-7,M1,1.813E-5,5.38E-6,5.800000000000001E-7,1.6E-7,M1,3.155E-5,1.513E-5,1.6E-7,8.6E-7,M1,3.155E-5,1.583E-5,2.7E-7,1.6E-7,M1,3.455E-5,4.2000000000000004E-6,6.4E-7,2.4000000000000003E-7,M1,2.318E-5,8.76E-6,6.4E-7,2.4000000000000003E-7,M1,1.62E-5,1.6270000000000002E-5,2.28E-6,1.6E-7,M1,1.987E-5,4.9000000000000005E-6,2.4000000000000003E-7,6.4E-7,M1,1.9545E-5,1.509E-5,6.4E-7,2.4000000000000003E-7,M1,1.679E-5,5.38E-6,1.9200000000000003E-6,1.6E-7,M1,1.659E-5,1.365E-6,2.4000000000000003E-7,6.4E-7,M1,1.1E-5,1.82E-6,2.4000000000000003E-7,6.4E-7,M1,3.08E-6,7.2E-7,2.4000000000000003E-7,6.4E-7,M1,2.92E-6,1.579E-5,6.4E-7,2.4000000000000003E-7,M1,3.1600000000000002E-6,1.583E-5,5.4E-7,1.6E-7,M1,1.99E-5,1.7055000000000002E-5,1.1220000000000001E-5,1.6E-7,M1,1.8750000000000002E-5,2.0E-8,6.4E-7,2.4000000000000003E-7,M1,1.903E-5,4.2000000000000004E-6,6.4E-7,2.4000000000000003E-7,M1,3.274E-5,5.65E-7,2.4000000000000003E-7,6.4E-7,M1,3.249E-5,5.34E-6,6.4E-7,2.4000000000000003E-7,M1,3.231E-5,5.38E-6,5.800000000000001E-7,1.6E-7,M1,1.92E-5,1.513E-5,1.6E-7,8.6E-7,M1,1.92E-5,1.513E-5,2.7E-7,1.6E-7,M1,1.9810000000000002E-5,1.805E-6,1.1400000000000001E-5,1.6E-7,M1,3.2540000000000004E-5,1.6270000000000002E-5,2.28E-6,1.6E-7,M1,1.568E-5,1.513E-5,3.32E-6,1.6E-7,M1,2.72E-5,8.76E-6,6.4E-7,2.4000000000000003E-7,M1,1.583E-5,4.2000000000000004E-6,6.4E-7,2.4000000000000003E-7,M2,3.0855E-5,1.5110000000000001E-5,6.0E-7,2.0E-7,M2,3.1055E-5,4.92E-6,2.0E-7,1.039E-5,M2,3.0255E-5,4.92E-6,1.0E-6,2.0E-7,M2,3.1055E-5,4.92E-6,2.0E-7,1.0E-6,M2,3.98E-5,1.84E-6,2.0E-7,6.0E-7,M2,3.98E-5,1.785E-6,2.0E-7,6.55E-7,M2,3.421E-5,1.785E-6,5.7900000000000005E-6,2.0E-7,M2,3.421E-5,1.385E-6,2.0E-7,6.0E-7,M2,5.036E-5,1.6250000000000002E-5,2.0E-7,6.0E-7,M2,5.036E-5,1.269E-5,2.0E-7,3.76E-6,M2,5.036E-5,1.269E-5,4.6E-7,2.0E-7,M2,5.062E-5,1.2290000000000001E-5,2.0E-7,6.0E-7,M2,3.1310000000000003E-5,4.16E-6,7.2E-7,3.2E-7,M2,3.159E-5,-2.0E-8,7.2E-7,3.2E-7,M2,4.6E-7,1.6250000000000002E-5,2.0E-7,6.0E-7,M2,4.6E-7,1.269E-5,2.0E-7,3.76E-6,M2,2.0E-7,1.269E-5,4.6E-7,2.0E-7,M2,2.0E-7,1.2290000000000001E-5,2.0E-7,6.0E-7,M2,4.7720000000000004E-5,7.4E-7,2.0E-7,6.0E-7,M2,4.7720000000000004E-5,7.4E-7,2.0E-7,1.527E-5,M2,4.7680000000000004E-5,1.581E-5,2.4000000000000003E-7,2.0E-7,M2,4.748E-5,1.581E-5,6.0E-7,2.0E-7,M2,1.806E-5,5.85E-7,2.0E-7,6.0E-7,M2,1.806E-5,5.85E-7,2.0E-7,4.975E-6,M2,1.806E-5,5.36E-6,2.5E-7,2.0E-7,M2,1.791E-5,5.36E-6,6.0E-7,2.0E-7,M2,3.451E-5,4.16E-6,7.2E-7,3.2E-7,M2,2.3140000000000002E-5,8.72E-6,7.2E-7,3.2E-7,M2,1.989E-5,4.92E-6,2.0E-7,6.0E-7,M2,1.9765E-5,4.92E-6,3.25E-7,2.0E-7,M2,1.9765E-5,4.92E-6,2.0E-7,1.039E-5,M2,1.9565E-5,1.5110000000000001E-5,6.0E-7,2.0E-7,M2,1.6610000000000002E-5,1.385E-6,2.0E-7,6.0E-7,M2,1.6610000000000002E-5,1.785E-6,2.0E-7,6.55E-7,M2,1.102E-5,2.24E-6,5.7900000000000005E-6,2.0E-7,M2,1.102E-5,1.84E-6,2.0E-7,6.0E-7,M2,3.1E-6,7.4E-7,2.0E-7,6.0E-7,M2,3.1E-6,7.4E-7,2.0E-7,1.527E-5,M2,3.1E-6,1.581E-5,2.4000000000000003E-7,2.0E-7,M2,2.9400000000000002E-6,1.581E-5,6.0E-7,2.0E-7,M2,1.871E-5,-2.0E-8,7.2E-7,3.2E-7,M2,1.899E-5,4.16E-6,7.2E-7,3.2E-7,M2,3.276E-5,5.85E-7,2.0E-7,6.0E-7,M2,3.276E-5,5.85E-7,2.0E-7,4.975E-6,M2,3.2710000000000004E-5,5.36E-6,2.5E-7,2.0E-7,M2,3.251E-5,5.36E-6,6.0E-7,2.0E-7,M2,2.716E-5,8.72E-6,7.2E-7,3.2E-7,M2,1.579E-5,4.16E-6,7.2E-7,3.2E-7,M3,3.1310000000000003E-5,4.16E-6,7.2E-7,3.2E-7,M3,3.159E-5,-2.0E-8,7.2E-7,3.2E-7,M3,3.451E-5,4.16E-6,7.2E-7,3.2E-7,M3,3.451E-5,8.76E-6,3.2E-7,1.12E-6,M3,3.371E-5,9.56E-6,1.12E-6,3.2E-7,M3,2.34E-5,9.62E-6,1.137E-5,2.0E-7,M3,2.34E-5,8.78E-6,2.0E-7,1.04E-6,M3,2.32E-5,8.78E-6,6.0E-7,2.0E-7,M3,1.871E-5,-2.0E-8,7.2E-7,3.2E-7,M3,1.899E-5,4.16E-6,7.2E-7,3.2E-7,M3,2.716E-5,8.72E-6,7.2E-7,3.2E-7,M3,1.579E-5,4.16E-6,7.2E-7,3.2E-7,M4,3.137E-5,4.22E-6,6.0E-7,2.0E-7,M4,3.177E-5,4.0E-8,2.0E-7,4.38E-6,M4,3.1650000000000004E-5,4.0E-8,3.2E-7,2.0E-7,M4,3.1650000000000004E-5,4.0E-8,6.0E-7,2.0E-7,M4,3.451E-5,4.16E-6,7.2E-7,3.2E-7,M4,3.451E-5,8.76E-6,3.2E-7,1.12E-6,M4,3.371E-5,9.56E-6,1.12E-6,3.2E-7,M4,1.877E-5,4.0E-8,6.0E-7,2.0E-7,M4,1.917E-5,4.0E-8,2.0E-7,4.38E-6,M4,1.905E-5,4.22E-6,3.2E-7,2.0E-7,M4,1.905E-5,4.22E-6,6.0E-7,2.0E-7,M4,2.716E-5,8.72E-6,7.2E-7,3.2E-7,M4,2.736E-5,8.76E-6,3.2E-7,1.12E-6,M4,2.656E-5,9.56E-6,1.12E-6,3.2E-7,M4,1.6250000000000002E-5,9.62E-6,1.137E-5,2.0E-7,M4,1.619E-5,9.56E-6,1.12E-6,3.2E-7,M4,1.619E-5,8.76E-6,3.2E-7,1.12E-6,M4,1.579E-5,4.16E-6,7.2E-7,3.2E-7,M5,3.457E-5,4.22E-6,6.0E-7,2.0E-7,M5,3.457E-5,4.22E-6,2.0E-7,5.6E-6,M5,3.457E-5,8.82E-6,2.0E-7,1.0E-6,M5,3.3770000000000004E-5,9.62E-6,1.0E-6,2.0E-7,M5,2.716E-5,8.72E-6,7.2E-7,3.2E-7,M5,2.736E-5,8.76E-6,3.2E-7,1.12E-6,M5,2.656E-5,9.56E-6,1.12E-6,3.2E-7,M5,1.6250000000000002E-5,9.62E-6,1.0E-6,2.0E-7,M5,1.6250000000000002E-5,8.82E-6,2.0E-7,1.0E-6,M5,1.6250000000000002E-5,4.22E-6,2.0E-7,5.6E-6,M5,1.585E-5,4.22E-6,6.0E-7,2.0E-7,M6,2.692E-5,8.68E-6,1.2E-6,4.0E-7,M6,2.732E-5,7.92E-6,4.0E-7,2.0E-6,M6,2.572E-5,9.52E-6,2.0E-6,4.0E-7,M7,2.692E-5,8.68E-6,1.2E-6,4.0E-7,M7,2.732E-5,8.68E-6,4.0E-7,1.24E-6,M7,2.732E-5,7.92E-6,4.0E-7,2.0E-6,M7,2.572E-5,9.52E-6,2.0E-6,4.0E-7,
M1,1.821E-5,1.805E-6,1.9200000000000003E-6,1.6E-7,M1,8.66E-6,2.195E-5,6.4E-7,2.4000000000000003E-7,M1,9.22E-6,1.4185E-5,6.4E-7,2.4000000000000003E-7,M1,3.138E-5,4.65E-6,1.6E-7,2.8E-7,M1,2.962E-5,4.77E-6,1.9200000000000003E-6,1.6E-7,M1,1.8E-7,1.913E-5,2.4000000000000003E-7,6.4E-7,M1,4.4E-7,2.309E-5,2.4000000000000003E-7,6.4E-7,M1,1.4E-5,2.35E-6,1.6E-7,1.44E-6,M1,1.1940000000000001E-5,3.63E-6,2.22E-6,1.6E-7,M1,8.52E-6,4.7300000000000005E-6,2.4000000000000003E-7,6.4E-7,M1,1.3520000000000001E-5,5.65E-7,2.4000000000000003E-7,6.4E-7,M1,2.8480000000000002E-5,1.4185E-5,6.4E-7,2.4000000000000003E-7,M1,2.904E-5,2.195E-5,6.4E-7,2.4000000000000003E-7,M1,3.71E-6,2.265E-5,2.4000000000000003E-7,6.4E-7,M1,2.18E-6,5.05E-7,2.4000000000000003E-7,6.4E-7,M1,2.418E-5,2.35E-6,1.6E-7,1.44E-6,M1,2.418E-5,3.63E-6,2.22E-6,1.6E-7,M1,2.845E-5,1.16E-5,1.6E-7,8.6E-7,M1,2.845E-5,1.23E-5,2.7E-7,1.6E-7,M1,2.7720000000000002E-5,1.305E-6,2.4000000000000003E-7,6.4E-7,M1,2.319E-5,1.365E-6,2.4000000000000003E-7,6.4E-7,M1,3.792E-5,1.913E-5,2.4000000000000003E-7,6.4E-7,M1,3.766E-5,2.309E-5,2.4000000000000003E-7,6.4E-7,M1,1.732E-5,2.5450000000000002E-5,3.7E-6,1.6E-7,M1,2.0945E-5,2.31E-6,6.4E-7,2.4000000000000003E-7,M1,5.84E-6,2.067E-5,6.4E-7,2.4000000000000003E-7,M1,3.186E-5,2.067E-5,6.4E-7,2.4000000000000003E-7,M1,1.6755E-5,2.31E-6,6.4E-7,2.4000000000000003E-7,M1,2.94E-5,1.27E-5,2.4000000000000003E-7,6.4E-7,M1,3.792E-5,1.187E-5,2.4000000000000003E-7,6.4E-7,M1,2.586E-5,8.740000000000001E-6,2.4000000000000003E-7,6.4E-7,M1,2.746E-5,1.156E-5,6.4E-7,2.4000000000000003E-7,M1,1.042E-5,1.805E-6,4.69E-6,1.6E-7,M1,1.042E-5,1.745E-6,1.6E-7,2.2E-7,M1,9.51E-6,2.0E-8,6.4E-7,2.4000000000000003E-7,M1,2.662E-5,2.0E-8,6.4E-7,2.4000000000000003E-7,M1,9.62E-6,1.16E-5,1.6E-7,8.6E-7,M1,9.62E-6,1.16E-5,2.7E-7,1.6E-7,M1,1.224E-5,8.740000000000001E-6,2.4000000000000003E-7,6.4E-7,M1,1.024E-5,1.156E-5,6.4E-7,2.4000000000000003E-7,M1,6.8E-6,4.65E-6,1.6E-7,2.8E-7,M1,6.8E-6,4.77E-6,1.9200000000000003E-6,1.6E-7,M1,2.958E-5,4.7300000000000005E-6,2.4000000000000003E-7,6.4E-7,M1,2.4580000000000002E-5,5.65E-7,2.4000000000000003E-7,6.4E-7,M1,1.8E-7,1.187E-5,2.4000000000000003E-7,6.4E-7,M1,8.7E-6,1.27E-5,2.4000000000000003E-7,6.4E-7,M1,3.439E-5,2.265E-5,2.4000000000000003E-7,6.4E-7,M1,3.592E-5,5.05E-7,2.4000000000000003E-7,6.4E-7,M2,8.62E-6,2.1910000000000002E-5,7.2E-7,3.2E-7,M2,9.18E-6,2.111E-5,3.2E-7,1.12E-6,M2,8.38E-6,2.1910000000000002E-5,1.12E-6,3.2E-7,M2,9.24E-6,1.4205E-5,2.0E-7,7.965E-6,M2,9.24E-6,1.4205E-5,6.0E-7,2.0E-7,M2,2.0E-7,1.915E-5,2.0E-7,6.0E-7,M2,2.0E-7,1.955E-5,2.0E-7,3.76E-6,M2,2.0E-7,2.311E-5,4.6E-7,2.0E-7,M2,4.6E-7,2.311E-5,2.0E-7,6.0E-7,M2,8.54E-6,4.75E-6,2.0E-7,6.0E-7,M2,8.54E-6,5.85E-7,2.0E-7,4.365E-6,M2,8.54E-6,5.85E-7,5.2E-6,2.0E-7,M2,1.354E-5,5.85E-7,2.0E-7,6.0E-7,M2,2.8440000000000002E-5,1.4145000000000001E-5,7.2E-7,3.2E-7,M2,2.9E-5,2.1910000000000002E-5,7.2E-7,3.2E-7,M2,3.7300000000000003E-6,2.267E-5,2.0E-7,6.0E-7,M2,3.7300000000000003E-6,5.250000000000001E-7,2.0E-7,2.2345E-5,M2,2.2E-6,5.250000000000001E-7,1.73E-6,2.0E-7,M2,2.2E-6,5.250000000000001E-7,2.0E-7,6.0E-7,M2,2.768E-5,1.265E-6,3.2E-7,7.2E-7,M2,2.315E-5,1.325E-6,3.2E-7,7.2E-7,M2,3.794E-5,1.915E-5,2.0E-7,6.0E-7,M2,3.794E-5,1.955E-5,2.0E-7,3.76E-6,M2,3.768E-5,2.311E-5,4.6E-7,2.0E-7,M2,3.768E-5,2.311E-5,2.0E-7,6.0E-7,M2,2.0965E-5,2.33E-6,6.0E-7,2.0E-7,M2,2.1165E-5,2.33E-6,2.0E-7,1.8560000000000002E-5,M2,2.1105000000000002E-5,1.983E-5,3.2E-7,1.12E-6,M2,2.0305E-5,2.063E-5,1.12E-6,3.2E-7,M2,5.8E-6,2.063E-5,7.2E-7,3.2E-7,M2,3.1820000000000004E-5,2.063E-5,7.2E-7,3.2E-7,M2,1.6715000000000002E-5,2.27E-6,7.2E-7,3.2E-7,M2,2.936E-5,1.266E-5,3.2E-7,7.2E-7,M2,3.788E-5,1.183E-5,3.2E-7,7.2E-7,M2,2.588E-5,8.76E-6,2.0E-7,6.0E-7,M2,2.588E-5,9.16E-6,2.0E-7,2.62E-6,M2,2.588E-5,1.1580000000000001E-5,1.8000000000000001E-6,2.0E-7,M2,2.748E-5,1.1580000000000001E-5,6.0E-7,2.0E-7,M2,9.53E-6,4.0E-8,6.0E-7,2.0E-7,M2,9.73E-6,4.0E-8,1.711E-5,2.0E-7,M2,2.664E-5,4.0E-8,6.0E-7,2.0E-7,M2,1.226E-5,8.76E-6,2.0E-7,6.0E-7,M2,1.226E-5,9.16E-6,2.0E-7,2.62E-6,M2,1.066E-5,1.1580000000000001E-5,1.8000000000000001E-6,2.0E-7,M2,1.026E-5,1.1580000000000001E-5,6.0E-7,2.0E-7,M2,2.96E-5,4.75E-6,2.0E-7,6.0E-7,M2,2.96E-5,5.85E-7,2.0E-7,4.365E-6,M2,2.46E-5,5.85E-7,5.2E-6,2.0E-7,M2,2.46E-5,5.85E-7,2.0E-7,6.0E-7,M2,1.4E-7,1.183E-5,3.2E-7,7.2E-7,M2,8.66E-6,1.266E-5,3.2E-7,7.2E-7,M2,3.441E-5,2.267E-5,2.0E-7,6.0E-7,M2,3.441E-5,5.250000000000001E-7,2.0E-7,2.2345E-5,M2,3.441E-5,5.250000000000001E-7,1.73E-6,2.0E-7,M2,3.594E-5,5.250000000000001E-7,2.0E-7,6.0E-7,M3,8.62E-6,2.1910000000000002E-5,7.2E-7,3.2E-7,M3,9.18E-6,2.111E-5,3.2E-7,1.12E-6,M3,8.38E-6,2.1910000000000002E-5,1.12E-6,3.2E-7,M3,2.85E-5,1.4205E-5,6.0E-7,2.0E-7,M3,2.89E-5,1.4205E-5,2.0E-7,7.965E-6,M3,2.89E-5,2.197E-5,5.6E-7,2.0E-7,M3,2.906E-5,2.197E-5,6.0E-7,2.0E-7,M3,2.7740000000000002E-5,1.325E-6,2.0E-7,6.0E-7,M3,2.7740000000000002E-5,1.725E-6,2.0E-7,2.6E-7,M3,2.321E-5,1.785E-6,4.7300000000000005E-6,2.0E-7,M3,2.321E-5,1.385E-6,2.0E-7,6.0E-7,M3,2.1165E-5,1.989E-5,2.0E-7,1.0E-6,M3,2.0365E-5,2.069E-5,1.0E-6,2.0E-7,M3,6.26E-6,2.069E-5,1.5105E-5,2.0E-7,M3,5.86E-6,2.069E-5,6.0E-7,2.0E-7,M3,3.1820000000000004E-5,2.063E-5,7.2E-7,3.2E-7,M3,1.6715000000000002E-5,2.27E-6,7.2E-7,3.2E-7,M3,2.942E-5,1.272E-5,2.0E-7,6.0E-7,M3,2.942E-5,1.209E-5,2.0E-7,8.3E-7,M3,2.942E-5,1.209E-5,8.72E-6,2.0E-7,M3,3.794E-5,1.189E-5,2.0E-7,6.0E-7,M3,2.0E-7,1.189E-5,2.0E-7,6.0E-7,M3,2.0E-7,1.209E-5,8.72E-6,2.0E-7,M3,8.72E-6,1.209E-5,2.0E-7,8.3E-7,M3,8.72E-6,1.272E-5,2.0E-7,6.0E-7,M4,8.68E-6,2.197E-5,6.0E-7,2.0E-7,M4,8.88E-6,2.197E-5,5.6E-7,2.0E-7,M4,9.24E-6,2.117E-5,2.0E-7,1.0E-6,M4,8.44E-6,2.197E-5,1.0E-6,2.0E-7,M4,3.188E-5,2.069E-5,6.0E-7,2.0E-7,M4,1.6975E-5,2.069E-5,1.5105E-5,2.0E-7,M4,1.6915E-5,2.063E-5,1.12E-6,3.2E-7,M4,1.6915E-5,1.983E-5,3.2E-7,1.12E-6,M4,1.6715000000000002E-5,2.27E-6,7.2E-7,3.2E-7,M5,1.6915E-5,2.063E-5,1.12E-6,3.2E-7,M5,1.6915E-5,1.983E-5,3.2E-7,1.12E-6,M5,1.6715000000000002E-5,2.27E-6,7.2E-7,3.2E-7,M6,1.6975E-5,2.069E-5,1.0E-6,2.0E-7,M6,1.6975E-5,1.989E-5,2.0E-7,1.0E-6,M6,1.6975E-5,2.33E-6,2.0E-7,1.8560000000000002E-5,M6,1.6775E-5,2.33E-6,6.0E-7,2.0E-7,
M1,1.694E-5,1.3065000000000001E-5,6.4E-7,2.4000000000000003E-7,M1,1.9790000000000002E-5,1.0245000000000001E-5,2.4000000000000003E-7,6.4E-7,M1,1.448E-5,2.0595000000000002E-5,2.4000000000000003E-7,6.4E-7,M1,1.432E-5,1.491E-5,6.4E-7,2.4000000000000003E-7,M1,1.456E-5,1.4950000000000001E-5,5.4E-7,1.6E-7,M1,3.9450000000000003E-5,6.3E-7,2.4000000000000003E-7,6.4E-7,M1,3.895E-5,1.8545E-5,2.4000000000000003E-7,6.4E-7,M1,3.361E-5,8.6E-7,2.4000000000000003E-7,6.4E-7,M1,3.354E-5,4.86E-6,2.4000000000000003E-7,6.4E-7,M1,4.61E-5,1.7455E-5,1.6E-7,1.73E-6,M1,4.606E-5,1.7215E-5,2.4000000000000003E-7,6.4E-7,M1,4.6320000000000004E-5,1.5025000000000001E-5,2.4000000000000003E-7,6.4E-7,M1,1.612E-5,1.3105E-5,2.05E-7,1.6E-7,M1,1.612E-5,1.3105E-5,1.6E-7,8.05E-7,M1,3.728E-5,1.43E-6,2.4000000000000003E-7,6.4E-7,M1,3.185E-5,1.3E-6,2.4000000000000003E-7,6.4E-7,M1,4.800000000000001E-7,1.7455E-5,1.6E-7,1.73E-6,M1,4.4E-7,1.7215E-5,2.4000000000000003E-7,6.4E-7,M1,1.8E-7,1.5025000000000001E-5,2.4000000000000003E-7,6.4E-7,M1,1.4760000000000001E-5,4.6400000000000005E-6,1.6E-7,4.2E-7,M1,1.3000000000000001E-5,4.9000000000000005E-6,1.9200000000000003E-6,1.6E-7,M1,2.876E-5,2.18E-6,6.4E-7,2.4000000000000003E-7,M1,2.8955E-5,3.46E-6,6.4E-7,2.4000000000000003E-7,M1,1.702E-5,1.4950000000000001E-5,1.27E-5,1.6E-7,M1,3.3535E-5,1.7845E-5,6.4E-7,2.4000000000000003E-7,M1,3.058E-5,1.5555E-5,6.4E-7,2.4000000000000003E-7,M1,7.5500000000000006E-6,1.8545E-5,2.4000000000000003E-7,6.4E-7,M1,7.05E-6,6.3E-7,2.4000000000000003E-7,6.4E-7,M1,1.465E-5,1.3E-6,2.4000000000000003E-7,6.4E-7,M1,9.22E-6,1.43E-6,2.4000000000000003E-7,6.4E-7,M1,1.296E-5,4.86E-6,2.4000000000000003E-7,6.4E-7,M1,1.289E-5,8.6E-7,2.4000000000000003E-7,6.4E-7,M1,3.0415E-5,1.375E-5,2.05E-7,1.6E-7,M1,3.0415E-5,1.3105E-5,1.6E-7,8.05E-7,M1,2.9160000000000002E-5,1.3065000000000001E-5,6.4E-7,2.4000000000000003E-7,M1,2.671E-5,1.0245000000000001E-5,2.4000000000000003E-7,6.4E-7,M1,2.135E-5,2.18E-6,6.4E-7,2.4000000000000003E-7,M1,3.426E-5,1.6565E-5,6.4E-7,2.4000000000000003E-7,M1,3.565E-5,2.0E-8,6.4E-7,2.4000000000000003E-7,M1,1.045E-5,2.0E-8,6.4E-7,2.4000000000000003E-7,M1,3.1820000000000004E-5,4.6400000000000005E-6,1.6E-7,4.2E-7,M1,3.1820000000000004E-5,4.9000000000000005E-6,1.9200000000000003E-6,1.6E-7,M1,1.248E-5,1.6605E-5,1.2305E-5,1.6E-7,M1,2.4385E-5,1.6565E-5,6.4E-7,2.4000000000000003E-7,M1,2.4750000000000002E-5,2.18E-6,6.4E-7,2.4000000000000003E-7,M1,1.7145E-5,3.46E-6,6.4E-7,2.4000000000000003E-7,M1,1.734E-5,2.18E-6,6.4E-7,2.4000000000000003E-7,M1,3.202E-5,2.0595000000000002E-5,2.4000000000000003E-7,6.4E-7,M1,3.1780000000000004E-5,1.491E-5,6.4E-7,2.4000000000000003E-7,M1,3.164E-5,1.4950000000000001E-5,5.4E-7,1.6E-7,M1,1.552E-5,1.5555E-5,6.4E-7,2.4000000000000003E-7,M1,1.2565E-5,1.7845E-5,6.4E-7,2.4000000000000003E-7,M1,2.241E-5,1.74E-6,1.9200000000000003E-6,1.6E-7,M2,1.696E-5,1.3085000000000001E-5,6.0E-7,2.0E-7,M2,1.736E-5,1.3085000000000001E-5,2.65E-6,2.0E-7,M2,1.9810000000000002E-5,1.0665E-5,2.0E-7,2.62E-6,M2,1.9810000000000002E-5,1.0265E-5,2.0E-7,6.0E-7,M2,1.45E-5,2.0615E-5,2.0E-7,6.0E-7,M2,1.45E-5,1.4930000000000001E-5,2.0E-7,6.285E-6,M2,1.45E-5,1.4930000000000001E-5,2.4000000000000003E-7,2.0E-7,M2,1.434E-5,1.4930000000000001E-5,6.0E-7,2.0E-7,M2,3.9410000000000004E-5,5.9E-7,3.2E-7,7.2E-7,M2,3.891E-5,6.685E-6,3.2E-7,7.2E-7,M2,3.897E-5,6.945E-6,2.0E-7,1.182E-5,M2,3.897E-5,1.8565E-5,2.0E-7,6.0E-7,M2,3.363E-5,8.8E-7,2.0E-7,6.0E-7,M2,3.363E-5,1.28E-6,2.0E-7,3.8E-6,M2,3.357E-5,4.0200000000000005E-6,3.2E-7,1.12E-6,M2,3.277E-5,4.8200000000000004E-6,1.12E-6,3.2E-7,M2,3.35E-5,4.8200000000000004E-6,3.2E-7,7.2E-7,M2,4.608E-5,1.7235E-5,2.0E-7,6.0E-7,M2,4.608E-5,1.5445E-5,2.0E-7,2.19E-6,M2,4.608E-5,1.5445E-5,4.6E-7,2.0E-7,M2,4.634E-5,1.5045E-5,2.0E-7,6.0E-7,M2,3.724E-5,1.39E-6,3.2E-7,7.2E-7,M2,3.181E-5,1.26E-6,3.2E-7,7.2E-7,M2,4.6E-7,1.7235E-5,2.0E-7,6.0E-7,M2,4.6E-7,1.5445E-5,2.0E-7,2.19E-6,M2,2.0E-7,1.5445E-5,4.6E-7,2.0E-7,M2,2.0E-7,1.5045E-5,2.0E-7,6.0E-7,M2,2.872E-5,2.14E-6,7.2E-7,3.2E-7,M2,2.8915E-5,3.42E-6,7.2E-7,3.2E-7,M2,3.3555E-5,1.7865E-5,6.0E-7,2.0E-7,M2,3.3755E-5,1.5575E-5,2.0E-7,2.49E-6,M2,3.2895E-5,1.5515E-5,1.12E-6,3.2E-7,M2,3.3695E-5,1.5515E-5,3.2E-7,1.12E-6,M2,3.054E-5,1.5515E-5,7.2E-7,3.2E-7,M2,7.57E-6,1.8565E-5,2.0E-7,6.0E-7,M2,7.57E-6,6.945E-6,2.0E-7,1.182E-5,M2,7.51E-6,6.685E-6,3.2E-7,7.2E-7,M2,6.71E-6,5.9E-7,1.12E-6,3.2E-7,M2,7.51E-6,5.9E-7,3.2E-7,1.12E-6,M2,7.07E-6,6.5E-7,7.0E-7,2.0E-7,M2,7.07E-6,6.5E-7,2.0E-7,6.0E-7,M2,1.461E-5,1.26E-6,3.2E-7,7.2E-7,M2,9.18E-6,1.39E-6,3.2E-7,7.2E-7,M2,1.292E-5,4.8200000000000004E-6,3.2E-7,7.2E-7,M2,1.285E-5,4.8200000000000004E-6,1.12E-6,3.2E-7,M2,1.285E-5,4.0200000000000005E-6,3.2E-7,1.12E-6,M2,1.291E-5,1.28E-6,2.0E-7,3.8E-6,M2,1.291E-5,8.8E-7,2.0E-7,6.0E-7,M2,2.9180000000000002E-5,1.3085000000000001E-5,6.0E-7,2.0E-7,M2,2.673E-5,1.3085000000000001E-5,2.65E-6,2.0E-7,M2,2.673E-5,1.0665E-5,2.0E-7,2.62E-6,M2,2.673E-5,1.0265E-5,2.0E-7,6.0E-7,M2,2.131E-5,2.14E-6,7.2E-7,3.2E-7,M2,3.422E-5,1.6525000000000002E-5,7.2E-7,3.2E-7,M2,3.567E-5,4.0E-8,6.0E-7,2.0E-7,M2,1.0870000000000001E-5,4.0E-8,2.5E-5,2.0E-7,M2,1.047E-5,4.0E-8,6.0E-7,2.0E-7,M2,2.4345E-5,1.6525000000000002E-5,7.2E-7,3.2E-7,M2,2.471E-5,2.14E-6,7.2E-7,3.2E-7,M2,1.7165E-5,3.48E-6,6.0E-7,2.0E-7,M2,1.7365E-5,2.2E-6,2.0E-7,1.48E-6,M2,1.7365E-5,2.2E-6,3.9500000000000003E-7,2.0E-7,M2,1.736E-5,2.2E-6,6.0E-7,2.0E-7,M2,3.204E-5,2.0615E-5,2.0E-7,6.0E-7,M2,3.204E-5,1.4930000000000001E-5,2.0E-7,6.285E-6,M2,3.2E-5,1.4930000000000001E-5,2.4000000000000003E-7,2.0E-7,M2,3.18E-5,1.4930000000000001E-5,6.0E-7,2.0E-7,M2,1.548E-5,1.5515E-5,7.2E-7,3.2E-7,M2,1.2525E-5,1.7805E-5,7.2E-7,3.2E-7,M3,3.9410000000000004E-5,5.9E-7,3.2E-7,7.2E-7,M3,3.891E-5,6.685E-6,3.2E-7,7.2E-7,M3,3.357E-5,4.0200000000000005E-6,3.2E-7,1.12E-6,M3,3.277E-5,4.8200000000000004E-6,1.12E-6,3.2E-7,M3,3.35E-5,4.8200000000000004E-6,3.2E-7,7.2E-7,M3,3.73E-5,1.45E-6,2.0E-7,6.0E-7,M3,3.187E-5,1.85E-6,5.63E-6,2.0E-7,M3,3.187E-5,1.72E-6,2.0E-7,3.3E-7,M3,3.187E-5,1.32E-6,2.0E-7,6.0E-7,M3,2.8780000000000002E-5,2.2E-6,6.0E-7,2.0E-7,M3,2.898E-5,2.2E-6,3.9500000000000003E-7,2.0E-7,M3,2.9175E-5,2.2E-6,2.0E-7,1.48E-6,M3,2.8975E-5,3.48E-6,6.0E-7,2.0E-7,M3,3.2955E-5,1.5575E-5,1.0E-6,2.0E-7,M3,3.3755E-5,1.5575E-5,2.0E-7,1.0E-6,M3,3.1E-5,1.5575E-5,2.955E-6,2.0E-7,M3,3.06E-5,1.5575E-5,6.0E-7,2.0E-7,M3,7.57E-6,6.745E-6,2.0E-7,6.0E-7,M3,7.57E-6,6.5E-7,2.0E-7,6.4950000000000005E-6,M3,6.77E-6,6.5E-7,1.0E-6,2.0E-7,M3,7.57E-6,6.5E-7,2.0E-7,1.0E-6,M3,1.467E-5,1.32E-6,2.0E-7,6.0E-7,M3,1.467E-5,1.72E-6,2.0E-7,3.3E-7,M3,9.24E-6,1.85E-6,5.63E-6,2.0E-7,M3,9.24E-6,1.45E-6,2.0E-7,6.0E-7,M3,1.2980000000000001E-5,4.88E-6,2.0E-7,6.0E-7,M3,1.291E-5,4.88E-6,2.7E-7,2.0E-7,M3,1.291E-5,4.88E-6,1.0E-6,2.0E-7,M3,1.291E-5,4.08E-6,2.0E-7,1.0E-6,M3,2.137E-5,2.2E-6,6.0E-7,2.0E-7,M3,2.177E-5,2.2E-6,2.0E-7,1.4585E-5,M3,2.171E-5,1.6525000000000002E-5,1.12E-6,3.2E-7,M3,2.171E-5,1.5725E-5,3.2E-7,1.12E-6,M3,3.422E-5,1.6525000000000002E-5,7.2E-7,3.2E-7,M3,2.4345E-5,1.6525000000000002E-5,7.2E-7,3.2E-7,M3,2.471E-5,1.5725E-5,3.2E-7,1.12E-6,M3,2.391E-5,1.6525000000000002E-5,1.12E-6,3.2E-7,M3,2.4770000000000002E-5,2.2E-6,2.0E-7,1.4585E-5,M3,2.4770000000000002E-5,2.2E-6,6.0E-7,2.0E-7,M3,1.554E-5,1.5575E-5,6.0E-7,2.0E-7,M3,1.554E-5,1.5575E-5,2.0E-7,2.49E-6,M3,1.2785E-5,1.7865E-5,2.955E-6,2.0E-7,M3,1.2585E-5,1.7865E-5,6.0E-7,2.0E-7,M4,3.947E-5,6.5E-7,2.0E-7,6.0E-7,M4,3.897E-5,6.5E-7,7.0E-7,2.0E-7,M4,3.897E-5,6.5E-7,2.0E-7,6.4950000000000005E-6,M4,3.897E-5,6.745E-6,2.0E-7,6.0E-7,M4,3.363E-5,4.08E-6,2.0E-7,1.0E-6,M4,3.283E-5,4.88E-6,1.0E-6,2.0E-7,M4,3.3560000000000004E-5,4.88E-6,2.7E-7,2.0E-7,M4,3.3560000000000004E-5,4.88E-6,2.0E-7,6.0E-7,M4,2.171E-5,1.6525000000000002E-5,1.12E-6,3.2E-7,M4,2.171E-5,1.5725E-5,3.2E-7,1.12E-6,M4,3.422E-5,1.6525000000000002E-5,7.2E-7,3.2E-7,M4,2.4345E-5,1.6525000000000002E-5,7.2E-7,3.2E-7,M4,2.471E-5,1.5725E-5,3.2E-7,1.12E-6,M4,2.391E-5,1.6525000000000002E-5,1.12E-6,3.2E-7,M5,2.177E-5,1.6585E-5,1.0E-6,2.0E-7,M5,2.177E-5,1.5785E-5,2.0E-7,1.0E-6,M5,2.177E-5,1.6585E-5,3.65E-7,2.0E-7,M5,2.1675E-5,1.6525000000000002E-5,7.2E-7,3.2E-7,M5,3.422E-5,1.6525000000000002E-5,7.2E-7,3.2E-7,M5,2.4405E-5,1.6585E-5,6.0E-7,2.0E-7,M5,2.4605E-5,1.6585E-5,3.65E-7,2.0E-7,M5,2.4770000000000002E-5,1.5785E-5,2.0E-7,1.0E-6,M5,2.397E-5,1.6585E-5,1.0E-6,2.0E-7,M6,2.1435E-5,1.6485E-5,1.2E-6,4.0E-7,M6,3.398E-5,1.6485E-5,1.2E-6,4.0E-7,M7,2.1435E-5,1.6485E-5,1.2E-6,4.0E-7,M7,3.398E-5,1.6485E-5,1.2E-6,4.0E-7,M8,2.1435E-5,1.6485E-5,1.2E-6,4.0E-7,M8,2.1835E-5,1.6485E-5,1.2545000000000001E-5,4.0E-7,M8,3.398E-5,1.6485E-5,1.2E-6,4.0E-7,
M1,1.599E-5,2.22E-6,6.4E-7,2.4000000000000003E-7,M1,4.286E-5,2.22E-6,6.4E-7,2.4000000000000003E-7,M1,4.3955E-5,3.5E-6,6.4E-7,2.4000000000000003E-7,M1,3.593E-5,2.0E-8,6.4E-7,2.4000000000000003E-7,M1,2.675E-5,2.0E-8,6.4E-7,2.4000000000000003E-7,M1,1.8725E-5,3.5E-6,6.4E-7,2.4000000000000003E-7,M1,1.562E-5,1.4885E-5,3.05E-6,1.6E-7,M1,4.46E-5,1.4845000000000001E-5,6.4E-7,2.4000000000000003E-7,M1,4.216E-5,1.0855E-5,2.4000000000000003E-7,6.4E-7,M1,4.22E-5,1.079E-5,1.6E-7,4.65E-7,M1,4.637E-5,4.68E-6,1.9200000000000003E-6,1.6E-7,M1,1.794E-5,1.6525000000000002E-5,2.4000000000000003E-7,6.4E-7,M1,1.49E-5,1.7675E-5,2.4000000000000003E-7,6.4E-7,M1,2.178E-5,1.805E-6,5.74E-6,1.6E-7,M1,2.178E-5,1.76E-6,1.6E-7,2.05E-7,M1,1.8E-7,1.2025000000000001E-5,2.4000000000000003E-7,6.4E-7,M1,4.4E-7,1.5985E-5,2.4000000000000003E-7,6.4E-7,M1,1.675E-5,4.6400000000000005E-6,2.4000000000000003E-7,6.4E-7,M1,2.589E-5,9.25E-7,2.4000000000000003E-7,6.4E-7,M1,4.138E-5,1.76E-6,1.6E-7,2.05E-7,M1,3.58E-5,1.805E-6,5.74E-6,1.6E-7,M1,1.794E-5,1.5545E-5,2.4000000000000003E-7,6.4E-7,M1,4.514E-5,1.5545E-5,2.4000000000000003E-7,6.4E-7,M1,7.76E-6,1.5545E-5,2.4000000000000003E-7,6.4E-7,M1,8.49E-6,5.2E-7,2.4000000000000003E-7,6.4E-7,M1,1.503E-5,4.68E-6,1.9200000000000003E-6,1.6E-7,M1,3.719E-5,9.25E-7,2.4000000000000003E-7,6.4E-7,M1,4.633E-5,4.6400000000000005E-6,2.4000000000000003E-7,6.4E-7,M1,6.29E-5,1.2025000000000001E-5,2.4000000000000003E-7,6.4E-7,M1,6.264E-5,1.5985E-5,2.4000000000000003E-7,6.4E-7,M1,2.096E-5,1.079E-5,1.6E-7,4.65E-7,M1,2.092E-5,1.0855E-5,2.4000000000000003E-7,6.4E-7,M1,2.092E-5,1.4045E-5,2.4000000000000003E-7,1.04E-6,M1,2.012E-5,1.4845000000000001E-5,1.04E-6,2.4000000000000003E-7,M1,1.852E-5,1.4885E-5,2.6E-6,1.6E-7,M1,4.465E-5,1.4885E-5,3.05E-6,1.6E-7,M1,1.1945E-5,3.5E-6,6.4E-7,2.4000000000000003E-7,M1,1.2145E-5,2.8950000000000002E-6,2.4000000000000003E-7,1.04E-6,M1,1.2145E-5,2.8950000000000002E-6,1.04E-6,2.4000000000000003E-7,M1,1.2185000000000001E-5,2.935E-6,2.167E-5,1.6E-7,M1,3.3695E-5,2.44E-6,1.6E-7,6.55E-7,M1,3.3695E-5,2.35E-6,1.6E-7,2.5E-7,M1,4.514E-5,1.6525000000000002E-5,2.4000000000000003E-7,6.4E-7,M1,4.818E-5,1.7675E-5,2.4000000000000003E-7,6.4E-7,M1,4.43E-5,1.4885E-5,1.6E-7,8.6E-7,M1,4.43E-5,1.4885E-5,5.05E-7,1.6E-7,M1,5.0735E-5,3.5E-6,6.4E-7,2.4000000000000003E-7,M1,2.9225000000000002E-5,2.31E-6,6.4E-7,2.4000000000000003E-7,M1,5.4590000000000004E-5,5.2E-7,2.4000000000000003E-7,6.4E-7,M1,5.532E-5,1.5545E-5,2.4000000000000003E-7,6.4E-7,M1,3.07E-5,1.045E-6,1.9200000000000003E-6,1.6E-7,M1,1.886E-5,1.4885E-5,1.6E-7,8.6E-7,M1,1.8515E-5,1.4885E-5,5.05E-7,1.6E-7,M2,1.595E-5,2.18E-6,7.2E-7,3.2E-7,M2,4.282E-5,2.18E-6,7.2E-7,3.2E-7,M2,4.3915E-5,3.46E-6,7.2E-7,3.2E-7,M2,3.8335E-5,-2.0E-8,7.2E-7,3.2E-7,M2,3.615E-5,4.0E-8,2.645E-6,2.0E-7,M2,3.595E-5,4.0E-8,6.0E-7,2.0E-7,M2,2.677E-5,4.0E-8,6.0E-7,2.0E-7,M2,1.8945E-5,4.0E-8,8.225E-6,2.0E-7,M2,1.8885E-5,-2.0E-8,3.2E-7,1.12E-6,M2,1.8885E-5,-2.0E-8,1.12E-6,3.2E-7,M2,1.8685E-5,3.46E-6,7.2E-7,3.2E-7,M2,4.456E-5,1.4805E-5,7.2E-7,3.2E-7,M2,4.212E-5,1.0815E-5,3.2E-7,7.2E-7,M2,1.796E-5,1.6545E-5,2.0E-7,6.0E-7,M2,1.4920000000000001E-5,1.6945E-5,3.24E-6,2.0E-7,M2,1.4920000000000001E-5,1.6945E-5,2.0E-7,1.35E-6,M2,1.4920000000000001E-5,1.7695E-5,2.0E-7,6.0E-7,M2,2.0E-7,1.2045E-5,2.0E-7,6.0E-7,M2,2.0E-7,1.2445E-5,4.6E-7,2.0E-7,M2,4.6E-7,1.2445E-5,2.0E-7,3.76E-6,M2,4.6E-7,1.6005E-5,2.0E-7,6.0E-7,M2,1.671E-5,4.6E-6,3.2E-7,7.2E-7,M2,2.585E-5,8.85E-7,3.2E-7,7.2E-7,M2,1.796E-5,1.5565E-5,2.0E-7,6.0E-7,M2,1.796E-5,1.5565E-5,2.7400000000000002E-5,2.0E-7,M2,4.516E-5,1.5565E-5,2.0E-7,6.0E-7,M2,7.72E-6,1.5505E-5,3.2E-7,7.2E-7,M2,8.45E-6,4.800000000000001E-7,3.2E-7,7.2E-7,M2,3.715E-5,8.85E-7,3.2E-7,7.2E-7,M2,4.629E-5,4.6E-6,3.2E-7,7.2E-7,M2,6.292E-5,1.2045E-5,2.0E-7,6.0E-7,M2,6.266E-5,1.2445E-5,4.6E-7,2.0E-7,M2,6.266E-5,1.2445E-5,2.0E-7,3.76E-6,M2,6.266E-5,1.6005E-5,2.0E-7,6.0E-7,M2,2.088E-5,1.0815E-5,3.2E-7,7.2E-7,M2,2.088E-5,1.4005E-5,3.2E-7,1.12E-6,M2,2.008E-5,1.4805E-5,1.12E-6,3.2E-7,M2,1.1965E-5,3.52E-6,6.0E-7,2.0E-7,M2,1.2165E-5,2.915E-6,2.0E-7,8.05E-7,M2,1.2165E-5,2.915E-6,2.0E-7,1.0E-6,M2,1.2165E-5,2.915E-6,1.0E-6,2.0E-7,M2,4.516E-5,1.6545E-5,2.0E-7,6.0E-7,M2,4.516E-5,1.6945E-5,3.24E-6,2.0E-7,M2,4.82E-5,1.6945E-5,2.0E-7,1.35E-6,M2,4.82E-5,1.7695E-5,2.0E-7,6.0E-7,M2,5.0695E-5,3.46E-6,7.2E-7,3.2E-7,M2,5.0095E-5,2.855E-6,1.12E-6,3.2E-7,M2,5.0895E-5,2.855E-6,3.2E-7,1.12E-6,M2,2.9445E-5,2.915E-6,2.171E-5,2.0E-7,M2,2.9445E-5,2.42E-6,2.0E-7,6.95E-7,M2,2.9445E-5,2.33E-6,2.0E-7,2.9000000000000003E-7,M2,2.9245000000000002E-5,2.33E-6,6.0E-7,2.0E-7,M2,5.455E-5,4.800000000000001E-7,3.2E-7,7.2E-7,M2,5.528E-5,1.5505E-5,3.2E-7,7.2E-7,M3,1.601E-5,2.24E-6,6.0E-7,2.0E-7,M3,1.621E-5,2.24E-6,2.1775E-5,2.0E-7,M3,3.7785E-5,2.24E-6,5.495E-6,2.0E-7,M3,4.288E-5,2.24E-6,6.0E-7,2.0E-7,M3,4.3975E-5,3.52E-6,6.0E-7,2.0E-7,M3,4.4175E-5,4.0E-8,2.0E-7,3.68E-6,M3,4.3315E-5,-2.0E-8,1.12E-6,3.2E-7,M3,4.4115E-5,-2.0E-8,3.2E-7,1.12E-6,M3,3.8335E-5,-2.0E-8,7.2E-7,3.2E-7,M3,1.8885E-5,-2.0E-8,3.2E-7,1.12E-6,M3,1.8885E-5,-2.0E-8,1.12E-6,3.2E-7,M3,1.8685E-5,3.46E-6,7.2E-7,3.2E-7,M3,4.456E-5,1.4805E-5,7.2E-7,3.2E-7,M3,4.212E-5,1.0815E-5,3.2E-7,7.2E-7,M3,1.671E-5,4.6E-6,3.2E-7,7.2E-7,M3,2.585E-5,8.85E-7,3.2E-7,7.2E-7,M3,7.72E-6,1.5505E-5,3.2E-7,7.2E-7,M3,7.72E-6,4.800000000000001E-7,3.2E-7,1.12E-6,M3,7.72E-6,4.800000000000001E-7,1.12E-6,3.2E-7,M3,7.78E-6,5.4E-7,9.3E-7,2.0E-7,M3,8.51E-6,5.4E-7,2.0E-7,6.0E-7,M3,3.715E-5,8.85E-7,3.2E-7,7.2E-7,M3,4.629E-5,4.6E-6,3.2E-7,7.2E-7,M3,2.094E-5,1.0875E-5,2.0E-7,6.0E-7,M3,2.094E-5,1.1075E-5,2.0E-7,3.99E-6,M3,2.094E-5,1.4065E-5,2.0E-7,1.0E-6,M3,2.014E-5,1.4865E-5,1.0E-6,2.0E-7,M3,5.0755E-5,3.52E-6,6.0E-7,2.0E-7,M3,5.0955E-5,2.915E-6,2.0E-7,8.05E-7,M3,5.0155000000000003E-5,2.915E-6,1.0E-6,2.0E-7,M3,5.0955E-5,2.915E-6,2.0E-7,1.0E-6,M3,5.461E-5,5.4E-7,2.0E-7,6.0E-7,M3,5.461E-5,5.4E-7,9.3E-7,2.0E-7,M3,5.534E-5,5.4E-7,2.0E-7,1.5225E-5,M3,5.534E-5,1.5565E-5,2.0E-7,6.0E-7,M4,4.3315E-5,-2.0E-8,1.12E-6,3.2E-7,M4,4.4115E-5,-2.0E-8,3.2E-7,1.12E-6,M4,3.8335E-5,-2.0E-8,7.2E-7,3.2E-7,M4,1.8885E-5,-2.0E-8,3.2E-7,1.12E-6,M4,1.8885E-5,-2.0E-8,1.12E-6,3.2E-7,M4,1.8685E-5,3.46E-6,7.2E-7,3.2E-7,M4,4.456E-5,1.4805E-5,7.2E-7,3.2E-7,M4,4.212E-5,1.4805E-5,1.12E-6,3.2E-7,M4,4.212E-5,1.4005E-5,3.2E-7,1.12E-6,M4,4.218E-5,1.1075E-5,2.0E-7,3.99E-6,M4,4.218E-5,1.0875E-5,2.0E-7,6.0E-7,M4,1.677E-5,4.66E-6,2.0E-7,6.0E-7,M4,1.677E-5,4.66E-6,9.34E-6,2.0E-7,M4,2.591E-5,1.345E-6,2.0E-7,3.5150000000000002E-6,M4,2.591E-5,9.450000000000001E-7,2.0E-7,6.0E-7,M4,7.78E-6,1.5565E-5,2.0E-7,6.0E-7,M4,7.78E-6,5.4E-7,2.0E-7,1.5225E-5,M4,7.78E-6,5.4E-7,2.0E-7,1.0E-6,M4,7.78E-6,5.4E-7,1.0E-6,2.0E-7,M4,3.721E-5,9.450000000000001E-7,2.0E-7,6.0E-7,M4,3.721E-5,1.345E-6,2.0E-7,3.5150000000000002E-6,M4,3.721E-5,4.66E-6,9.34E-6,2.0E-7,M4,4.635E-5,4.66E-6,2.0E-7,6.0E-7,M5,4.3375000000000004E-5,4.0E-8,1.0E-6,2.0E-7,M5,4.4175E-5,4.0E-8,2.0E-7,1.0E-6,M5,3.8595E-5,4.0E-8,5.78E-6,2.0E-7,M5,3.8395E-5,4.0E-8,6.0E-7,2.0E-7,M5,1.8885E-5,-2.0E-8,3.2E-7,1.12E-6,M5,1.8885E-5,-2.0E-8,1.12E-6,3.2E-7,M5,1.8685E-5,3.46E-6,7.2E-7,3.2E-7,M5,4.462E-5,1.4865E-5,6.0E-7,2.0E-7,M5,4.218E-5,1.4865E-5,2.64E-6,2.0E-7,M5,4.218E-5,1.4865E-5,1.0E-6,2.0E-7,M5,4.218E-5,1.4065E-5,2.0E-7,1.0E-6,M6,1.8945E-5,4.0E-8,2.0E-7,1.0E-6,M6,1.8945E-5,4.0E-8,1.0E-6,2.0E-7,M6,1.8945E-5,4.0E-8,2.0E-7,3.68E-6,M6,1.8745E-5,3.52E-6,6.0E-7,2.0E-7,
M1,3.31E-6,6.6E-7,2.4000000000000003E-7,6.4E-7,M1,3.53E-6,1.5555E-5,2.4000000000000003E-7,6.4E-7,M1,4.5355E-5,1.4895E-5,3.805E-6,1.6E-7,M1,4.5315E-5,1.4855000000000001E-5,1.04E-6,2.4000000000000003E-7,M1,4.5315E-5,1.4055E-5,2.4000000000000003E-7,1.04E-6,M1,4.5115000000000004E-5,1.1515E-5,6.4E-7,2.4000000000000003E-7,M1,1.584E-5,1.4895E-5,3.805E-6,1.6E-7,M1,1.9445E-5,1.4055E-5,2.4000000000000003E-7,1.04E-6,M1,1.8645000000000002E-5,1.4855000000000001E-5,1.04E-6,2.4000000000000003E-7,M1,1.9245E-5,1.1515E-5,6.4E-7,2.4000000000000003E-7,M1,4.523E-5,8.930000000000001E-6,1.6E-7,8.6E-7,M1,4.512E-5,8.930000000000001E-6,2.7E-7,1.6E-7,M1,4.629E-5,4.96E-6,1.9200000000000003E-6,1.6E-7,M1,4.4880000000000004E-5,8.89E-6,6.4E-7,2.4000000000000003E-7,M1,4.504E-5,4.48E-6,2.4000000000000003E-7,6.4E-7,M1,6.432000000000001E-5,1.5995000000000002E-5,2.4000000000000003E-7,6.4E-7,M1,6.458E-5,1.2035E-5,2.4000000000000003E-7,6.4E-7,M1,1.869E-5,1.0415E-5,2.4000000000000003E-7,6.4E-7,M1,1.632E-5,1.5995000000000002E-5,2.4000000000000003E-7,6.4E-7,M1,1.948E-5,8.89E-6,6.4E-7,2.4000000000000003E-7,M1,1.972E-5,4.48E-6,2.4000000000000003E-7,6.4E-7,M1,4.853E-5,1.3575E-5,6.4E-7,2.4000000000000003E-7,M1,3.048E-5,2.31E-6,6.4E-7,2.4000000000000003E-7,M1,3.392E-5,2.35E-6,1.6E-7,1.1425E-5,M1,1.6270000000000002E-5,1.3615000000000001E-5,1.781E-5,1.6E-7,M1,4.4E-7,1.5995000000000002E-5,2.4000000000000003E-7,6.4E-7,M1,1.8E-7,1.2035E-5,2.4000000000000003E-7,6.4E-7,M1,1.679E-5,4.96E-6,1.9200000000000003E-6,1.6E-7,M1,3.779E-5,9.25E-7,2.4000000000000003E-7,6.4E-7,M1,3.989E-5,6.51E-6,2.4000000000000003E-7,6.4E-7,M1,4.206E-5,1.46E-6,2.4000000000000003E-7,6.4E-7,M1,3.6440000000000003E-5,1.365E-6,2.4000000000000003E-7,6.4E-7,M1,3.9200000000000004E-5,3.7800000000000002E-6,6.4E-7,2.4000000000000003E-7,M1,3.6950000000000004E-5,2.0E-8,6.4E-7,2.4000000000000003E-7,M1,1.972E-5,8.930000000000001E-6,1.6E-7,8.6E-7,M1,1.961E-5,9.630000000000001E-6,2.7E-7,1.6E-7,M1,4.8440000000000004E-5,1.5995000000000002E-5,2.4000000000000003E-7,6.4E-7,M1,4.607E-5,1.0415E-5,2.4000000000000003E-7,6.4E-7,M1,2.027E-5,1.0415E-5,2.4000000000000003E-7,6.4E-7,M1,4.449E-5,1.0415E-5,2.4000000000000003E-7,6.4E-7,M1,2.491E-5,6.95E-6,2.26E-6,1.6E-7,M1,2.701E-5,1.365E-6,1.6E-7,5.745E-6,M1,2.832E-5,1.365E-6,2.4000000000000003E-7,6.4E-7,M1,2.27E-5,1.46E-6,2.4000000000000003E-7,6.4E-7,M1,2.516E-5,3.7800000000000002E-6,6.4E-7,2.4000000000000003E-7,M1,2.741E-5,2.0E-8,6.4E-7,2.4000000000000003E-7,M1,6.145E-5,6.6E-7,2.4000000000000003E-7,6.4E-7,M1,6.123E-5,1.5555E-5,2.4000000000000003E-7,6.4E-7,M1,3.154E-5,1.805E-6,1.9200000000000003E-6,1.6E-7,M1,1.671E-5,2.5E-6,6.4E-7,2.4000000000000003E-7,M1,3.983E-5,2.5E-6,6.4E-7,2.4000000000000003E-7,M2,3.33E-6,6.800000000000001E-7,2.0E-7,6.0E-7,M2,3.33E-6,6.800000000000001E-7,2.0E-7,1.5095E-5,M2,3.33E-6,1.5575E-5,4.2E-7,2.0E-7,M2,3.55E-6,1.5575E-5,2.0E-7,6.0E-7,M2,4.5335E-5,1.4875E-5,1.0E-6,2.0E-7,M2,4.5335E-5,1.4075E-5,2.0E-7,1.0E-6,M2,4.5335E-5,1.1535E-5,2.0E-7,3.54E-6,M2,4.5135E-5,1.1535E-5,6.0E-7,2.0E-7,M2,1.9465E-5,1.4075E-5,2.0E-7,1.0E-6,M2,1.8665000000000002E-5,1.4875E-5,1.0E-6,2.0E-7,M2,1.9465E-5,1.1535E-5,2.0E-7,3.54E-6,M2,1.9265E-5,1.1535E-5,6.0E-7,2.0E-7,M2,4.49E-5,8.91E-6,6.0E-7,2.0E-7,M2,4.51E-5,4.5E-6,2.0E-7,4.61E-6,M2,4.506E-5,4.5E-6,2.4000000000000003E-7,2.0E-7,M2,4.506E-5,4.5E-6,2.0E-7,6.0E-7,M2,6.434E-5,1.6015E-5,2.0E-7,6.0E-7,M2,6.434E-5,1.2455E-5,2.0E-7,3.76E-6,M2,6.434E-5,1.2455E-5,4.6E-7,2.0E-7,M2,6.46E-5,1.2055E-5,2.0E-7,6.0E-7,M2,1.865E-5,1.0375E-5,3.2E-7,7.2E-7,M2,1.628E-5,1.5955E-5,3.2E-7,7.2E-7,M2,1.95E-5,8.91E-6,6.0E-7,2.0E-7,M2,1.97E-5,4.5E-6,2.0E-7,4.61E-6,M2,1.97E-5,4.5E-6,2.4000000000000003E-7,2.0E-7,M2,1.974E-5,4.5E-6,2.0E-7,6.0E-7,M2,4.849E-5,1.3535E-5,7.2E-7,3.2E-7,M2,3.084E-5,1.3535E-5,1.12E-6,3.2E-7,M2,3.084E-5,1.2735000000000001E-5,3.2E-7,1.12E-6,M2,3.09E-5,2.33E-6,2.0E-7,1.1465E-5,M2,3.05E-5,2.33E-6,6.0E-7,2.0E-7,M2,4.6E-7,1.6015E-5,2.0E-7,6.0E-7,M2,4.6E-7,1.2455E-5,2.0E-7,3.76E-6,M2,2.0E-7,1.2455E-5,4.6E-7,2.0E-7,M2,2.0E-7,1.2055E-5,2.0E-7,6.0E-7,M2,3.781E-5,9.450000000000001E-7,2.0E-7,6.0E-7,M2,3.781E-5,1.345E-6,2.0E-7,5.7850000000000005E-6,M2,3.775E-5,6.87E-6,1.12E-6,3.2E-7,M2,3.775E-5,6.07E-6,3.2E-7,1.12E-6,M2,3.985E-5,6.47E-6,3.2E-7,7.2E-7,M2,4.202E-5,1.42E-6,3.2E-7,7.2E-7,M2,3.6400000000000004E-5,1.325E-6,3.2E-7,7.2E-7,M2,3.922E-5,3.8E-6,6.0E-7,2.0E-7,M2,3.922E-5,4.0E-8,2.0E-7,3.96E-6,M2,3.836E-5,-2.0E-8,1.12E-6,3.2E-7,M2,3.916E-5,-2.0E-8,3.2E-7,1.12E-6,M2,3.6910000000000004E-5,-2.0E-8,7.2E-7,3.2E-7,M2,4.8400000000000004E-5,1.5955E-5,3.2E-7,7.2E-7,M2,4.603E-5,1.0375E-5,3.2E-7,7.2E-7,M2,2.023E-5,1.0375E-5,3.2E-7,7.2E-7,M2,4.445E-5,1.0375E-5,3.2E-7,7.2E-7,M2,2.828E-5,1.325E-6,3.2E-7,7.2E-7,M2,2.266E-5,1.42E-6,3.2E-7,7.2E-7,M2,2.518E-5,3.8E-6,6.0E-7,2.0E-7,M2,2.558E-5,4.0E-8,2.0E-7,3.96E-6,M2,2.552E-5,-2.0E-8,3.2E-7,1.12E-6,M2,2.552E-5,-2.0E-8,1.12E-6,3.2E-7,M2,2.737E-5,-2.0E-8,7.2E-7,3.2E-7,M2,6.147E-5,6.800000000000001E-7,2.0E-7,6.0E-7,M2,6.147E-5,6.800000000000001E-7,2.0E-7,1.5095E-5,M2,6.125E-5,1.5575E-5,4.2E-7,2.0E-7,M2,6.125E-5,1.5575E-5,2.0E-7,6.0E-7,M2,1.667E-5,2.46E-6,7.2E-7,3.2E-7,M2,3.9790000000000004E-5,2.46E-6,7.2E-7,3.2E-7,M3,1.871E-5,1.0435000000000001E-5,2.0E-7,6.0E-7,M3,1.871E-5,1.0835E-5,2.0E-7,5.38E-6,M3,1.634E-5,1.6015E-5,2.57E-6,2.0E-7,M3,1.634E-5,1.6015E-5,2.0E-7,6.0E-7,M3,4.849E-5,1.3535E-5,7.2E-7,3.2E-7,M3,3.084E-5,1.3535E-5,1.12E-6,3.2E-7,M3,3.084E-5,1.2735000000000001E-5,3.2E-7,1.12E-6,M3,3.781E-5,6.9300000000000006E-6,1.0E-6,2.0E-7,M3,3.781E-5,6.13E-6,2.0E-7,1.0E-6,M3,3.781E-5,6.9300000000000006E-6,2.3E-6,2.0E-7,M3,3.991E-5,6.53E-6,2.0E-7,6.0E-7,M3,4.2080000000000004E-5,1.48E-6,2.0E-7,6.0E-7,M3,3.646E-5,1.88E-6,5.82E-6,2.0E-7,M3,3.646E-5,1.785E-6,2.0E-7,2.95E-7,M3,3.646E-5,1.385E-6,2.0E-7,6.0E-7,M3,3.842E-5,4.0E-8,1.0E-6,2.0E-7,M3,3.922E-5,4.0E-8,2.0E-7,1.0E-6,M3,3.737E-5,4.0E-8,2.05E-6,2.0E-7,M3,3.697E-5,4.0E-8,6.0E-7,2.0E-7,M3,4.846E-5,1.6015E-5,2.0E-7,6.0E-7,M3,4.609E-5,1.6015E-5,2.57E-6,2.0E-7,M3,4.609E-5,1.0835E-5,2.0E-7,5.38E-6,M3,4.609E-5,1.0435000000000001E-5,2.0E-7,6.0E-7,M3,2.029E-5,1.0435000000000001E-5,2.0E-7,6.0E-7,M3,2.029E-5,1.0835E-5,2.442E-5,2.0E-7,M3,4.451E-5,1.0435000000000001E-5,2.0E-7,6.0E-7,M3,2.834E-5,1.385E-6,2.0E-7,6.0E-7,M3,2.834E-5,1.785E-6,2.0E-7,2.95E-7,M3,2.272E-5,1.88E-6,5.82E-6,2.0E-7,M3,2.272E-5,1.48E-6,2.0E-7,6.0E-7,M3,2.558E-5,4.0E-8,2.0E-7,1.0E-6,M3,2.558E-5,4.0E-8,1.0E-6,2.0E-7,M3,2.558E-5,4.0E-8,2.05E-6,2.0E-7,M3,2.743E-5,4.0E-8,6.0E-7,2.0E-7,M3,1.673E-5,2.52E-6,6.0E-7,2.0E-7,M3,1.693E-5,2.52E-6,2.312E-5,2.0E-7,M3,3.985E-5,2.52E-6,6.0E-7,2.0E-7,M4,4.849E-5,1.3535E-5,7.2E-7,3.2E-7,M4,3.084E-5,1.3535E-5,1.12E-6,3.2E-7,M4,3.084E-5,1.2735000000000001E-5,3.2E-7,1.12E-6,M5,4.849E-5,1.3535E-5,7.2E-7,3.2E-7,M5,3.084E-5,1.3535E-5,1.12E-6,3.2E-7,M5,3.084E-5,1.2735000000000001E-5,3.2E-7,1.12E-6,M6,4.855E-5,1.3595000000000001E-5,6.0E-7,2.0E-7,M6,3.09E-5,1.3595000000000001E-5,1.785E-5,2.0E-7,M6,3.09E-5,1.3595000000000001E-5,1.0E-6,2.0E-7,M6,3.09E-5,1.2795E-5,2.0E-7,1.0E-6,
M1,1.101E-5,4.6E-6,2.4000000000000003E-7,6.4E-7,M1,8.19E-6,4.7E-6,2.4000000000000003E-7,6.4E-7,M1,3.622E-5,1.2755E-5,2.4000000000000003E-7,6.4E-7,M1,3.597E-5,5.5E-7,2.4000000000000003E-7,6.4E-7,M1,2.959E-5,4.7E-6,2.4000000000000003E-7,6.4E-7,M1,2.677E-5,4.6E-6,2.4000000000000003E-7,6.4E-7,M1,1.8E-7,9.235E-6,2.4000000000000003E-7,6.4E-7,M1,4.4E-7,1.3195E-5,2.4000000000000003E-7,6.4E-7,M1,1.225E-5,1.74E-6,1.6E-7,2.1E-7,M1,8.2E-6,1.79E-6,4.21E-6,1.6E-7,M1,2.588E-5,1.5775E-5,2.4000000000000003E-7,6.4E-7,M1,2.292E-5,1.1955E-5,2.4000000000000003E-7,6.4E-7,M1,3.734E-5,1.3195E-5,2.4000000000000003E-7,6.4E-7,M1,3.76E-5,9.235E-6,2.4000000000000003E-7,6.4E-7,M1,1.699E-5,2.18E-6,6.4E-7,2.4000000000000003E-7,M1,3.011E-5,3.5600000000000002E-6,6.4E-7,2.4000000000000003E-7,M1,2.561E-5,1.79E-6,4.21E-6,1.6E-7,M1,2.561E-5,1.74E-6,1.6E-7,2.1E-7,M1,1.3095E-5,8.95E-6,6.4E-7,2.4000000000000003E-7,M1,1.3180000000000001E-5,2.18E-6,6.4E-7,2.4000000000000003E-7,M1,1.542E-5,1.3095E-5,1.6E-7,3.98E-6,M1,1.254E-5,1.6915E-5,3.04E-6,1.6E-7,M1,2.197E-5,1.027E-5,1.6E-7,8.6E-7,M1,2.197E-5,1.097E-5,2.7E-7,1.6E-7,M1,1.5890000000000002E-5,1.027E-5,1.6E-7,8.6E-7,M1,1.578E-5,1.097E-5,2.7E-7,1.6E-7,M1,1.56E-6,1.2755E-5,2.4000000000000003E-7,6.4E-7,M1,1.81E-6,5.5E-7,2.4000000000000003E-7,6.4E-7,M1,1.542E-5,7.85E-6,1.6E-7,2.58E-6,M1,1.456E-5,7.85E-6,1.02E-6,1.6E-7,M1,1.648E-5,1.2395E-5,5.06E-6,1.6E-7,M1,2.039E-5,2.18E-6,6.4E-7,2.4000000000000003E-7,M1,7.27E-6,3.5600000000000002E-6,6.4E-7,2.4000000000000003E-7,M1,2.2440000000000002E-5,1.3095E-5,1.6E-7,3.98E-6,M1,2.2440000000000002E-5,1.6915E-5,3.04E-6,1.6E-7,M1,2.889E-5,2.0E-8,6.4E-7,2.4000000000000003E-7,M1,8.49E-6,2.0E-8,6.4E-7,2.4000000000000003E-7,M1,2.2440000000000002E-5,7.85E-6,1.6E-7,2.58E-6,M1,2.2440000000000002E-5,7.85E-6,1.02E-6,1.6E-7,M1,1.093E-5,8.6E-7,2.4000000000000003E-7,6.4E-7,M1,1.101E-5,4.6E-6,2.4000000000000003E-7,6.4E-7,M1,2.6850000000000002E-5,8.6E-7,2.4000000000000003E-7,6.4E-7,M1,2.677E-5,4.6E-6,2.4000000000000003E-7,6.4E-7,M1,2.4200000000000002E-5,2.18E-6,6.4E-7,2.4000000000000003E-7,M1,2.4285000000000002E-5,8.95E-6,6.4E-7,2.4000000000000003E-7,M1,1.486E-5,1.1955E-5,2.4000000000000003E-7,6.4E-7,M1,1.19E-5,1.5775E-5,2.4000000000000003E-7,6.4E-7,M1,1.805E-5,1.74E-6,1.9200000000000003E-6,1.6E-7,M2,1.097E-5,4.56E-6,3.2E-7,7.2E-7,M2,8.15E-6,4.66E-6,3.2E-7,7.2E-7,M2,3.624E-5,1.2775E-5,2.0E-7,6.0E-7,M2,3.599E-5,1.2775E-5,4.5000000000000003E-7,2.0E-7,M2,3.599E-5,5.7E-7,2.0E-7,1.2405E-5,M2,3.599E-5,5.7E-7,2.0E-7,6.0E-7,M2,2.961E-5,4.72E-6,2.0E-7,6.0E-7,M2,2.961E-5,4.62E-6,2.0E-7,3.0E-7,M2,2.679E-5,4.62E-6,3.02E-6,2.0E-7,M2,2.679E-5,4.62E-6,2.0E-7,6.0E-7,M2,1.4E-7,9.195000000000001E-6,3.2E-7,7.2E-7,M2,4.0E-7,1.3155E-5,3.2E-7,7.2E-7,M2,2.584E-5,1.5735E-5,3.2E-7,7.2E-7,M2,2.288E-5,1.1915E-5,3.2E-7,7.2E-7,M2,3.73E-5,1.3155E-5,3.2E-7,7.2E-7,M2,3.756E-5,9.195000000000001E-6,3.2E-7,7.2E-7,M2,1.6950000000000002E-5,2.14E-6,7.2E-7,3.2E-7,M2,3.0070000000000002E-5,3.52E-6,7.2E-7,3.2E-7,M2,1.3115E-5,8.97E-6,6.0E-7,2.0E-7,M2,1.3315E-5,8.97E-6,2.85E-7,2.0E-7,M2,1.3340000000000001E-5,8.11E-6,3.2E-7,1.12E-6,M2,1.254E-5,8.91E-6,1.12E-6,3.2E-7,M2,1.314E-5,2.14E-6,7.2E-7,3.2E-7,M2,1.5800000000000001E-6,1.2775E-5,2.0E-7,6.0E-7,M2,1.5800000000000001E-6,1.2775E-5,4.5000000000000003E-7,2.0E-7,M2,1.83E-6,5.7E-7,2.0E-7,1.2405E-5,M2,1.83E-6,5.7E-7,2.0E-7,6.0E-7,M2,2.041E-5,2.2E-6,6.0E-7,2.0E-7,M2,2.041E-5,2.2E-6,2.0E-7,1.5800000000000001E-6,M2,7.690000000000001E-6,3.58E-6,1.292E-5,2.0E-7,M2,7.2900000000000005E-6,3.58E-6,6.0E-7,2.0E-7,M2,2.891E-5,4.0E-8,6.0E-7,2.0E-7,M2,8.91E-6,4.0E-8,2.02E-5,2.0E-7,M2,8.51E-6,4.0E-8,6.0E-7,2.0E-7,M2,1.089E-5,8.2E-7,3.2E-7,7.2E-7,M2,1.097E-5,4.56E-6,3.2E-7,7.2E-7,M2,2.681E-5,8.2E-7,3.2E-7,7.2E-7,M2,2.673E-5,4.56E-6,3.2E-7,7.2E-7,M2,2.4220000000000002E-5,2.2E-6,6.0E-7,2.0E-7,M2,2.442E-5,2.2E-6,2.0E-7,6.97E-6,M2,2.442E-5,8.97E-6,2.85E-7,2.0E-7,M2,2.4305000000000002E-5,8.97E-6,6.0E-7,2.0E-7,M2,1.482E-5,1.1915E-5,3.2E-7,7.2E-7,M2,1.186E-5,1.5735E-5,3.2E-7,7.2E-7,M3,1.103E-5,4.62E-6,2.0E-7,6.0E-7,M3,1.103E-5,4.62E-6,2.0E-7,3.0E-7,M3,8.210000000000001E-6,4.72E-6,3.02E-6,2.0E-7,M3,8.210000000000001E-6,4.72E-6,2.0E-7,6.0E-7,M3,2.0E-7,9.255E-6,2.0E-7,6.0E-7,M3,2.0E-7,9.655E-6,2.0E-7,3.76E-6,M3,2.0E-7,1.3215E-5,4.6E-7,2.0E-7,M3,4.6E-7,1.3215E-5,2.0E-7,6.0E-7,M3,2.59E-5,1.5795E-5,2.0E-7,6.0E-7,M3,2.294E-5,1.6195E-5,3.1600000000000002E-6,2.0E-7,M3,2.294E-5,1.2375000000000001E-5,2.0E-7,4.0200000000000005E-6,M3,2.294E-5,1.1975E-5,2.0E-7,6.0E-7,M3,3.736E-5,1.3215E-5,2.0E-7,6.0E-7,M3,3.736E-5,1.3215E-5,4.6E-7,2.0E-7,M3,3.762E-5,9.655E-6,2.0E-7,3.76E-6,M3,3.762E-5,9.255E-6,2.0E-7,6.0E-7,M3,1.701E-5,2.2E-6,6.0E-7,2.0E-7,M3,1.741E-5,2.2E-6,2.0E-7,1.5800000000000001E-6,M3,1.741E-5,3.58E-6,1.292E-5,2.0E-7,M3,3.013E-5,3.58E-6,6.0E-7,2.0E-7,M3,1.34E-5,8.17E-6,2.0E-7,1.0E-6,M3,1.26E-5,8.97E-6,1.0E-6,2.0E-7,M3,1.34E-5,2.2E-6,2.0E-7,6.97E-6,M3,1.32E-5,2.2E-6,6.0E-7,2.0E-7,M3,1.089E-5,8.2E-7,3.2E-7,7.2E-7,M3,1.097E-5,4.56E-6,3.2E-7,7.2E-7,M3,2.681E-5,8.2E-7,3.2E-7,7.2E-7,M3,2.673E-5,4.56E-6,3.2E-7,7.2E-7,M3,1.488E-5,1.1975E-5,2.0E-7,6.0E-7,M3,1.488E-5,1.2375000000000001E-5,2.0E-7,4.0200000000000005E-6,M3,1.1920000000000001E-5,1.6195E-5,3.1600000000000002E-6,2.0E-7,M3,1.1920000000000001E-5,1.5795E-5,2.0E-7,6.0E-7,M4,1.095E-5,8.8E-7,2.0E-7,6.0E-7,M4,1.095E-5,1.28E-6,2.0E-7,3.54E-6,M4,1.095E-5,4.62E-6,2.8E-7,2.0E-7,M4,1.103E-5,4.62E-6,2.0E-7,6.0E-7,M4,2.6870000000000002E-5,8.8E-7,2.0E-7,6.0E-7,M4,2.6870000000000002E-5,1.28E-6,2.0E-7,3.54E-6,M4,2.679E-5,4.62E-6,2.8E-7,2.0E-7,M4,2.679E-5,4.62E-6,2.0E-7,6.0E-7,
M1,3.2900000000000003E-6,1.405E-6,2.4000000000000003E-7,6.4E-7,M1,3.32E-6,1.8195E-5,2.4000000000000003E-7,6.4E-7,M1,2.3520000000000002E-5,1.9585E-5,2.4000000000000003E-7,6.4E-7,M1,2.2035E-5,1.2795E-5,6.4E-7,2.4000000000000003E-7,M1,2.188E-5,1.2835E-5,5.55E-7,1.6E-7,M1,1.827E-5,8.210000000000001E-6,2.4000000000000003E-7,6.4E-7,M1,1.94E-5,1.0435000000000001E-5,2.4000000000000003E-7,6.4E-7,M1,1.944E-5,1.0675E-5,1.6E-7,5.55E-7,M1,1.024E-5,4.225E-6,6.4E-7,2.4000000000000003E-7,M1,1.861E-5,3.59E-6,6.4E-7,2.4000000000000003E-7,M1,1.116E-5,5.365E-6,2.4000000000000003E-7,6.4E-7,M1,4.89E-6,9.25E-7,2.4000000000000003E-7,6.4E-7,M1,1.296E-5,4.77E-6,1.6E-7,7.95E-7,M1,1.12E-5,5.405E-6,1.9200000000000003E-6,1.6E-7,M1,2.611E-5,2.0E-8,6.4E-7,2.4000000000000003E-7,M1,2.11E-5,3.59E-6,6.4E-7,2.4000000000000003E-7,M1,2.378E-5,5.365E-6,2.4000000000000003E-7,6.4E-7,M1,3.0050000000000002E-5,9.25E-7,2.4000000000000003E-7,6.4E-7,M1,4.4E-7,1.8635E-5,2.4000000000000003E-7,6.4E-7,M1,1.8E-7,1.4675000000000001E-5,2.4000000000000003E-7,6.4E-7,M1,2.869E-5,1.365E-6,2.4000000000000003E-7,6.4E-7,M1,3.26E-5,1.8450000000000001E-6,2.4000000000000003E-7,6.4E-7,M1,2.99E-6,2.9850000000000002E-6,2.92E-5,1.6E-7,M1,1.558E-5,1.0675E-5,1.6E-7,5.55E-7,M1,1.554E-5,1.0435000000000001E-5,2.4000000000000003E-7,6.4E-7,M1,1.667E-5,8.210000000000001E-6,2.4000000000000003E-7,6.4E-7,M1,1.4365E-5,1.107E-5,1.6E-7,7.2E-7,M1,1.4365E-5,1.163E-5,1.815E-6,1.6E-7,M1,3.476E-5,1.4675000000000001E-5,2.4000000000000003E-7,6.4E-7,M1,3.45E-5,1.8635E-5,2.4000000000000003E-7,6.4E-7,M1,2.43E-5,4.225E-6,6.4E-7,2.4000000000000003E-7,M1,1.593E-5,3.59E-6,6.4E-7,2.4000000000000003E-7,M1,2.206E-5,4.77E-6,1.6E-7,7.95E-7,M1,2.206E-5,5.405E-6,1.9200000000000003E-6,1.6E-7,M1,2.34E-6,1.8450000000000001E-6,2.4000000000000003E-7,6.4E-7,M1,6.25E-6,1.365E-6,2.4000000000000003E-7,6.4E-7,M1,2.0700000000000002E-5,1.107E-5,1.6E-7,7.2E-7,M1,2.035E-5,1.107E-5,5.1E-7,1.6E-7,M1,1.376E-5,1.3395E-5,1.6E-7,1.155E-6,M1,1.372E-5,1.415E-5,2.4000000000000003E-7,6.4E-7,M1,1.338E-5,1.7495E-5,6.4E-7,2.4000000000000003E-7,M1,9.49E-6,1.805E-6,1.62E-5,1.6E-7,M1,2.12E-5,1.4390000000000001E-5,1.6E-7,3.305E-6,M1,2.116E-5,1.415E-5,2.4000000000000003E-7,6.4E-7,M1,2.082E-5,1.3355E-5,6.4E-7,2.4000000000000003E-7,M1,1.142E-5,1.9585E-5,2.4000000000000003E-7,6.4E-7,M1,1.2505E-5,1.2795E-5,6.4E-7,2.4000000000000003E-7,M1,1.2745E-5,1.2835E-5,5.55E-7,1.6E-7,M1,1.522E-5,1.2835E-5,4.74E-6,1.6E-7,M1,3.1650000000000004E-5,1.405E-6,2.4000000000000003E-7,6.4E-7,M1,3.162E-5,1.8195E-5,2.4000000000000003E-7,6.4E-7,M1,1.344E-5,3.59E-6,6.4E-7,2.4000000000000003E-7,M1,1.2640000000000001E-5,2.0E-8,1.04E-6,2.4000000000000003E-7,M1,1.344E-5,2.0E-8,2.4000000000000003E-7,1.04E-6,M1,8.87E-6,6.000000000000001E-8,4.77E-6,1.6E-7,M2,3.31E-6,1.4250000000000001E-6,2.0E-7,6.0E-7,M2,3.31E-6,1.825E-6,2.0E-7,1.659E-5,M2,3.31E-6,1.8215E-5,2.3E-7,2.0E-7,M2,3.34E-6,1.8215E-5,2.0E-7,6.0E-7,M2,2.354E-5,1.9605E-5,2.0E-7,6.0E-7,M2,2.354E-5,1.2815E-5,2.0E-7,7.39E-6,M2,2.2255E-5,1.2815E-5,1.485E-6,2.0E-7,M2,2.2055E-5,1.2815E-5,6.0E-7,2.0E-7,M2,1.823E-5,8.17E-6,3.2E-7,7.2E-7,M2,1.936E-5,1.0395E-5,3.2E-7,7.2E-7,M2,1.026E-5,4.245E-6,6.0E-7,2.0E-7,M2,1.066E-5,4.245E-6,8.17E-6,2.0E-7,M2,1.863E-5,3.61E-6,2.0E-7,8.35E-7,M2,1.863E-5,3.61E-6,6.0E-7,2.0E-7,M2,1.118E-5,5.385E-6,2.0E-7,6.0E-7,M2,4.9100000000000004E-6,5.385E-6,6.47E-6,2.0E-7,M2,4.9100000000000004E-6,1.345E-6,2.0E-7,4.24E-6,M2,4.9100000000000004E-6,9.450000000000001E-7,2.0E-7,6.0E-7,M2,2.6130000000000002E-5,4.0E-8,6.0E-7,2.0E-7,M2,2.152E-5,4.0E-8,4.81E-6,2.0E-7,M2,2.152E-5,4.0E-8,2.0E-7,3.77E-6,M2,2.112E-5,3.61E-6,6.0E-7,2.0E-7,M2,2.38E-5,5.385E-6,2.0E-7,6.0E-7,M2,2.38E-5,5.385E-6,6.47E-6,2.0E-7,M2,3.0070000000000002E-5,1.345E-6,2.0E-7,4.24E-6,M2,3.0070000000000002E-5,9.450000000000001E-7,2.0E-7,6.0E-7,M2,4.0E-7,1.8595E-5,3.2E-7,7.2E-7,M2,1.4E-7,1.4635E-5,3.2E-7,7.2E-7,M2,2.8650000000000002E-5,1.325E-6,3.2E-7,7.2E-7,M2,3.256E-5,1.805E-6,3.2E-7,7.2E-7,M2,1.556E-5,1.0455E-5,2.0E-7,6.0E-7,M2,1.556E-5,8.63E-6,2.0E-7,2.225E-6,M2,1.556E-5,8.63E-6,1.33E-6,2.0E-7,M2,1.669E-5,8.23E-6,2.0E-7,6.0E-7,M2,3.472E-5,1.4635E-5,3.2E-7,7.2E-7,M2,3.446E-5,1.8595E-5,3.2E-7,7.2E-7,M2,2.426E-5,4.185E-6,7.2E-7,3.2E-7,M2,1.5890000000000002E-5,3.55E-6,7.2E-7,3.2E-7,M2,2.3E-6,1.805E-6,3.2E-7,7.2E-7,M2,6.21E-6,1.325E-6,3.2E-7,7.2E-7,M2,1.374E-5,1.417E-5,2.0E-7,6.0E-7,M2,1.374E-5,1.437E-5,2.0E-7,3.345E-6,M2,1.374E-5,1.7515E-5,2.6E-7,2.0E-7,M2,1.34E-5,1.7515E-5,6.0E-7,2.0E-7,M2,2.118E-5,1.417E-5,2.0E-7,6.0E-7,M2,2.118E-5,1.3375E-5,2.0E-7,1.195E-6,M2,2.118E-5,1.3375E-5,2.6E-7,2.0E-7,M2,2.084E-5,1.3375E-5,6.0E-7,2.0E-7,M2,1.144E-5,1.9605E-5,2.0E-7,6.0E-7,M2,1.144E-5,1.2815E-5,2.0E-7,7.39E-6,M2,1.144E-5,1.2815E-5,1.485E-6,2.0E-7,M2,1.2525E-5,1.2815E-5,6.0E-7,2.0E-7,M2,3.167E-5,1.4250000000000001E-6,2.0E-7,6.0E-7,M2,3.167E-5,1.825E-6,2.0E-7,1.659E-5,M2,3.164E-5,1.8215E-5,2.3E-7,2.0E-7,M2,3.164E-5,1.8215E-5,2.0E-7,6.0E-7,M2,1.34E-5,3.55E-6,7.2E-7,3.2E-7,M2,1.26E-5,-2.0E-8,1.12E-6,3.2E-7,M2,1.34E-5,-2.0E-8,3.2E-7,1.12E-6,M3,1.829E-5,8.23E-6,2.0E-7,6.0E-7,M3,1.829E-5,8.63E-6,1.33E-6,2.0E-7,M3,1.942E-5,8.63E-6,2.0E-7,2.225E-6,M3,1.942E-5,1.0455E-5,2.0E-7,6.0E-7,M3,4.6E-7,1.8655E-5,2.0E-7,6.0E-7,M3,4.6E-7,1.5095E-5,2.0E-7,3.76E-6,M3,2.0E-7,1.5095E-5,4.6E-7,2.0E-7,M3,2.0E-7,1.4695E-5,2.0E-7,6.0E-7,M3,2.871E-5,1.385E-6,2.0E-7,6.0E-7,M3,2.871E-5,1.785E-6,2.0E-7,6.800000000000001E-7,M3,2.871E-5,2.265E-6,4.1100000000000005E-6,2.0E-7,M3,3.262E-5,1.8650000000000001E-6,2.0E-7,6.0E-7,M3,3.478E-5,1.4695E-5,2.0E-7,6.0E-7,M3,3.478E-5,1.5095E-5,2.0E-7,3.76E-6,M3,3.452E-5,1.8655E-5,4.6E-7,2.0E-7,M3,3.452E-5,1.8655E-5,2.0E-7,6.0E-7,M3,2.432E-5,4.245E-6,6.0E-7,2.0E-7,M3,1.635E-5,4.245E-6,8.17E-6,2.0E-7,M3,1.635E-5,3.61E-6,2.0E-7,8.35E-7,M3,1.595E-5,3.61E-6,6.0E-7,2.0E-7,M3,2.36E-6,1.8650000000000001E-6,2.0E-7,6.0E-7,M3,2.36E-6,1.785E-6,2.0E-7,6.800000000000001E-7,M3,2.36E-6,1.785E-6,4.1100000000000005E-6,2.0E-7,M3,6.27E-6,1.385E-6,2.0E-7,6.0E-7,M3,1.346E-5,3.61E-6,6.0E-7,2.0E-7,M3,1.346E-5,4.0E-8,2.0E-7,3.77E-6,M3,1.266E-5,4.0E-8,1.0E-6,2.0E-7,M3,1.346E-5,4.0E-8,2.0E-7,1.0E-6,
M1,1.968E-5,1.0575E-5,2.4000000000000003E-7,6.4E-7,M1,2.23E-5,1.3395E-5,6.4E-7,2.4000000000000003E-7,M1,1.146E-5,1.893E-5,3.08E-6,1.6E-7,M1,1.438E-5,1.5315E-5,1.6E-7,3.7750000000000003E-6,M1,2.9180000000000002E-5,1.805E-6,1.6E-7,2.3E-7,M1,2.9180000000000002E-5,1.875E-6,4.78E-6,1.6E-7,M1,2.2235E-5,1.4115E-5,2.05E-7,1.6E-7,M1,2.2235E-5,1.3435000000000001E-5,1.6E-7,8.4E-7,M1,2.398E-5,4.9050000000000005E-6,1.73E-6,1.6E-7,M1,2.555E-5,4.9050000000000005E-6,3.5E-7,1.6E-7,M1,1.8E-7,1.312E-5,2.4000000000000003E-7,6.4E-7,M1,4.4E-7,1.708E-5,2.4000000000000003E-7,6.4E-7,M1,3.257E-5,2.0E-8,6.4E-7,2.4000000000000003E-7,M1,4.79E-6,2.0E-8,6.4E-7,2.4000000000000003E-7,M1,1.1920000000000001E-5,1.805E-6,1.416E-5,1.6E-7,M1,3.732E-5,1.708E-5,2.4000000000000003E-7,6.4E-7,M1,3.758E-5,1.312E-5,2.4000000000000003E-7,6.4E-7,M1,2.574E-5,3.015E-6,1.6E-7,2.05E-6,M1,2.57E-5,2.775E-6,2.4000000000000003E-7,6.4E-7,M1,2.765E-5,5.65E-7,2.4000000000000003E-7,6.4E-7,M1,1.434E-5,3.725E-6,6.4E-7,2.4000000000000003E-7,M1,1.354E-5,2.31E-6,1.04E-6,2.4000000000000003E-7,M1,1.434E-5,2.31E-6,2.4000000000000003E-7,1.04E-6,M1,1.13E-5,2.35E-6,3.24E-6,1.6E-7,M1,1.496E-5,1.5955E-5,6.4E-7,2.4000000000000003E-7,M1,1.1580000000000001E-5,1.594E-5,6.4E-7,2.4000000000000003E-7,M1,1.734E-5,1.2115E-5,6.4E-7,2.4000000000000003E-7,M1,2.622E-5,1.466E-5,6.4E-7,2.4000000000000003E-7,M1,2.346E-5,2.35E-6,3.24E-6,1.6E-7,M1,2.346E-5,2.35E-6,1.6E-7,1.575E-6,M1,1.506E-5,1.3395E-5,6.4E-7,2.4000000000000003E-7,M1,1.808E-5,1.0575E-5,2.4000000000000003E-7,6.4E-7,M1,1.114E-5,1.466E-5,6.4E-7,2.4000000000000003E-7,M1,2.002E-5,1.2115E-5,6.4E-7,2.4000000000000003E-7,M1,1.2290000000000001E-5,4.9050000000000005E-6,1.73E-6,1.6E-7,M1,1.2100000000000001E-5,4.9050000000000005E-6,3.5E-7,1.6E-7,M1,8.66E-6,1.805E-6,1.6E-7,2.3E-7,M1,4.04E-6,1.875E-6,4.78E-6,1.6E-7,M1,1.011E-5,5.65E-7,2.4000000000000003E-7,6.4E-7,M1,1.206E-5,2.775E-6,2.4000000000000003E-7,6.4E-7,M1,1.2100000000000001E-5,3.015E-6,1.6E-7,2.05E-6,M1,1.646E-5,1.5315E-5,5.0800000000000005E-6,1.6E-7,M1,3.213E-5,6.3E-7,2.4000000000000003E-7,6.4E-7,M1,3.264E-5,1.664E-5,2.4000000000000003E-7,6.4E-7,M1,5.12E-6,1.664E-5,2.4000000000000003E-7,6.4E-7,M1,5.12E-6,6.3E-7,2.4000000000000003E-7,1.04E-6,M1,5.12E-6,6.3E-7,1.04E-6,2.4000000000000003E-7,M1,5.16E-6,6.7E-7,6.7E-7,1.6E-7,M1,1.556E-5,1.3435000000000001E-5,2.05E-7,1.6E-7,M1,1.556E-5,1.3435000000000001E-5,1.6E-7,8.4E-7,M1,2.578E-5,1.594E-5,6.4E-7,2.4000000000000003E-7,M1,2.24E-5,1.5955E-5,6.4E-7,2.4000000000000003E-7,M1,2.346E-5,1.893E-5,3.08E-6,1.6E-7,M1,2.346E-5,1.5315E-5,1.6E-7,3.7750000000000003E-6,M2,1.9640000000000002E-5,1.0535E-5,3.2E-7,7.2E-7,M2,2.166E-5,1.0935E-5,1.12E-6,3.2E-7,M2,2.2460000000000002E-5,1.0935E-5,3.2E-7,1.12E-6,M2,2.252E-5,1.0995E-5,2.0E-7,2.62E-6,M2,2.232E-5,1.3415E-5,6.0E-7,2.0E-7,M2,1.4E-7,1.308E-5,3.2E-7,7.2E-7,M2,4.0E-7,1.704E-5,3.2E-7,7.2E-7,M2,3.259E-5,4.0E-8,6.0E-7,2.0E-7,M2,5.21E-6,4.0E-8,2.758E-5,2.0E-7,M2,4.81E-6,4.0E-8,6.0E-7,2.0E-7,M2,3.728E-5,1.704E-5,3.2E-7,7.2E-7,M2,3.754E-5,1.308E-5,3.2E-7,7.2E-7,M2,2.566E-5,2.735E-6,3.2E-7,7.2E-7,M2,2.761E-5,5.250000000000001E-7,3.2E-7,7.2E-7,M2,1.43E-5,3.685E-6,7.2E-7,3.2E-7,M2,1.35E-5,2.27E-6,1.12E-6,3.2E-7,M2,1.43E-5,2.27E-6,3.2E-7,1.12E-6,M2,1.4920000000000001E-5,1.5915E-5,7.2E-7,3.2E-7,M2,1.154E-5,1.59E-5,7.2E-7,3.2E-7,M2,1.736E-5,1.2135E-5,6.0E-7,2.0E-7,M2,1.776E-5,1.2135E-5,2.0E-7,2.745E-6,M2,1.77E-5,1.462E-5,1.12E-6,3.2E-7,M2,1.77E-5,1.382E-5,3.2E-7,1.12E-6,M2,2.618E-5,1.462E-5,7.2E-7,3.2E-7,M2,1.502E-5,1.3355E-5,7.2E-7,3.2E-7,M2,1.804E-5,1.0535E-5,3.2E-7,7.2E-7,M2,1.11E-5,1.462E-5,7.2E-7,3.2E-7,M2,1.9980000000000002E-5,1.2075E-5,7.2E-7,3.2E-7,M2,1.013E-5,5.85E-7,2.0E-7,6.0E-7,M2,1.013E-5,5.85E-7,2.15E-6,2.0E-7,M2,1.208E-5,5.85E-7,2.0E-7,2.61E-6,M2,1.208E-5,2.795E-6,2.0E-7,6.0E-7,M2,3.209E-5,5.9E-7,3.2E-7,7.2E-7,M2,3.26E-5,1.66E-5,3.2E-7,7.2E-7,M2,5.14E-6,1.666E-5,2.0E-7,6.0E-7,M2,5.14E-6,6.5E-7,2.0E-7,1.621E-5,M2,5.14E-6,6.5E-7,2.0E-7,1.0E-6,M2,5.14E-6,6.5E-7,1.0E-6,2.0E-7,M2,2.58E-5,1.596E-5,6.0E-7,2.0E-7,M2,2.2820000000000002E-5,1.596E-5,3.18E-6,2.0E-7,M2,2.276E-5,1.59E-5,3.2E-7,1.12E-6,M2,2.276E-5,1.59E-5,1.12E-6,3.2E-7,M2,2.236E-5,1.5915E-5,7.2E-7,3.2E-7,M3,1.9640000000000002E-5,1.0535E-5,3.2E-7,7.2E-7,M3,2.166E-5,1.0935E-5,1.12E-6,3.2E-7,M3,2.2460000000000002E-5,1.0935E-5,3.2E-7,1.12E-6,M3,2.0E-7,1.314E-5,2.0E-7,6.0E-7,M3,2.0E-7,1.354E-5,2.0E-7,3.76E-6,M3,2.0E-7,1.71E-5,4.6E-7,2.0E-7,M3,4.6E-7,1.71E-5,2.0E-7,6.0E-7,M3,3.734E-5,1.71E-5,2.0E-7,6.0E-7,M3,3.734E-5,1.354E-5,2.0E-7,3.76E-6,M3,3.734E-5,1.354E-5,4.6E-7,2.0E-7,M3,3.76E-5,1.314E-5,2.0E-7,6.0E-7,M3,2.566E-5,2.735E-6,3.2E-7,7.2E-7,M3,2.566E-5,5.250000000000001E-7,3.2E-7,1.12E-6,M3,2.566E-5,5.250000000000001E-7,1.12E-6,3.2E-7,M3,2.572E-5,5.85E-7,2.15E-6,2.0E-7,M3,2.767E-5,5.85E-7,2.0E-7,6.0E-7,M3,1.436E-5,3.745E-6,6.0E-7,2.0E-7,M3,1.436E-5,2.33E-6,2.0E-7,1.615E-6,M3,1.356E-5,2.33E-6,1.0E-6,2.0E-7,M3,1.436E-5,2.33E-6,2.0E-7,1.0E-6,M3,1.498E-5,1.5975E-5,6.0E-7,2.0E-7,M3,1.498E-5,1.596E-5,2.0E-7,2.15E-7,M3,1.412E-5,1.59E-5,1.12E-6,3.2E-7,M3,1.4920000000000001E-5,1.59E-5,3.2E-7,1.12E-6,M3,1.154E-5,1.59E-5,7.2E-7,3.2E-7,M3,1.77E-5,1.462E-5,1.12E-6,3.2E-7,M3,1.77E-5,1.382E-5,3.2E-7,1.12E-6,M3,2.618E-5,1.462E-5,7.2E-7,3.2E-7,M3,1.508E-5,1.3415E-5,6.0E-7,2.0E-7,M3,1.528E-5,1.0995E-5,2.0E-7,2.62E-6,M3,1.528E-5,1.0995E-5,3.02E-6,2.0E-7,M3,1.81E-5,1.0595000000000001E-5,2.0E-7,6.0E-7,M3,1.11E-5,1.462E-5,7.2E-7,3.2E-7,M3,1.9980000000000002E-5,1.2075E-5,7.2E-7,3.2E-7,M3,3.209E-5,5.9E-7,3.2E-7,7.2E-7,M3,3.26E-5,1.66E-5,3.2E-7,7.2E-7,M3,2.2820000000000002E-5,1.596E-5,2.0E-7,1.0E-6,M3,2.2820000000000002E-5,1.596E-5,1.0E-6,2.0E-7,M3,2.2820000000000002E-5,1.596E-5,2.0E-7,2.15E-7,M3,2.242E-5,1.5975E-5,6.0E-7,2.0E-7,M4,1.97E-5,1.0595000000000001E-5,2.0E-7,6.0E-7,M4,1.97E-5,1.0995E-5,3.02E-6,2.0E-7,M4,2.1720000000000002E-5,1.0995E-5,1.0E-6,2.0E-7,M4,2.252E-5,1.0995E-5,2.0E-7,1.0E-6,M4,2.572E-5,2.795E-6,2.0E-7,6.0E-7,M4,2.572E-5,5.85E-7,2.0E-7,2.61E-6,M4,2.572E-5,5.85E-7,2.0E-7,1.0E-6,M4,2.572E-5,5.85E-7,1.0E-6,2.0E-7,M4,1.412E-5,1.59E-5,1.12E-6,3.2E-7,M4,1.4920000000000001E-5,1.59E-5,3.2E-7,1.12E-6,M4,1.154E-5,1.59E-5,7.2E-7,3.2E-7,M4,1.776E-5,1.468E-5,1.0E-6,2.0E-7,M4,1.776E-5,1.3880000000000001E-5,2.0E-7,1.0E-6,M4,1.776E-5,1.468E-5,8.68E-6,2.0E-7,M4,2.624E-5,1.468E-5,6.0E-7,2.0E-7,M4,1.11E-5,1.462E-5,7.2E-7,3.2E-7,M4,1.9980000000000002E-5,1.2075E-5,7.2E-7,3.2E-7,M4,3.215E-5,6.5E-7,2.0E-7,6.0E-7,M4,3.215E-5,6.5E-7,7.1E-7,2.0E-7,M4,3.266E-5,6.5E-7,2.0E-7,1.621E-5,M4,3.266E-5,1.666E-5,2.0E-7,6.0E-7,M5,1.418E-5,1.596E-5,1.0E-6,2.0E-7,M5,1.498E-5,1.596E-5,2.0E-7,1.0E-6,M5,1.2E-5,1.596E-5,3.18E-6,2.0E-7,M5,1.16E-5,1.596E-5,6.0E-7,2.0E-7,M5,1.11E-5,1.462E-5,7.2E-7,3.2E-7,M5,1.9980000000000002E-5,1.2075E-5,7.2E-7,3.2E-7,M6,1.116E-5,1.468E-5,6.0E-7,2.0E-7,M6,1.156E-5,1.468E-5,8.68E-6,2.0E-7,M6,2.004E-5,1.2135E-5,2.0E-7,2.745E-6,M6,2.004E-5,1.2135E-5,6.0E-7,2.0E-7,
M1,1.674E-5,9.7E-6,2.4000000000000003E-7,6.4E-7,M1,1.912E-5,1.252E-5,6.4E-7,2.4000000000000003E-7,M1,2.0195E-5,1.5185000000000001E-5,1.6E-7,4.835E-6,M1,2.007E-5,1.5185000000000001E-5,2.85E-7,1.6E-7,M1,1.971E-5,1.256E-5,1.6E-7,8.6E-7,M1,1.9600000000000002E-5,1.256E-5,2.7E-7,1.6E-7,M1,2.301E-5,3.58E-6,6.4E-7,2.4000000000000003E-7,M1,1.3555E-5,1.124E-5,6.4E-7,2.4000000000000003E-7,M1,1.244E-5,1.0E-6,2.4000000000000003E-7,6.4E-7,M1,1.115E-5,4.72E-6,2.4000000000000003E-7,6.4E-7,M1,2.077E-5,4.76E-6,1.9200000000000003E-6,1.6E-7,M1,1.8685E-5,2.14E-6,1.6E-7,1.64E-6,M1,1.866E-5,2.14E-6,1.85E-7,1.6E-7,M1,2.62E-6,5.6E-7,2.4000000000000003E-7,6.4E-7,M1,6.57E-6,2.052E-5,2.4000000000000003E-7,6.4E-7,M1,3.1440000000000004E-5,2.096E-5,2.4000000000000003E-7,6.4E-7,M1,3.17E-5,1.7345E-5,2.4000000000000003E-7,6.4E-7,M1,3.174E-5,1.744E-5,1.6E-7,3.05E-7,M1,1.4060000000000001E-5,7.6E-7,4.0E-6,1.6E-7,M1,4.4E-7,2.096E-5,2.4000000000000003E-7,6.4E-7,M1,1.8E-7,1.7345E-5,2.4000000000000003E-7,6.4E-7,M1,2.2E-7,1.744E-5,1.6E-7,3.05E-7,M1,9.43E-6,4.76E-6,1.9200000000000003E-6,1.6E-7,M1,1.3275E-5,2.14E-6,1.85E-7,1.6E-7,M1,1.3235E-5,2.1000000000000002E-6,2.4000000000000003E-7,1.04E-6,M1,1.3235E-5,2.1000000000000002E-6,1.04E-6,2.4000000000000003E-7,M1,1.3035E-5,3.58E-6,6.4E-7,2.4000000000000003E-7,M1,8.61E-6,2.0E-8,6.4E-7,2.4000000000000003E-7,M1,3.06E-5,2.0E-8,6.4E-7,2.4000000000000003E-7,M1,1.236E-5,1.252E-5,6.4E-7,2.4000000000000003E-7,M1,1.514E-5,9.7E-6,2.4000000000000003E-7,6.4E-7,M1,1.236E-5,1.256E-5,1.6E-7,8.6E-7,M1,1.225E-5,1.326E-5,2.7E-7,1.6E-7,M1,1.2120000000000001E-5,1.252E-5,6.4E-7,2.4000000000000003E-7,M1,5.065E-6,1.982E-5,6.4E-7,2.4000000000000003E-7,M1,2.302E-5,1.3600000000000001E-6,2.4000000000000003E-7,6.4E-7,M1,1.7860000000000002E-5,1.0E-6,2.4000000000000003E-7,6.4E-7,M1,1.402E-5,1.0E-6,2.4000000000000003E-7,6.4E-7,M1,8.86E-6,1.3600000000000001E-6,2.4000000000000003E-7,6.4E-7,M1,8.47E-6,3.58E-6,6.4E-7,2.4000000000000003E-7,M1,1.7925000000000002E-5,1.124E-5,6.4E-7,2.4000000000000003E-7,M1,2.073E-5,4.72E-6,2.4000000000000003E-7,6.4E-7,M1,1.944E-5,1.0E-6,2.4000000000000003E-7,6.4E-7,M1,1.295E-5,1.4485000000000001E-5,6.22E-6,1.6E-7,M1,1.444E-5,2.273E-5,3.24E-6,1.6E-7,M1,1.752E-5,1.4485000000000001E-5,1.6E-7,6.6750000000000005E-6,M1,1.7480000000000002E-5,1.4445E-5,2.4000000000000003E-7,1.04E-6,M1,1.7480000000000002E-5,1.4445E-5,1.04E-6,2.4000000000000003E-7,M1,1.897E-5,1.4045E-5,2.4000000000000003E-7,6.4E-7,M1,2.531E-5,2.052E-5,2.4000000000000003E-7,6.4E-7,M1,2.926E-5,5.6E-7,2.4000000000000003E-7,6.4E-7,M2,1.676E-5,9.72E-6,2.0E-7,6.0E-7,M2,1.676E-5,1.012E-5,2.0E-7,2.62E-6,M2,1.676E-5,1.254E-5,2.78E-6,2.0E-7,M2,1.914E-5,1.254E-5,6.0E-7,2.0E-7,M2,2.2970000000000002E-5,3.54E-6,7.2E-7,3.2E-7,M2,1.3515E-5,1.12E-5,7.2E-7,3.2E-7,M2,1.2460000000000001E-5,1.02E-6,2.0E-7,6.0E-7,M2,1.2460000000000001E-5,1.42E-6,2.0E-7,3.52E-6,M2,1.117E-5,4.74E-6,1.4900000000000001E-6,2.0E-7,M2,1.117E-5,4.74E-6,2.0E-7,6.0E-7,M2,2.64E-6,5.800000000000001E-7,2.0E-7,6.0E-7,M2,2.64E-6,5.800000000000001E-7,2.0E-7,2.016E-5,M2,2.64E-6,2.054E-5,4.15E-6,2.0E-7,M2,6.5900000000000004E-6,2.054E-5,2.0E-7,6.0E-7,M2,3.146E-5,2.098E-5,2.0E-7,6.0E-7,M2,3.146E-5,2.098E-5,4.6E-7,2.0E-7,M2,3.172E-5,1.7565E-5,2.0E-7,3.615E-6,M2,3.172E-5,1.7365E-5,2.0E-7,6.0E-7,M2,4.6E-7,2.098E-5,2.0E-7,6.0E-7,M2,2.0E-7,2.098E-5,4.6E-7,2.0E-7,M2,2.0E-7,1.7565E-5,2.0E-7,3.615E-6,M2,2.0E-7,1.7365E-5,2.0E-7,6.0E-7,M2,1.3195E-5,2.06E-6,3.2E-7,1.12E-6,M2,1.3195E-5,2.06E-6,1.12E-6,3.2E-7,M2,1.2995E-5,3.54E-6,7.2E-7,3.2E-7,M2,8.63E-6,4.0E-8,6.0E-7,2.0E-7,M2,8.83E-6,4.0E-8,2.239E-5,2.0E-7,M2,3.062E-5,4.0E-8,6.0E-7,2.0E-7,M2,1.238E-5,1.254E-5,6.0E-7,2.0E-7,M2,1.258E-5,1.012E-5,2.0E-7,2.62E-6,M2,1.258E-5,1.012E-5,2.78E-6,2.0E-7,M2,1.516E-5,9.72E-6,2.0E-7,6.0E-7,M2,1.208E-5,1.248E-5,7.2E-7,3.2E-7,M2,5.025E-6,1.978E-5,7.2E-7,3.2E-7,M2,2.298E-5,1.32E-6,3.2E-7,7.2E-7,M2,1.782E-5,9.600000000000001E-7,3.2E-7,7.2E-7,M2,1.398E-5,9.600000000000001E-7,3.2E-7,7.2E-7,M2,8.82E-6,1.32E-6,3.2E-7,7.2E-7,M2,8.43E-6,3.54E-6,7.2E-7,3.2E-7,M2,1.8085E-5,9.715000000000001E-6,3.2E-7,7.2E-7,M2,1.8145E-5,9.975E-6,2.0E-7,1.485E-6,M2,1.7945000000000002E-5,1.126E-5,6.0E-7,2.0E-7,M2,2.075E-5,4.74E-6,2.0E-7,6.0E-7,M2,2.075E-5,1.42E-6,2.0E-7,3.52E-6,M2,1.946E-5,1.42E-6,1.4900000000000001E-6,2.0E-7,M2,1.946E-5,1.02E-6,2.0E-7,6.0E-7,M2,1.7500000000000002E-5,1.4465E-5,2.0E-7,1.0E-6,M2,1.7500000000000002E-5,1.4465E-5,1.0E-6,2.0E-7,M2,1.7500000000000002E-5,1.4465E-5,1.6900000000000001E-6,2.0E-7,M2,1.899E-5,1.4065E-5,2.0E-7,6.0E-7,M2,2.533E-5,2.054E-5,2.0E-7,6.0E-7,M2,2.533E-5,5.800000000000001E-7,2.0E-7,2.016E-5,M2,2.533E-5,5.800000000000001E-7,4.15E-6,2.0E-7,M2,2.928E-5,5.800000000000001E-7,2.0E-7,6.0E-7,M3,2.2970000000000002E-5,3.54E-6,7.2E-7,3.2E-7,M3,1.3715E-5,9.715000000000001E-6,3.2E-7,7.2E-7,M3,1.3775000000000001E-5,9.975E-6,2.0E-7,1.485E-6,M3,1.3575E-5,1.126E-5,6.0E-7,2.0E-7,M3,1.3255000000000001E-5,2.12E-6,2.0E-7,1.0E-6,M3,1.3255000000000001E-5,2.12E-6,1.0E-6,2.0E-7,M3,1.3255000000000001E-5,2.12E-6,2.0E-7,1.68E-6,M3,1.3055E-5,3.6000000000000003E-6,6.0E-7,2.0E-7,M3,1.214E-5,1.254E-5,6.0E-7,2.0E-7,M3,1.234E-5,1.254E-5,2.0E-7,7.5E-6,M3,5.285E-6,1.984E-5,7.255E-6,2.0E-7,M3,5.0850000000000004E-6,1.984E-5,6.0E-7,2.0E-7,M3,2.304E-5,1.3800000000000001E-6,2.0E-7,6.0E-7,M3,2.304E-5,1.445E-6,2.0E-7,5.35E-7,M3,1.788E-5,1.445E-6,5.36E-6,2.0E-7,M3,1.788E-5,1.42E-6,2.0E-7,2.2500000000000002E-7,M3,1.788E-5,1.02E-6,2.0E-7,6.0E-7,M3,1.4040000000000001E-5,1.02E-6,2.0E-7,6.0E-7,M3,1.4040000000000001E-5,1.42E-6,2.0E-7,2.2500000000000002E-7,M3,8.88E-6,1.445E-6,5.36E-6,2.0E-7,M3,8.88E-6,1.445E-6,2.0E-7,5.35E-7,M3,8.88E-6,1.3800000000000001E-6,2.0E-7,6.0E-7,M3,8.43E-6,3.54E-6,7.2E-7,3.2E-7,M3,1.8085E-5,9.715000000000001E-6,3.2E-7,7.2E-7,M4,2.2970000000000002E-5,3.54E-6,7.2E-7,3.2E-7,M4,1.3715E-5,9.715000000000001E-6,3.2E-7,7.2E-7,M4,8.49E-6,3.6000000000000003E-6,6.0E-7,2.0E-7,M4,8.89E-6,3.6000000000000003E-6,9.455E-6,2.0E-7,M4,1.8145E-5,3.6000000000000003E-6,2.0E-7,6.575E-6,M4,1.8145E-5,9.775E-6,2.0E-7,6.0E-7,M5,2.303E-5,3.6000000000000003E-6,6.0E-7,2.0E-7,M5,1.3775000000000001E-5,3.6000000000000003E-6,9.455E-6,2.0E-7,M5,1.3775000000000001E-5,3.6000000000000003E-6,2.0E-7,6.575E-6,M5,1.3775000000000001E-5,9.775E-6,2.0E-7,6.0E-7,
M1,2.697E-5,2.0645E-5,6.7E-7,1.6E-7,M1,2.697E-5,1.435E-6,1.6E-7,1.937E-5,M1,1.174E-5,3.725E-6,6.4E-7,2.4000000000000003E-7,M1,1.094E-5,2.31E-6,1.04E-6,2.4000000000000003E-7,M1,1.174E-5,2.31E-6,2.4000000000000003E-7,1.04E-6,M1,1.13E-5,2.35E-6,6.4E-7,1.6E-7,M1,2.134E-5,2.35E-6,1.6E-7,1.575E-6,M1,2.086E-5,3.765E-6,6.4E-7,1.6E-7,M1,2.1380000000000002E-5,4.9050000000000005E-6,1.9200000000000003E-6,1.6E-7,M1,1.3520000000000001E-5,1.5115E-5,5.76E-6,1.6E-7,M1,1.8E-7,1.7085E-5,2.4000000000000003E-7,6.4E-7,M1,4.4E-7,2.1045E-5,2.4000000000000003E-7,6.4E-7,M1,1.2665E-5,1.3335E-5,1.6E-7,7.4E-7,M1,1.262E-5,1.3915E-5,2.05E-7,1.6E-7,M1,3.212E-5,2.1045E-5,2.4000000000000003E-7,6.4E-7,M1,3.238E-5,1.7085E-5,2.4000000000000003E-7,6.4E-7,M1,1.941E-5,1.805E-6,1.4700000000000001E-6,1.6E-7,M1,1.1920000000000001E-5,1.805E-6,7.65E-6,1.6E-7,M1,1.474E-5,3.725E-6,6.4E-7,2.4000000000000003E-7,M1,2.362E-5,3.725E-6,6.4E-7,2.4000000000000003E-7,M1,1.326E-5,2.2355000000000002E-5,6.28E-6,1.6E-7,M1,7.23E-6,9.25E-7,2.4000000000000003E-7,6.4E-7,M1,9.460000000000001E-6,4.865E-6,2.4000000000000003E-7,6.4E-7,M1,1.2120000000000001E-5,1.3295E-5,6.4E-7,2.4000000000000003E-7,M1,1.338E-5,1.9905E-5,6.4E-7,2.4000000000000003E-7,M1,5.63E-6,9.95E-7,2.4000000000000003E-7,6.4E-7,M1,5.12E-6,2.0605E-5,2.4000000000000003E-7,6.4E-7,M1,1.872E-5,1.3295E-5,6.4E-7,2.4000000000000003E-7,M1,1.708E-5,1.0475E-5,2.4000000000000003E-7,6.4E-7,M1,1.742E-5,3.725E-6,6.4E-7,2.4000000000000003E-7,M1,8.54E-6,3.725E-6,6.4E-7,2.4000000000000003E-7,M1,9.5E-6,4.9050000000000005E-6,1.9200000000000003E-6,1.6E-7,M1,2.31E-5,4.865E-6,2.4000000000000003E-7,6.4E-7,M1,2.533E-5,9.25E-7,2.4000000000000003E-7,6.4E-7,M1,8.66E-6,1.805E-6,1.6E-7,2.3E-7,M1,4.04E-6,1.875E-6,4.78E-6,1.6E-7,M1,2.86E-5,1.805E-6,1.6E-7,2.3E-7,M1,2.398E-5,1.805E-6,4.78E-6,1.6E-7,M1,5.23E-6,2.485E-6,2.5935E-5,1.6E-7,M1,1.548E-5,1.0475E-5,2.4000000000000003E-7,6.4E-7,M1,1.344E-5,1.3295E-5,6.4E-7,2.4000000000000003E-7,M1,2.002E-5,1.3335E-5,1.6E-7,7.4E-7,M1,1.9975E-5,1.3335E-5,2.05E-7,1.6E-7,M1,2.116E-5,1.4675000000000001E-5,2.4000000000000003E-7,6.4E-7,M1,2.294E-5,2.1915E-5,2.4000000000000003E-7,6.4E-7,M1,2.072E-5,1.9905E-5,6.4E-7,2.4000000000000003E-7,M1,2.014E-5,1.5655000000000002E-5,6.4E-7,2.4000000000000003E-7,M2,1.17E-5,3.685E-6,7.2E-7,3.2E-7,M2,1.09E-5,2.27E-6,1.12E-6,3.2E-7,M2,1.17E-5,2.27E-6,3.2E-7,1.12E-6,M2,1.4E-7,1.7045E-5,3.2E-7,7.2E-7,M2,4.0E-7,2.1005E-5,3.2E-7,7.2E-7,M2,3.208E-5,2.1005E-5,3.2E-7,7.2E-7,M2,3.234E-5,1.7045E-5,3.2E-7,7.2E-7,M2,1.47E-5,3.685E-6,7.2E-7,3.2E-7,M2,2.358E-5,3.685E-6,7.2E-7,3.2E-7,M2,7.25E-6,9.450000000000001E-7,2.0E-7,6.0E-7,M2,7.25E-6,1.345E-6,2.0E-7,3.74E-6,M2,7.25E-6,4.885E-6,2.43E-6,2.0E-7,M2,9.48E-6,4.885E-6,2.0E-7,6.0E-7,M2,1.208E-5,1.3255000000000001E-5,7.2E-7,3.2E-7,M2,1.3340000000000001E-5,1.9865E-5,7.2E-7,3.2E-7,M2,5.65E-6,1.015E-6,2.0E-7,6.0E-7,M2,5.65E-6,1.415E-6,2.0E-7,1.941E-5,M2,5.14E-6,2.0625E-5,7.1E-7,2.0E-7,M2,5.14E-6,2.0625E-5,2.0E-7,6.0E-7,M2,1.868E-5,1.3255000000000001E-5,7.2E-7,3.2E-7,M2,1.704E-5,1.0435000000000001E-5,3.2E-7,7.2E-7,M2,1.744E-5,3.745E-6,6.0E-7,2.0E-7,M2,8.96E-6,3.745E-6,8.68E-6,2.0E-7,M2,8.56E-6,3.745E-6,6.0E-7,2.0E-7,M2,2.306E-5,4.825E-6,3.2E-7,7.2E-7,M2,2.529E-5,8.85E-7,3.2E-7,7.2E-7,M2,1.544E-5,1.0435000000000001E-5,3.2E-7,7.2E-7,M2,1.34E-5,1.3255000000000001E-5,7.2E-7,3.2E-7,M2,2.112E-5,1.4635E-5,3.2E-7,7.2E-7,M2,2.29E-5,2.1875E-5,3.2E-7,7.2E-7,M2,2.074E-5,1.9925E-5,6.0E-7,2.0E-7,M2,2.056E-5,1.9925E-5,5.800000000000001E-7,2.0E-7,M2,2.056E-5,1.5675E-5,2.0E-7,4.45E-6,M2,2.016E-5,1.5675E-5,6.0E-7,2.0E-7,M3,1.1760000000000001E-5,3.745E-6,6.0E-7,2.0E-7,M3,1.1760000000000001E-5,2.33E-6,2.0E-7,1.615E-6,M3,1.096E-5,2.33E-6,1.0E-6,2.0E-7,M3,1.1760000000000001E-5,2.33E-6,2.0E-7,1.0E-6,M3,2.0E-7,1.7105E-5,2.0E-7,6.0E-7,M3,2.0E-7,1.7505E-5,4.6E-7,2.0E-7,M3,4.6E-7,1.7505E-5,2.0E-7,3.76E-6,M3,4.6E-7,2.1065E-5,2.0E-7,6.0E-7,M3,3.214E-5,2.1065E-5,2.0E-7,6.0E-7,M3,3.214E-5,1.7505E-5,2.0E-7,3.76E-6,M3,3.214E-5,1.7505E-5,4.6E-7,2.0E-7,M3,3.24E-5,1.7105E-5,2.0E-7,6.0E-7,M3,1.4760000000000001E-5,3.745E-6,6.0E-7,2.0E-7,M3,1.516E-5,3.745E-6,8.68E-6,2.0E-7,M3,2.364E-5,3.745E-6,6.0E-7,2.0E-7,M3,1.214E-5,1.3315E-5,6.0E-7,2.0E-7,M3,1.234E-5,1.3315E-5,1.66E-6,2.0E-7,M3,1.38E-5,1.3315E-5,2.0E-7,6.81E-6,M3,1.34E-5,1.9925E-5,6.0E-7,2.0E-7,M3,1.868E-5,1.3255000000000001E-5,7.2E-7,3.2E-7,M3,1.788E-5,1.0835E-5,1.12E-6,3.2E-7,M3,1.868E-5,1.0835E-5,3.2E-7,1.12E-6,M3,1.71E-5,1.0895E-5,1.84E-6,2.0E-7,M3,1.71E-5,1.0495E-5,2.0E-7,6.0E-7,M3,2.312E-5,4.885E-6,2.0E-7,6.0E-7,M3,2.312E-5,4.885E-6,2.43E-6,2.0E-7,M3,2.529E-5,4.0250000000000004E-6,3.2E-7,1.12E-6,M3,2.449E-5,4.825E-6,1.12E-6,3.2E-7,M3,2.529E-5,8.85E-7,3.2E-7,7.2E-7,M3,1.544E-5,1.0435000000000001E-5,3.2E-7,7.2E-7,M3,1.34E-5,1.3255000000000001E-5,7.2E-7,3.2E-7,M3,2.118E-5,1.4695E-5,2.0E-7,6.0E-7,M3,2.118E-5,1.5095E-5,1.98E-6,2.0E-7,M3,2.296E-5,1.5095E-5,2.0E-7,7.44E-6,M3,2.296E-5,2.1935E-5,2.0E-7,6.0E-7,M4,1.874E-5,1.3315E-5,6.0E-7,2.0E-7,M4,1.874E-5,1.0895E-5,2.0E-7,2.62E-6,M4,1.794E-5,1.0895E-5,1.0E-6,2.0E-7,M4,1.874E-5,1.0895E-5,2.0E-7,1.0E-6,M4,2.535E-5,4.085E-6,2.0E-7,1.0E-6,M4,2.455E-5,4.885E-6,1.0E-6,2.0E-7,M4,2.535E-5,1.345E-6,2.0E-7,3.74E-6,M4,2.535E-5,9.450000000000001E-7,2.0E-7,6.0E-7,M4,1.55E-5,1.0495E-5,2.0E-7,6.0E-7,M4,1.3860000000000001E-5,1.0895E-5,1.84E-6,2.0E-7,M4,1.3860000000000001E-5,1.0895E-5,2.0E-7,2.62E-6,M4,1.346E-5,1.3315E-5,6.0E-7,2.0E-7,
M1,2.462E-5,1.48E-6,2.4000000000000003E-7,6.4E-7,M1,2.3840000000000002E-5,2.061E-5,2.4000000000000003E-7,6.4E-7,M1,1.202E-5,1.3870000000000001E-5,6.4E-7,2.4000000000000003E-7,M1,1.144E-5,1.991E-5,6.4E-7,2.4000000000000003E-7,M1,2.612E-5,1.9200000000000003E-6,2.4000000000000003E-7,6.4E-7,M1,2.163E-5,1.365E-6,2.4000000000000003E-7,6.4E-7,M1,2.1380000000000002E-5,5.48E-6,1.9200000000000003E-6,1.6E-7,M1,1.3520000000000001E-5,1.569E-5,5.76E-6,1.6E-7,M1,1.2665E-5,1.449E-5,1.815E-6,1.6E-7,M1,1.2665E-5,1.391E-5,1.6E-7,7.4E-7,M1,2.306E-5,1.365E-6,1.6E-7,4.275E-6,M1,2.306E-5,5.48E-6,2.4000000000000003E-7,1.6E-7,M1,4.4E-7,2.105E-5,2.4000000000000003E-7,6.4E-7,M1,1.8E-7,1.709E-5,2.4000000000000003E-7,6.4E-7,M1,1.178E-5,2.35E-6,1.95E-7,1.6E-7,M1,1.178E-5,2.35E-6,1.6E-7,2.15E-6,M1,7.94E-6,1.48E-6,2.4000000000000003E-7,6.4E-7,M1,8.72E-6,2.061E-5,2.4000000000000003E-7,6.4E-7,M1,1.872E-5,1.3870000000000001E-5,6.4E-7,2.4000000000000003E-7,M1,1.708E-5,1.1050000000000001E-5,2.4000000000000003E-7,6.4E-7,M1,3.238E-5,1.709E-5,2.4000000000000003E-7,6.4E-7,M1,3.212E-5,2.105E-5,2.4000000000000003E-7,6.4E-7,M1,1.967E-5,1.391E-5,5.1E-7,1.6E-7,M1,2.002E-5,1.391E-5,1.6E-7,7.4E-7,M1,2.0825E-5,2.35E-6,1.95E-7,1.6E-7,M1,2.086E-5,2.35E-6,1.6E-7,2.15E-6,M1,1.8355E-5,1.259E-5,6.4E-7,2.4000000000000003E-7,M1,8.54E-6,1.863E-5,6.4E-7,2.4000000000000003E-7,M1,9.5E-6,5.48E-6,1.9200000000000003E-6,1.6E-7,M1,2.474E-5,2.192E-5,2.4000000000000003E-7,6.4E-7,M1,2.116E-5,1.489E-5,2.4000000000000003E-7,6.4E-7,M1,1.093E-5,1.365E-6,2.4000000000000003E-7,6.4E-7,M1,6.44E-6,1.9200000000000003E-6,2.4000000000000003E-7,6.4E-7,M1,9.58E-6,1.365E-6,1.6E-7,4.275E-6,M1,9.5E-6,5.48E-6,2.4000000000000003E-7,1.6E-7,M1,7.2000000000000005E-6,2.0E-8,6.4E-7,2.4000000000000003E-7,M1,2.496E-5,2.0E-8,6.4E-7,2.4000000000000003E-7,M1,1.344E-5,1.3870000000000001E-5,6.4E-7,2.4000000000000003E-7,M1,1.548E-5,1.1050000000000001E-5,2.4000000000000003E-7,6.4E-7,M1,1.876E-5,1.6270000000000002E-5,1.6E-7,3.8400000000000005E-6,M1,1.876E-5,1.995E-5,2.2E-7,1.6E-7,M1,2.362E-5,1.863E-5,6.4E-7,2.4000000000000003E-7,M1,1.3805E-5,1.259E-5,6.4E-7,2.4000000000000003E-7,M1,1.326E-5,2.236E-5,6.28E-6,1.6E-7,M1,1.4230000000000001E-5,1.805E-6,4.34E-6,1.6E-7,M2,2.464E-5,1.5E-6,2.0E-7,6.0E-7,M2,2.464E-5,1.9E-6,2.0E-7,1.893E-5,M2,2.3860000000000002E-5,2.063E-5,9.8E-7,2.0E-7,M2,2.3860000000000002E-5,2.063E-5,2.0E-7,6.0E-7,M2,1.204E-5,1.389E-5,6.0E-7,2.0E-7,M2,1.204E-5,1.389E-5,2.0E-7,6.24E-6,M2,1.198E-5,1.9070000000000002E-5,3.2E-7,1.12E-6,M2,1.118E-5,1.987E-5,1.12E-6,3.2E-7,M2,1.1400000000000001E-5,1.987E-5,7.2E-7,3.2E-7,M2,2.608E-5,1.88E-6,3.2E-7,7.2E-7,M2,2.159E-5,1.325E-6,3.2E-7,7.2E-7,M2,4.0E-7,2.101E-5,3.2E-7,7.2E-7,M2,1.4E-7,1.705E-5,3.2E-7,7.2E-7,M2,7.96E-6,1.5E-6,2.0E-7,6.0E-7,M2,7.96E-6,1.9E-6,2.0E-7,1.893E-5,M2,7.96E-6,2.063E-5,9.8E-7,2.0E-7,M2,8.740000000000001E-6,2.063E-5,2.0E-7,6.0E-7,M2,1.874E-5,1.389E-5,6.0E-7,2.0E-7,M2,1.71E-5,1.389E-5,1.84E-6,2.0E-7,M2,1.71E-5,1.147E-5,2.0E-7,2.62E-6,M2,1.71E-5,1.107E-5,2.0E-7,6.0E-7,M2,3.234E-5,1.705E-5,3.2E-7,7.2E-7,M2,3.208E-5,2.101E-5,3.2E-7,7.2E-7,M2,1.8315E-5,1.255E-5,7.2E-7,3.2E-7,M2,8.5E-6,1.859E-5,7.2E-7,3.2E-7,M2,2.47E-5,2.188E-5,3.2E-7,7.2E-7,M2,2.112E-5,1.485E-5,3.2E-7,7.2E-7,M2,1.089E-5,1.325E-6,3.2E-7,7.2E-7,M2,6.4E-6,1.88E-6,3.2E-7,7.2E-7,M2,7.22E-6,4.0E-8,6.0E-7,2.0E-7,M2,7.62E-6,4.0E-8,1.756E-5,2.0E-7,M2,2.498E-5,4.0E-8,6.0E-7,2.0E-7,M2,1.346E-5,1.389E-5,6.0E-7,2.0E-7,M2,1.3860000000000001E-5,1.389E-5,1.84E-6,2.0E-7,M2,1.55E-5,1.147E-5,2.0E-7,2.62E-6,M2,1.55E-5,1.107E-5,2.0E-7,6.0E-7,M2,2.358E-5,1.859E-5,7.2E-7,3.2E-7,M2,1.3765E-5,1.255E-5,7.2E-7,3.2E-7,M3,1.204E-5,1.913E-5,2.0E-7,1.0E-6,M3,1.124E-5,1.993E-5,1.0E-6,2.0E-7,M3,1.166E-5,1.993E-5,5.800000000000001E-7,2.0E-7,M3,1.146E-5,1.993E-5,6.0E-7,2.0E-7,M3,2.608E-5,1.88E-6,3.2E-7,7.2E-7,M3,2.159E-5,1.325E-6,3.2E-7,7.2E-7,M3,4.6E-7,2.107E-5,2.0E-7,6.0E-7,M3,2.0E-7,2.107E-5,4.6E-7,2.0E-7,M3,2.0E-7,1.751E-5,2.0E-7,3.76E-6,M3,2.0E-7,1.711E-5,2.0E-7,6.0E-7,M3,3.24E-5,1.711E-5,2.0E-7,6.0E-7,M3,3.24E-5,1.751E-5,2.0E-7,3.76E-6,M3,3.214E-5,2.107E-5,4.6E-7,2.0E-7,M3,3.214E-5,2.107E-5,2.0E-7,6.0E-7,M3,1.8315E-5,1.255E-5,7.2E-7,3.2E-7,M3,8.5E-6,1.859E-5,7.2E-7,3.2E-7,M3,2.47E-5,2.188E-5,3.2E-7,7.2E-7,M3,2.39E-5,1.485E-5,1.12E-6,3.2E-7,M3,2.47E-5,1.485E-5,3.2E-7,1.12E-6,M3,2.118E-5,1.491E-5,3.7800000000000002E-6,2.0E-7,M3,2.118E-5,1.491E-5,2.0E-7,6.0E-7,M3,1.089E-5,1.325E-6,3.2E-7,7.2E-7,M3,6.4E-6,1.88E-6,3.2E-7,7.2E-7,M3,2.358E-5,1.859E-5,7.2E-7,3.2E-7,M3,1.3765E-5,1.255E-5,7.2E-7,3.2E-7,M4,2.614E-5,1.94E-6,2.0E-7,6.0E-7,M4,2.165E-5,2.34E-6,4.69E-6,2.0E-7,M4,2.165E-5,1.785E-6,2.0E-7,7.55E-7,M4,2.165E-5,1.385E-6,2.0E-7,6.0E-7,M4,1.8375E-5,1.261E-5,6.0E-7,2.0E-7,M4,1.8575E-5,1.261E-5,2.0E-7,6.24E-6,M4,8.96E-6,1.865E-5,9.815E-6,2.0E-7,M4,8.56E-6,1.865E-5,6.0E-7,2.0E-7,M4,2.476E-5,2.194E-5,2.0E-7,6.0E-7,M4,2.476E-5,1.491E-5,2.0E-7,7.63E-6,M4,2.396E-5,1.491E-5,1.0E-6,2.0E-7,M4,2.476E-5,1.491E-5,2.0E-7,1.0E-6,M4,1.095E-5,1.385E-6,2.0E-7,6.0E-7,M4,1.095E-5,1.785E-6,2.0E-7,7.55E-7,M4,6.46E-6,2.34E-6,4.69E-6,2.0E-7,M4,6.46E-6,1.94E-6,2.0E-7,6.0E-7,M4,2.358E-5,1.859E-5,7.2E-7,3.2E-7,M4,1.3765E-5,1.255E-5,7.2E-7,3.2E-7,M5,2.358E-5,1.859E-5,7.2E-7,3.2E-7,M5,1.3765E-5,1.255E-5,7.2E-7,3.2E-7,M6,2.364E-5,1.865E-5,6.0E-7,2.0E-7,M6,1.4025E-5,1.865E-5,9.815E-6,2.0E-7,M6,1.4025E-5,1.261E-5,2.0E-7,6.24E-6,M6,1.3825E-5,1.261E-5,6.0E-7,2.0E-7,
M1,2.009E-5,1.44E-6,1.9200000000000003E-6,1.6E-7,M1,3.3050000000000004E-5,1.4930000000000001E-5,2.4000000000000003E-7,6.4E-7,M1,3.274E-5,5.2E-7,6.4E-7,2.4000000000000003E-7,M1,3.221E-5,5.6E-7,9.3E-7,1.6E-7,M1,2.557E-5,1.581E-5,2.4000000000000003E-7,6.4E-7,M1,2.85E-5,1.692E-5,2.4000000000000003E-7,6.4E-7,M1,1.336E-5,1.692E-5,2.4000000000000003E-7,6.4E-7,M1,1.629E-5,1.581E-5,2.4000000000000003E-7,6.4E-7,M1,2.3350000000000002E-5,7.2E-7,2.4000000000000003E-7,6.4E-7,M1,2.3350000000000002E-5,8.96E-6,2.4000000000000003E-7,6.4E-7,M1,1.607E-5,2.22E-6,6.4E-7,2.4000000000000003E-7,M1,2.539E-5,2.22E-6,6.4E-7,2.4000000000000003E-7,M1,2.625E-5,4.68E-6,1.9200000000000003E-6,1.6E-7,M1,1.518E-5,1.32E-6,2.4000000000000003E-7,6.4E-7,M1,2.005E-5,1.0E-6,2.4000000000000003E-7,6.4E-7,M1,1.8E-7,1.1410000000000001E-5,2.4000000000000003E-7,6.4E-7,M1,4.4E-7,1.537E-5,2.4000000000000003E-7,6.4E-7,M1,4.142E-5,1.537E-5,2.4000000000000003E-7,6.4E-7,M1,4.168E-5,1.1410000000000001E-5,2.4000000000000003E-7,6.4E-7,M1,1.397E-5,1.427E-5,3.04E-6,1.6E-7,M1,1.717E-5,4.2000000000000004E-6,2.4000000000000003E-7,6.4E-7,M1,1.717E-5,1.343E-5,2.4000000000000003E-7,1.04E-6,M1,1.637E-5,1.4230000000000001E-5,1.04E-6,2.4000000000000003E-7,M1,1.6855E-5,1.427E-5,5.15E-7,1.6E-7,M1,1.8750000000000002E-5,1.006E-5,6.4E-7,2.4000000000000003E-7,M1,3.0430000000000002E-5,1.295E-5,6.4E-7,2.4000000000000003E-7,M1,1.393E-5,4.68E-6,1.9200000000000003E-6,1.6E-7,M1,1.912E-5,3.54E-6,5.9E-7,1.6E-7,M1,1.908E-5,3.5E-6,1.04E-6,2.4000000000000003E-7,M1,1.908E-5,2.7E-6,2.4000000000000003E-7,1.04E-6,M1,1.888E-5,2.0E-8,6.4E-7,2.4000000000000003E-7,M1,8.81E-6,1.4930000000000001E-5,2.4000000000000003E-7,6.4E-7,M1,8.72E-6,5.2E-7,6.4E-7,2.4000000000000003E-7,M1,8.96E-6,5.6E-7,9.3E-7,1.6E-7,M1,2.2820000000000002E-5,6.000000000000001E-8,1.6E-7,3.64E-6,M1,2.2780000000000002E-5,2.7E-6,2.4000000000000003E-7,1.04E-6,M1,2.198E-5,3.5E-6,1.04E-6,2.4000000000000003E-7,M1,2.235E-5,3.5E-6,6.4E-7,2.4000000000000003E-7,M1,2.295E-5,1.01E-5,1.6E-7,3.05E-6,M1,1.127E-5,1.2990000000000001E-5,1.184E-5,1.6E-7,M1,1.851E-5,8.96E-6,2.4000000000000003E-7,6.4E-7,M1,1.851E-5,7.2E-7,2.4000000000000003E-7,6.4E-7,M1,2.181E-5,1.0E-6,2.4000000000000003E-7,6.4E-7,M1,2.6680000000000002E-5,1.32E-6,2.4000000000000003E-7,6.4E-7,M1,2.4845E-5,1.4230000000000001E-5,6.4E-7,2.4000000000000003E-7,M1,2.469E-5,4.2000000000000004E-6,2.4000000000000003E-7,6.4E-7,M1,2.4730000000000002E-5,1.427E-5,1.6E-7,8.6E-7,M1,2.4730000000000002E-5,1.427E-5,5.05E-7,1.6E-7,M1,2.557E-5,1.4930000000000001E-5,2.4000000000000003E-7,6.4E-7,M1,1.629E-5,1.4930000000000001E-5,2.4000000000000003E-7,6.4E-7,M1,2.5090000000000002E-5,1.427E-5,3.04E-6,1.6E-7,M1,1.721E-5,1.427E-5,1.6E-7,8.6E-7,M1,1.6865000000000002E-5,1.427E-5,5.05E-7,1.6E-7,M2,3.307E-5,1.4950000000000001E-5,2.0E-7,6.0E-7,M2,3.307E-5,5.4E-7,2.0E-7,1.461E-5,M2,3.296E-5,5.4E-7,3.1E-7,2.0E-7,M2,3.276E-5,5.4E-7,6.0E-7,2.0E-7,M2,2.553E-5,1.577E-5,3.2E-7,7.2E-7,M2,2.8460000000000002E-5,1.688E-5,3.2E-7,7.2E-7,M2,1.332E-5,1.688E-5,3.2E-7,7.2E-7,M2,1.6250000000000002E-5,1.577E-5,3.2E-7,7.2E-7,M2,2.3310000000000002E-5,6.800000000000001E-7,3.2E-7,7.2E-7,M2,2.3310000000000002E-5,8.920000000000001E-6,3.2E-7,7.2E-7,M2,1.609E-5,2.24E-6,6.0E-7,2.0E-7,M2,1.649E-5,2.24E-6,9.12E-6,2.0E-7,M2,2.541E-5,2.24E-6,6.0E-7,2.0E-7,M2,1.52E-5,1.34E-6,2.0E-7,6.0E-7,M2,1.52E-5,1.42E-6,2.0E-7,5.2E-7,M2,1.514E-5,1.3600000000000001E-6,3.2E-7,1.12E-6,M2,1.514E-5,1.3600000000000001E-6,1.12E-6,3.2E-7,M2,2.001E-5,9.600000000000001E-7,3.2E-7,7.2E-7,M2,1.4E-7,1.137E-5,3.2E-7,7.2E-7,M2,4.0E-7,1.533E-5,3.2E-7,7.2E-7,M2,4.138E-5,1.533E-5,3.2E-7,7.2E-7,M2,4.164E-5,1.137E-5,3.2E-7,7.2E-7,M2,1.719E-5,4.22E-6,2.0E-7,6.0E-7,M2,1.719E-5,4.22E-6,2.0E-7,1.023E-5,M2,1.719E-5,1.345E-5,2.0E-7,1.0E-6,M2,1.639E-5,1.425E-5,1.0E-6,2.0E-7,M2,1.877E-5,1.008E-5,6.0E-7,2.0E-7,M2,1.897E-5,1.008E-5,2.0E-7,3.09E-6,M2,1.897E-5,1.297E-5,1.188E-5,2.0E-7,M2,3.045E-5,1.297E-5,6.0E-7,2.0E-7,M2,1.904E-5,3.46E-6,1.12E-6,3.2E-7,M2,1.904E-5,2.66E-6,3.2E-7,1.12E-6,M2,1.884E-5,-2.0E-8,7.2E-7,3.2E-7,M2,8.83E-6,1.4950000000000001E-5,2.0E-7,6.0E-7,M2,8.83E-6,5.4E-7,2.0E-7,1.461E-5,M2,8.83E-6,5.4E-7,3.1E-7,2.0E-7,M2,8.740000000000001E-6,5.4E-7,6.0E-7,2.0E-7,M2,2.274E-5,2.66E-6,3.2E-7,1.12E-6,M2,2.194E-5,3.46E-6,1.12E-6,3.2E-7,M2,2.231E-5,3.46E-6,7.2E-7,3.2E-7,M2,1.847E-5,8.920000000000001E-6,3.2E-7,7.2E-7,M2,1.847E-5,6.800000000000001E-7,3.2E-7,7.2E-7,M2,2.183E-5,1.02E-6,2.0E-7,6.0E-7,M2,2.183E-5,1.42E-6,2.0E-7,5.2E-7,M2,2.183E-5,1.74E-6,5.07E-6,2.0E-7,M2,2.6700000000000002E-5,1.34E-6,2.0E-7,6.0E-7,M2,2.4865E-5,1.425E-5,6.0E-7,2.0E-7,M2,2.471E-5,1.425E-5,5.55E-7,2.0E-7,M2,2.465E-5,1.419E-5,1.12E-6,3.2E-7,M2,2.465E-5,1.339E-5,3.2E-7,1.12E-6,M2,2.465E-5,4.16E-6,3.2E-7,7.2E-7,M2,2.559E-5,1.4950000000000001E-5,2.0E-7,6.0E-7,M2,1.631E-5,1.4950000000000001E-5,9.48E-6,2.0E-7,M2,1.631E-5,1.4950000000000001E-5,2.0E-7,6.0E-7,M3,2.559E-5,1.583E-5,2.0E-7,6.0E-7,M3,2.559E-5,1.623E-5,3.13E-6,2.0E-7,M3,2.852E-5,1.623E-5,2.0E-7,1.31E-6,M3,2.852E-5,1.694E-5,2.0E-7,6.0E-7,M3,1.338E-5,1.694E-5,2.0E-7,6.0E-7,M3,1.338E-5,1.623E-5,2.0E-7,1.31E-6,M3,1.338E-5,1.623E-5,3.13E-6,2.0E-7,M3,1.631E-5,1.583E-5,2.0E-7,6.0E-7,M3,2.3310000000000002E-5,6.800000000000001E-7,3.2E-7,7.2E-7,M3,2.3310000000000002E-5,8.920000000000001E-6,3.2E-7,7.2E-7,M3,1.514E-5,1.3600000000000001E-6,3.2E-7,1.12E-6,M3,1.514E-5,1.3600000000000001E-6,1.12E-6,3.2E-7,M3,2.001E-5,9.600000000000001E-7,3.2E-7,7.2E-7,M3,2.0E-7,1.143E-5,2.0E-7,6.0E-7,M3,2.0E-7,1.183E-5,2.0E-7,3.76E-6,M3,2.0E-7,1.539E-5,4.6E-7,2.0E-7,M3,4.6E-7,1.539E-5,2.0E-7,6.0E-7,M3,4.144E-5,1.539E-5,2.0E-7,6.0E-7,M3,4.144E-5,1.539E-5,4.6E-7,2.0E-7,M3,4.1700000000000004E-5,1.183E-5,2.0E-7,3.76E-6,M3,4.1700000000000004E-5,1.143E-5,2.0E-7,6.0E-7,M3,1.91E-5,3.52E-6,1.0E-6,2.0E-7,M3,1.91E-5,2.7200000000000002E-6,2.0E-7,1.0E-6,M3,1.91E-5,4.0E-8,2.0E-7,3.68E-6,M3,1.8900000000000002E-5,4.0E-8,6.0E-7,2.0E-7,M3,2.274E-5,2.66E-6,3.2E-7,1.12E-6,M3,2.194E-5,3.46E-6,1.12E-6,3.2E-7,M3,2.231E-5,3.46E-6,7.2E-7,3.2E-7,M3,1.853E-5,8.98E-6,2.0E-7,6.0E-7,M3,1.853E-5,7.4E-7,2.0E-7,8.84E-6,M3,1.853E-5,7.4E-7,2.0E-7,6.0E-7,M3,2.471E-5,1.425E-5,1.0E-6,2.0E-7,M3,2.471E-5,1.345E-5,2.0E-7,1.0E-6,M3,2.471E-5,4.22E-6,2.0E-7,1.023E-5,M3,2.471E-5,4.22E-6,2.0E-7,6.0E-7,M4,2.337E-5,7.4E-7,2.0E-7,6.0E-7,M4,2.337E-5,7.4E-7,2.0E-7,8.84E-6,M4,2.337E-5,8.98E-6,2.0E-7,6.0E-7,M4,1.52E-5,1.42E-6,2.0E-7,1.0E-6,M4,1.52E-5,1.42E-6,1.0E-6,2.0E-7,M4,1.52E-5,1.42E-6,5.07E-6,2.0E-7,M4,2.007E-5,1.02E-6,2.0E-7,6.0E-7,M4,2.2800000000000002E-5,2.7200000000000002E-6,2.0E-7,1.0E-6,M4,2.2E-5,3.52E-6,1.0E-6,2.0E-7,M4,2.237E-5,3.52E-6,6.3E-7,2.0E-7,M4,2.237E-5,3.52E-6,6.0E-7,2.0E-7,
M1,1.25E-5,1.5975E-5,6.4E-7,2.4000000000000003E-7,M1,1.27E-5,1.893E-5,1.04E-6,2.4000000000000003E-7,M1,1.27E-5,1.813E-5,2.4000000000000003E-7,1.04E-6,M1,1.274E-5,1.897E-5,2.2E-7,1.6E-7,M1,1.4390000000000001E-5,1.805E-6,4.58E-6,1.6E-7,M1,2.098E-5,2.197E-5,2.4000000000000003E-7,6.4E-7,M1,2.165E-5,1.4875E-5,2.4000000000000003E-7,6.4E-7,M1,1.309E-5,1.5315E-5,7.18E-6,1.6E-7,M1,3.268E-5,2.007E-5,2.4000000000000003E-7,6.4E-7,M1,3.294E-5,1.611E-5,2.4000000000000003E-7,6.4E-7,M1,4.4E-7,2.007E-5,2.4000000000000003E-7,6.4E-7,M1,1.8E-7,1.611E-5,2.4000000000000003E-7,6.4E-7,M1,1.099E-5,1.805E-6,1.6E-7,2.05E-7,M1,6.54E-6,1.85E-6,4.61E-6,1.6E-7,M1,9.57E-6,4.86E-6,1.9200000000000003E-6,1.6E-7,M1,2.022E-5,1.3350000000000001E-5,6.4E-7,2.4000000000000003E-7,M1,2.077E-5,1.4050000000000001E-5,2.4000000000000003E-7,6.4E-7,M1,9.05E-6,1.7690000000000002E-5,9.455E-6,1.6E-7,M1,1.8305000000000002E-5,1.685E-5,2.4000000000000003E-7,1.04E-6,M1,1.7505E-5,1.765E-5,1.04E-6,2.4000000000000003E-7,M1,1.8105E-5,1.207E-5,6.4E-7,2.4000000000000003E-7,M1,9.53E-6,4.8200000000000004E-6,2.4000000000000003E-7,6.4E-7,M1,9.49E-6,9.25E-7,2.4000000000000003E-7,6.4E-7,M1,2.359E-5,4.8200000000000004E-6,2.4000000000000003E-7,6.4E-7,M1,2.363E-5,9.25E-7,2.4000000000000003E-7,6.4E-7,M1,1.214E-5,2.197E-5,2.4000000000000003E-7,6.4E-7,M1,1.147E-5,1.4875E-5,2.4000000000000003E-7,6.4E-7,M1,2.04E-5,1.6015E-5,1.6E-7,3.1150000000000002E-6,M1,2.04E-5,1.6015E-5,2.2E-7,1.6E-7,M1,2.523E-5,9.7E-7,2.4000000000000003E-7,6.4E-7,M1,2.5225E-5,1.963E-5,6.4E-7,2.4000000000000003E-7,M1,2.5465E-5,1.967E-5,5.15E-7,1.6E-7,M1,2.6565E-5,2.0E-8,6.4E-7,2.4000000000000003E-7,M1,7.05E-6,2.0E-8,6.4E-7,2.4000000000000003E-7,M1,1.736E-5,1.053E-5,2.4000000000000003E-7,6.4E-7,M1,1.736E-5,1.258E-5,2.4000000000000003E-7,6.4E-7,M1,1.74E-5,1.2820000000000001E-5,1.6E-7,7.3E-7,M1,1.74E-5,1.339E-5,2.51E-6,1.6E-7,M1,1.2450000000000001E-5,2.35E-6,1.6E-7,1.53E-6,M1,1.2450000000000001E-5,2.35E-6,2.15E-7,1.6E-7,M1,1.4615E-5,1.207E-5,6.4E-7,2.4000000000000003E-7,M1,2.411E-5,1.765E-5,6.4E-7,2.4000000000000003E-7,M1,7.89E-6,9.7E-7,2.4000000000000003E-7,6.4E-7,M1,7.495E-6,1.963E-5,6.4E-7,2.4000000000000003E-7,M1,7.3800000000000005E-6,1.967E-5,5.15E-7,1.6E-7,M1,1.576E-5,1.053E-5,2.4000000000000003E-7,6.4E-7,M1,1.576E-5,1.258E-5,2.4000000000000003E-7,6.4E-7,M1,1.58E-5,1.2820000000000001E-5,1.6E-7,7.3E-7,M1,1.345E-5,1.339E-5,2.51E-6,1.6E-7,M1,1.375E-5,1.4050000000000001E-5,2.4000000000000003E-7,6.4E-7,M1,1.226E-5,1.3350000000000001E-5,6.4E-7,2.4000000000000003E-7,M1,2.221E-5,1.805E-6,1.6E-7,2.05E-7,M1,2.221E-5,1.85E-6,4.61E-6,1.6E-7,M1,2.187E-5,4.86E-6,1.9200000000000003E-6,1.6E-7,M1,2.0455E-5,2.31E-6,6.4E-7,2.4000000000000003E-7,M1,1.991E-5,2.31E-6,1.04E-6,2.4000000000000003E-7,M1,2.071E-5,2.31E-6,2.4000000000000003E-7,1.04E-6,M1,2.075E-5,2.35E-6,1.6E-7,1.53E-6,M2,1.252E-5,1.5995000000000002E-5,6.0E-7,2.0E-7,M2,1.272E-5,1.5995000000000002E-5,2.0E-7,3.155E-6,M2,1.272E-5,1.895E-5,1.0E-6,2.0E-7,M2,1.272E-5,1.815E-5,2.0E-7,1.0E-6,M2,2.094E-5,2.1930000000000002E-5,3.2E-7,7.2E-7,M2,2.161E-5,1.4835000000000001E-5,3.2E-7,7.2E-7,M2,3.27E-5,2.009E-5,2.0E-7,6.0E-7,M2,3.27E-5,2.009E-5,4.6E-7,2.0E-7,M2,3.296E-5,1.653E-5,2.0E-7,3.76E-6,M2,3.296E-5,1.613E-5,2.0E-7,6.0E-7,M2,4.6E-7,2.009E-5,2.0E-7,6.0E-7,M2,2.0E-7,2.009E-5,4.6E-7,2.0E-7,M2,2.0E-7,1.653E-5,2.0E-7,3.76E-6,M2,2.0E-7,1.613E-5,2.0E-7,6.0E-7,M2,2.018E-5,1.331E-5,7.2E-7,3.2E-7,M2,2.073E-5,1.401E-5,3.2E-7,7.2E-7,M2,1.8265E-5,1.681E-5,3.2E-7,1.12E-6,M2,1.7465E-5,1.761E-5,1.12E-6,3.2E-7,M2,1.8065E-5,1.203E-5,7.2E-7,3.2E-7,M2,9.55E-6,4.84E-6,2.0E-7,6.0E-7,M2,9.55E-6,1.345E-6,2.0E-7,3.695E-6,M2,8.69E-6,1.285E-6,1.12E-6,3.2E-7,M2,9.49E-6,1.285E-6,3.2E-7,1.12E-6,M2,9.450000000000001E-6,8.85E-7,3.2E-7,7.2E-7,M2,2.361E-5,4.84E-6,2.0E-7,6.0E-7,M2,2.361E-5,1.345E-6,2.0E-7,3.695E-6,M2,2.355E-5,1.285E-6,3.2E-7,1.12E-6,M2,2.355E-5,1.285E-6,1.12E-6,3.2E-7,M2,2.359E-5,8.85E-7,3.2E-7,7.2E-7,M2,1.2100000000000001E-5,2.1930000000000002E-5,3.2E-7,7.2E-7,M2,1.143E-5,1.4835000000000001E-5,3.2E-7,7.2E-7,M2,2.525E-5,9.9E-7,2.0E-7,6.0E-7,M2,2.525E-5,1.39E-6,2.0E-7,1.846E-5,M2,2.525E-5,1.965E-5,3.9500000000000003E-7,2.0E-7,M2,2.5245E-5,1.965E-5,6.0E-7,2.0E-7,M2,2.6585E-5,4.0E-8,6.0E-7,2.0E-7,M2,7.4700000000000005E-6,4.0E-8,1.9515000000000002E-5,2.0E-7,M2,7.07E-6,4.0E-8,6.0E-7,2.0E-7,M2,1.738E-5,1.055E-5,2.0E-7,6.0E-7,M2,1.738E-5,1.095E-5,2.0E-7,2.05E-6,M2,1.738E-5,1.26E-5,2.0E-7,6.0E-7,M2,1.4635E-5,1.209E-5,6.0E-7,2.0E-7,M2,1.4835000000000001E-5,1.209E-5,2.0E-7,5.78E-6,M2,1.4775E-5,1.761E-5,1.12E-6,3.2E-7,M2,1.4775E-5,1.681E-5,3.2E-7,1.12E-6,M2,2.407E-5,1.761E-5,7.2E-7,3.2E-7,M2,7.91E-6,9.9E-7,2.0E-7,6.0E-7,M2,7.91E-6,1.39E-6,2.0E-7,1.846E-5,M2,7.715E-6,1.965E-5,3.9500000000000003E-7,2.0E-7,M2,7.515E-6,1.965E-5,6.0E-7,2.0E-7,M2,1.578E-5,1.055E-5,2.0E-7,6.0E-7,M2,1.578E-5,1.095E-5,2.0E-7,2.05E-6,M2,1.578E-5,1.26E-5,2.0E-7,6.0E-7,M2,1.3710000000000001E-5,1.401E-5,3.2E-7,7.2E-7,M2,1.222E-5,1.331E-5,7.2E-7,3.2E-7,M2,2.0475E-5,2.33E-6,6.0E-7,2.0E-7,M2,2.0675E-5,2.33E-6,2.55E-7,2.0E-7,M2,1.993E-5,2.33E-6,1.0E-6,2.0E-7,M2,2.073E-5,2.33E-6,2.0E-7,1.0E-6,M3,2.1E-5,2.199E-5,2.0E-7,6.0E-7,M3,2.1E-5,2.239E-5,8.7E-7,2.0E-7,M3,2.167E-5,1.5295000000000002E-5,2.0E-7,7.2950000000000005E-6,M3,2.167E-5,1.4895E-5,2.0E-7,6.0E-7,M3,2.024E-5,1.337E-5,6.0E-7,2.0E-7,M3,2.044E-5,1.337E-5,5.5E-7,2.0E-7,M3,2.079E-5,1.337E-5,2.0E-7,9.000000000000001E-7,M3,2.079E-5,1.407E-5,2.0E-7,6.0E-7,M3,1.8265E-5,1.681E-5,3.2E-7,1.12E-6,M3,1.7465E-5,1.761E-5,1.12E-6,3.2E-7,M3,1.8065E-5,1.203E-5,7.2E-7,3.2E-7,M3,8.750000000000001E-6,1.345E-6,1.0E-6,2.0E-7,M3,9.55E-6,1.345E-6,2.0E-7,1.0E-6,M3,9.51E-6,1.345E-6,2.4000000000000003E-7,2.0E-7,M3,9.51E-6,9.450000000000001E-7,2.0E-7,6.0E-7,M3,2.361E-5,1.345E-6,2.0E-7,1.0E-6,M3,2.361E-5,1.345E-6,1.0E-6,2.0E-7,M3,2.361E-5,1.345E-6,2.4000000000000003E-7,2.0E-7,M3,2.365E-5,9.450000000000001E-7,2.0E-7,6.0E-7,M3,1.216E-5,2.199E-5,2.0E-7,6.0E-7,M3,1.149E-5,2.239E-5,8.7E-7,2.0E-7,M3,1.149E-5,1.5295000000000002E-5,2.0E-7,7.2950000000000005E-6,M3,1.149E-5,1.4895E-5,2.0E-7,6.0E-7,M3,1.4775E-5,1.761E-5,1.12E-6,3.2E-7,M3,1.4775E-5,1.681E-5,3.2E-7,1.12E-6,M3,2.407E-5,1.761E-5,7.2E-7,3.2E-7,M3,1.377E-5,1.407E-5,2.0E-7,6.0E-7,M3,1.248E-5,1.407E-5,1.4900000000000001E-6,2.0E-7,M3,1.248E-5,1.337E-5,2.0E-7,9.000000000000001E-7,M3,1.2280000000000001E-5,1.337E-5,6.0E-7,2.0E-7,M4,1.8325E-5,1.687E-5,2.0E-7,1.0E-6,M4,1.7525E-5,1.7670000000000002E-5,1.0E-6,2.0E-7,M4,1.8325E-5,1.209E-5,2.0E-7,5.78E-6,M4,1.8125E-5,1.209E-5,6.0E-7,2.0E-7,M4,1.4775E-5,1.761E-5,1.12E-6,3.2E-7,M4,1.4775E-5,1.681E-5,3.2E-7,1.12E-6,M4,2.407E-5,1.761E-5,7.2E-7,3.2E-7,M5,1.4775E-5,1.761E-5,1.12E-6,3.2E-7,M5,1.4775E-5,1.681E-5,3.2E-7,1.12E-6,M5,2.407E-5,1.761E-5,7.2E-7,3.2E-7,M6,1.4835000000000001E-5,1.7670000000000002E-5,1.0E-6,2.0E-7,M6,1.4835000000000001E-5,1.687E-5,2.0E-7,1.0E-6,M6,1.4835000000000001E-5,1.7670000000000002E-5,9.495E-6,2.0E-7,M6,2.413E-5,1.7670000000000002E-5,6.0E-7,2.0E-7,
M1,1.019E-5,6.000000000000001E-8,1.955E-6,1.6E-7,M1,1.1745E-5,2.0E-8,6.4E-7,2.4000000000000003E-7,M1,2.553E-5,2.0E-8,6.4E-7,2.4000000000000003E-7,M1,1.7E-5,1.805E-6,1.9200000000000003E-6,1.6E-7,M1,1.525E-5,1.4995E-5,5.42E-6,1.6E-7,M1,1.99E-6,5.5E-7,2.4000000000000003E-7,6.4E-7,M1,1.61E-6,1.85E-5,2.4000000000000003E-7,6.4E-7,M1,1.367E-5,2.31E-6,6.4E-7,2.4000000000000003E-7,M1,1.3635E-5,3.59E-6,6.4E-7,2.4000000000000003E-7,M1,1.255E-5,1.3235E-5,1.6E-7,7.2E-7,M1,1.255E-5,1.3235E-5,2.0E-7,1.6E-7,M1,4.4E-7,1.894E-5,2.4000000000000003E-7,6.4E-7,M1,1.8E-7,1.498E-5,2.4000000000000003E-7,6.4E-7,M1,1.938E-5,2.35E-6,1.6E-7,9.600000000000001E-7,M1,8.91E-6,3.15E-6,1.063E-5,1.6E-7,M1,8.87E-6,3.11E-6,2.4000000000000003E-7,1.04E-6,M1,8.87E-6,3.11E-6,1.04E-6,2.4000000000000003E-7,M1,8.47E-6,3.5600000000000002E-6,6.4E-7,2.4000000000000003E-7,M1,2.694E-5,1.78E-5,6.4E-7,2.4000000000000003E-7,M1,2.1720000000000002E-5,1.3195E-5,6.4E-7,2.4000000000000003E-7,M1,2.321E-5,1.3235E-5,1.6E-7,7.2E-7,M1,2.317E-5,1.3235E-5,2.0E-7,1.6E-7,M1,1.664E-5,2.0435E-5,2.4000000000000003E-7,6.4E-7,M1,1.521E-5,1.4555E-5,2.4000000000000003E-7,6.4E-7,M1,3.55E-5,1.498E-5,2.4000000000000003E-7,6.4E-7,M1,3.524E-5,1.894E-5,2.4000000000000003E-7,6.4E-7,M1,2.042E-5,1.0375E-5,2.4000000000000003E-7,6.4E-7,M1,2.0515E-5,1.3195E-5,6.4E-7,2.4000000000000003E-7,M1,2.2100000000000002E-5,1.805E-6,4.54E-6,1.6E-7,M1,2.648E-5,1.79E-6,1.6E-7,1.75E-7,M1,1.339E-5,1.78E-5,6.4E-7,2.4000000000000003E-7,M1,1.356E-5,1.5515E-5,6.4E-7,2.4000000000000003E-7,M1,2.701E-5,3.5600000000000002E-6,6.4E-7,2.4000000000000003E-7,M1,1.594E-5,2.31E-6,6.4E-7,2.4000000000000003E-7,M1,1.115E-5,4.7300000000000005E-6,2.4000000000000003E-7,6.4E-7,M1,9.39E-6,4.7E-6,2.4000000000000003E-7,6.4E-7,M1,1.115E-5,4.7300000000000005E-6,2.4000000000000003E-7,6.4E-7,M1,1.219E-5,9.25E-7,2.4000000000000003E-7,6.4E-7,M1,2.633E-5,4.74E-6,1.6E-7,1.9E-7,M1,2.457E-5,4.77E-6,1.9200000000000003E-6,1.6E-7,M1,1.668E-5,2.0875E-5,2.56E-6,1.6E-7,M1,2.161E-5,2.31E-6,6.4E-7,2.4000000000000003E-7,M1,2.1645E-5,3.59E-6,6.4E-7,2.4000000000000003E-7,M1,3.407E-5,1.85E-5,2.4000000000000003E-7,6.4E-7,M1,3.369E-5,5.5E-7,2.4000000000000003E-7,6.4E-7,M1,2.453E-5,4.7300000000000005E-6,2.4000000000000003E-7,6.4E-7,M1,2.349E-5,9.25E-7,2.4000000000000003E-7,6.4E-7,M1,1.526E-5,1.0375E-5,2.4000000000000003E-7,6.4E-7,M1,1.4765E-5,1.3195E-5,6.4E-7,2.4000000000000003E-7,M1,9.24E-6,1.35E-6,2.4000000000000003E-7,6.4E-7,M1,1.362E-5,1.365E-6,2.4000000000000003E-7,6.4E-7,M2,1.1765E-5,4.0E-8,6.0E-7,2.0E-7,M2,1.1965E-5,4.0E-8,1.3785000000000001E-5,2.0E-7,M2,2.555E-5,4.0E-8,6.0E-7,2.0E-7,M2,2.0100000000000002E-6,5.7E-7,2.0E-7,6.0E-7,M2,2.0100000000000002E-6,5.7E-7,2.0E-7,1.4355E-5,M2,1.95E-6,1.4465E-5,3.2E-7,7.2E-7,M2,1.57E-6,1.846E-5,3.2E-7,7.2E-7,M2,1.363E-5,2.27E-6,7.2E-7,3.2E-7,M2,1.3595000000000001E-5,3.55E-6,7.2E-7,3.2E-7,M2,4.0E-7,1.8900000000000002E-5,3.2E-7,7.2E-7,M2,1.4E-7,1.4940000000000001E-5,3.2E-7,7.2E-7,M2,8.89E-6,3.13E-6,2.0E-7,1.0E-6,M2,8.89E-6,3.13E-6,1.0E-6,2.0E-7,M2,8.89E-6,3.13E-6,2.0E-7,6.5E-7,M2,8.49E-6,3.58E-6,6.0E-7,2.0E-7,M2,2.696E-5,1.782E-5,6.0E-7,2.0E-7,M2,2.194E-5,1.782E-5,5.42E-6,2.0E-7,M2,2.194E-5,1.3215E-5,2.0E-7,4.805E-6,M2,2.1740000000000002E-5,1.3215E-5,6.0E-7,2.0E-7,M2,1.666E-5,2.0455E-5,2.0E-7,6.0E-7,M2,1.523E-5,2.0855E-5,1.63E-6,2.0E-7,M2,1.523E-5,1.4975E-5,2.0E-7,6.08E-6,M2,1.523E-5,1.4575E-5,2.0E-7,6.0E-7,M2,3.546E-5,1.4940000000000001E-5,3.2E-7,7.2E-7,M2,3.52E-5,1.8900000000000002E-5,3.2E-7,7.2E-7,M2,2.044E-5,1.0395E-5,2.0E-7,6.0E-7,M2,2.044E-5,1.0795E-5,2.0E-7,2.62E-6,M2,2.044E-5,1.3215E-5,4.95E-7,2.0E-7,M2,2.0535E-5,1.3215E-5,6.0E-7,2.0E-7,M2,1.341E-5,1.782E-5,6.0E-7,2.0E-7,M2,1.361E-5,1.5535E-5,2.0E-7,2.485E-6,M2,1.361E-5,1.5535E-5,3.7E-7,2.0E-7,M2,1.358E-5,1.5535E-5,6.0E-7,2.0E-7,M2,2.697E-5,3.52E-6,7.2E-7,3.2E-7,M2,1.63E-5,3.0700000000000003E-6,1.12E-6,3.2E-7,M2,1.63E-5,2.27E-6,3.2E-7,1.12E-6,M2,1.636E-5,2.33E-6,2.0E-7,1.0E-6,M2,1.596E-5,2.33E-6,6.0E-7,2.0E-7,M2,1.111E-5,4.69E-6,3.2E-7,7.2E-7,M2,9.35E-6,4.69E-6,1.12E-6,3.2E-7,M2,9.35E-6,3.89E-6,3.2E-7,1.12E-6,M2,9.41E-6,4.72E-6,2.0E-7,2.3E-7,M2,9.41E-6,4.72E-6,2.0E-7,6.0E-7,M2,1.111E-5,4.69E-6,3.2E-7,7.2E-7,M2,1.215E-5,3.89E-6,3.2E-7,1.12E-6,M2,1.135E-5,4.69E-6,1.12E-6,3.2E-7,M2,1.221E-5,1.345E-6,2.0E-7,3.6050000000000002E-6,M2,1.221E-5,9.450000000000001E-7,2.0E-7,6.0E-7,M2,2.1570000000000002E-5,2.27E-6,7.2E-7,3.2E-7,M2,2.1605E-5,3.55E-6,7.2E-7,3.2E-7,M2,3.403E-5,1.846E-5,3.2E-7,7.2E-7,M2,3.365E-5,1.4465E-5,3.2E-7,7.2E-7,M2,3.371E-5,5.7E-7,2.0E-7,1.4355E-5,M2,3.371E-5,5.7E-7,2.0E-7,6.0E-7,M2,2.449E-5,4.69E-6,3.2E-7,7.2E-7,M2,2.345E-5,4.69E-6,1.12E-6,3.2E-7,M2,2.345E-5,3.89E-6,3.2E-7,1.12E-6,M2,2.351E-5,1.345E-6,2.0E-7,3.6050000000000002E-6,M2,2.351E-5,9.450000000000001E-7,2.0E-7,6.0E-7,M2,1.528E-5,1.0395E-5,2.0E-7,6.0E-7,M2,1.528E-5,1.0795E-5,2.0E-7,2.62E-6,M2,1.4985E-5,1.3215E-5,4.95E-7,2.0E-7,M2,1.4785E-5,1.3215E-5,6.0E-7,2.0E-7,M2,9.2E-6,1.31E-6,3.2E-7,7.2E-7,M2,1.358E-5,1.325E-6,3.2E-7,7.2E-7,M3,2.0100000000000002E-6,1.4525E-5,2.0E-7,6.0E-7,M3,2.0100000000000002E-6,1.4725E-5,2.0E-7,3.995E-6,M3,1.95E-6,1.766E-5,3.2E-7,1.12E-6,M3,1.15E-6,1.846E-5,1.12E-6,3.2E-7,M3,1.57E-6,1.846E-5,3.2E-7,7.2E-7,M3,1.3690000000000001E-5,2.33E-6,6.0E-7,2.0E-7,M3,1.3855E-5,2.33E-6,2.35E-7,2.0E-7,M3,1.3855E-5,2.33E-6,2.0E-7,1.48E-6,M3,1.3655E-5,3.61E-6,6.0E-7,2.0E-7,M3,4.6E-7,1.896E-5,2.0E-7,6.0E-7,M3,2.0E-7,1.896E-5,4.6E-7,2.0E-7,M3,2.0E-7,1.54E-5,2.0E-7,3.76E-6,M3,2.0E-7,1.5E-5,2.0E-7,6.0E-7,M3,3.552E-5,1.5E-5,2.0E-7,6.0E-7,M3,3.552E-5,1.54E-5,2.0E-7,3.76E-6,M3,3.526E-5,1.896E-5,4.6E-7,2.0E-7,M3,3.526E-5,1.896E-5,2.0E-7,6.0E-7,M3,2.697E-5,3.52E-6,7.2E-7,3.2E-7,M3,1.63E-5,3.0700000000000003E-6,1.12E-6,3.2E-7,M3,1.63E-5,2.27E-6,3.2E-7,1.12E-6,M3,1.117E-5,4.75E-6,2.0E-7,6.0E-7,M3,9.41E-6,4.75E-6,1.96E-6,2.0E-7,M3,9.41E-6,4.75E-6,1.0E-6,2.0E-7,M3,9.41E-6,3.95E-6,2.0E-7,1.0E-6,M3,1.111E-5,4.69E-6,3.2E-7,7.2E-7,M3,1.215E-5,3.89E-6,3.2E-7,1.12E-6,M3,1.135E-5,4.69E-6,1.12E-6,3.2E-7,M3,2.163E-5,2.33E-6,6.0E-7,2.0E-7,M3,2.183E-5,2.33E-6,2.35E-7,2.0E-7,M3,2.1865E-5,2.33E-6,2.0E-7,1.48E-6,M3,2.1665E-5,3.61E-6,6.0E-7,2.0E-7,M3,3.409E-5,1.852E-5,2.0E-7,6.0E-7,M3,3.371E-5,1.852E-5,5.800000000000001E-7,2.0E-7,M3,3.371E-5,1.4725E-5,2.0E-7,3.995E-6,M3,3.371E-5,1.4525E-5,2.0E-7,6.0E-7,M3,2.449E-5,4.69E-6,3.2E-7,7.2E-7,M3,2.345E-5,4.69E-6,1.12E-6,3.2E-7,M3,2.345E-5,3.89E-6,3.2E-7,1.12E-6,M3,9.26E-6,1.37E-6,2.0E-7,6.0E-7,M3,9.26E-6,1.77E-6,2.0E-7,2.15E-7,M3,9.26E-6,1.785E-6,4.58E-6,2.0E-7,M3,1.364E-5,1.385E-6,2.0E-7,6.0E-7,M4,2.0100000000000002E-6,1.772E-5,2.0E-7,1.0E-6,M4,1.21E-6,1.852E-5,1.0E-6,2.0E-7,M4,1.63E-6,1.852E-5,5.800000000000001E-7,2.0E-7,M4,1.63E-6,1.852E-5,2.0E-7,6.0E-7,M4,2.697E-5,3.52E-6,7.2E-7,3.2E-7,M4,1.63E-5,3.0700000000000003E-6,1.12E-6,3.2E-7,M4,1.63E-5,2.27E-6,3.2E-7,1.12E-6,M4,1.117E-5,4.75E-6,2.0E-7,6.0E-7,M4,1.117E-5,4.75E-6,1.24E-6,2.0E-7,M4,1.221E-5,3.95E-6,2.0E-7,1.0E-6,M4,1.1410000000000001E-5,4.75E-6,1.0E-6,2.0E-7,M4,2.455E-5,4.75E-6,2.0E-7,6.0E-7,M4,2.351E-5,4.75E-6,1.24E-6,2.0E-7,M4,2.351E-5,4.75E-6,1.0E-6,2.0E-7,M4,2.351E-5,3.95E-6,2.0E-7,1.0E-6,M5,2.697E-5,3.52E-6,7.2E-7,3.2E-7,M5,1.63E-5,3.0700000000000003E-6,1.12E-6,3.2E-7,M5,1.63E-5,2.27E-6,3.2E-7,1.12E-6,M6,2.673E-5,3.48E-6,1.2E-6,4.0E-7,M6,1.626E-5,3.0300000000000002E-6,2.0E-6,4.0E-7,M6,1.626E-5,1.43E-6,4.0E-7,2.0E-6,M7,2.673E-5,3.48E-6,1.2E-6,4.0E-7,M7,1.626E-5,3.0300000000000002E-6,2.0E-6,4.0E-7,M7,1.626E-5,1.43E-6,4.0E-7,2.0E-6,M8,2.673E-5,3.48E-6,1.2E-6,4.0E-7,M8,2.673E-5,3.0300000000000002E-6,4.0E-7,8.5E-7,M8,1.626E-5,3.0300000000000002E-6,1.0870000000000001E-5,4.0E-7,M8,1.626E-5,3.0300000000000002E-6,2.0E-6,4.0E-7,M8,1.626E-5,1.43E-6,4.0E-7,2.0E-6,
M1,2.199E-5,1.805E-6,1.9200000000000003E-6,1.6E-7,M1,2.4370000000000002E-5,2.35E-6,1.6E-7,1.44E-6,M1,2.434E-5,3.63E-6,1.9E-7,1.6E-7,M1,2.712E-5,1.515E-5,2.4000000000000003E-7,6.4E-7,M1,3.0200000000000002E-5,1.597E-5,2.4000000000000003E-7,6.4E-7,M1,2.137E-5,3.63E-6,1.9E-7,1.6E-7,M1,2.137E-5,2.35E-6,1.6E-7,1.44E-6,M1,1.546E-5,1.597E-5,2.4000000000000003E-7,6.4E-7,M1,1.8540000000000002E-5,1.515E-5,2.4000000000000003E-7,6.4E-7,M1,1.9805E-5,1.381E-5,1.6E-7,7.4E-7,M1,1.976E-5,1.4390000000000001E-5,2.05E-7,1.6E-7,M1,8.040000000000001E-6,1.447E-5,2.4000000000000003E-7,6.4E-7,M1,8.040000000000001E-6,5.5E-7,2.4000000000000003E-7,1.04E-6,M1,8.040000000000001E-6,5.5E-7,1.04E-6,2.4000000000000003E-7,M1,8.08E-6,5.9E-7,1.06E-6,1.6E-7,M1,1.569E-5,1.062E-5,1.6E-7,1.37E-6,M1,1.565E-5,1.058E-5,2.4000000000000003E-7,1.04E-6,M1,1.565E-5,1.058E-5,1.04E-6,2.4000000000000003E-7,M1,1.741E-5,1.018E-5,2.4000000000000003E-7,6.4E-7,M1,2.8250000000000002E-5,1.018E-5,2.4000000000000003E-7,6.4E-7,M1,3.001E-5,1.1390000000000001E-5,2.4000000000000003E-7,6.4E-7,M1,1.7330000000000002E-5,9.25E-7,2.4000000000000003E-7,6.4E-7,M1,1.741E-5,4.7300000000000005E-6,2.4000000000000003E-7,6.4E-7,M1,4.4E-7,1.491E-5,2.4000000000000003E-7,6.4E-7,M1,1.8E-7,1.095E-5,2.4000000000000003E-7,6.4E-7,M1,1.622E-5,1.381E-5,3.14E-6,1.6E-7,M1,1.473E-5,3.5600000000000002E-6,6.4E-7,2.4000000000000003E-7,M1,2.4675E-5,1.128E-5,6.4E-7,2.4000000000000003E-7,M1,2.0585E-5,1.128E-5,6.4E-7,2.4000000000000003E-7,M1,3.053E-5,3.5600000000000002E-6,6.4E-7,2.4000000000000003E-7,M1,4.548E-5,1.095E-5,2.4000000000000003E-7,6.4E-7,M1,4.5220000000000004E-5,1.491E-5,2.4000000000000003E-7,6.4E-7,M1,3.672E-5,5.5E-7,2.4000000000000003E-7,6.4E-7,M1,3.762E-5,1.447E-5,2.4000000000000003E-7,6.4E-7,M1,3.836E-5,1.79E-6,1.6E-7,1.75E-7,M1,2.699E-5,1.805E-6,1.153E-5,1.6E-7,M1,2.396E-5,9.74E-6,2.4000000000000003E-7,6.4E-7,M1,2.4785E-5,1.377E-5,6.4E-7,2.4000000000000003E-7,M1,8.1E-6,2.28E-6,6.4E-7,2.4000000000000003E-7,M1,3.2925E-5,2.28E-6,6.4E-7,2.4000000000000003E-7,M1,3.3165E-5,2.3200000000000002E-6,4.1950000000000005E-6,1.6E-7,M1,2.0475E-5,1.377E-5,6.4E-7,2.4000000000000003E-7,M1,2.17E-5,9.74E-6,2.4000000000000003E-7,6.4E-7,M1,2.0660000000000002E-5,1.559E-5,4.58E-6,1.6E-7,M1,2.5980000000000002E-5,1.381E-5,1.6E-7,7.4E-7,M1,2.5935E-5,1.381E-5,2.05E-7,1.6E-7,M1,2.654E-5,1.381E-5,3.14E-6,1.6E-7,M1,2.8250000000000002E-5,4.7300000000000005E-6,2.4000000000000003E-7,6.4E-7,M1,2.833E-5,9.25E-7,2.4000000000000003E-7,6.4E-7,M1,1.8750000000000002E-5,1.79E-6,1.6E-7,1.75E-7,M1,7.3800000000000005E-6,1.79E-6,1.153E-5,1.6E-7,M2,2.708E-5,1.5110000000000001E-5,3.2E-7,7.2E-7,M2,3.016E-5,1.593E-5,3.2E-7,7.2E-7,M2,1.542E-5,1.593E-5,3.2E-7,7.2E-7,M2,1.85E-5,1.5110000000000001E-5,3.2E-7,7.2E-7,M2,8.0E-6,1.443E-5,3.2E-7,7.2E-7,M2,8.0E-6,5.1E-7,3.2E-7,1.12E-6,M2,8.0E-6,5.1E-7,1.12E-6,3.2E-7,M2,1.561E-5,1.054E-5,3.2E-7,1.12E-6,M2,1.561E-5,1.054E-5,1.12E-6,3.2E-7,M2,1.737E-5,1.014E-5,3.2E-7,7.2E-7,M2,2.8270000000000002E-5,1.02E-5,2.0E-7,6.0E-7,M2,2.8270000000000002E-5,1.06E-5,1.96E-6,2.0E-7,M2,3.0030000000000002E-5,1.06E-5,2.0E-7,1.41E-6,M2,3.0030000000000002E-5,1.1410000000000001E-5,2.0E-7,6.0E-7,M2,1.729E-5,8.85E-7,3.2E-7,7.2E-7,M2,1.737E-5,4.69E-6,3.2E-7,7.2E-7,M2,4.0E-7,1.487E-5,3.2E-7,7.2E-7,M2,1.4E-7,1.091E-5,3.2E-7,7.2E-7,M2,1.469E-5,3.52E-6,7.2E-7,3.2E-7,M2,2.4635E-5,1.124E-5,7.2E-7,3.2E-7,M2,2.0545E-5,1.124E-5,7.2E-7,3.2E-7,M2,2.0745000000000002E-5,3.52E-6,3.2E-7,1.12E-6,M2,2.0745000000000002E-5,3.52E-6,1.12E-6,3.2E-7,M2,2.0805E-5,3.58E-6,9.945E-6,2.0E-7,M2,3.0550000000000004E-5,3.58E-6,6.0E-7,2.0E-7,M2,4.544E-5,1.091E-5,3.2E-7,7.2E-7,M2,4.518E-5,1.487E-5,3.2E-7,7.2E-7,M2,3.6740000000000004E-5,5.7E-7,2.0E-7,6.0E-7,M2,3.6740000000000004E-5,5.7E-7,1.1E-6,2.0E-7,M2,3.764E-5,5.7E-7,2.0E-7,1.412E-5,M2,3.764E-5,1.449E-5,2.0E-7,6.0E-7,M2,2.398E-5,9.76E-6,2.0E-7,6.0E-7,M2,2.398E-5,1.0160000000000001E-5,2.0E-7,3.83E-6,M2,2.392E-5,1.373E-5,1.12E-6,3.2E-7,M2,2.392E-5,1.293E-5,3.2E-7,1.12E-6,M2,2.4745E-5,1.373E-5,7.2E-7,3.2E-7,M2,8.12E-6,2.3E-6,6.0E-7,2.0E-7,M2,8.52E-6,2.3E-6,2.4825E-5,2.0E-7,M2,3.2945000000000004E-5,2.3E-6,6.0E-7,2.0E-7,M2,2.0495E-5,1.379E-5,6.0E-7,2.0E-7,M2,2.0695E-5,1.379E-5,1.2250000000000001E-6,2.0E-7,M2,2.1720000000000002E-5,1.0160000000000001E-5,2.0E-7,3.83E-6,M2,2.1720000000000002E-5,9.76E-6,2.0E-7,6.0E-7,M2,2.821E-5,4.69E-6,3.2E-7,7.2E-7,M2,2.8290000000000002E-5,8.85E-7,3.2E-7,7.2E-7,M3,2.714E-5,1.517E-5,2.0E-7,6.0E-7,M3,2.714E-5,1.5570000000000002E-5,3.28E-6,2.0E-7,M3,3.0220000000000002E-5,1.5570000000000002E-5,2.0E-7,1.02E-6,M3,3.0220000000000002E-5,1.599E-5,2.0E-7,6.0E-7,M3,1.548E-5,1.599E-5,2.0E-7,6.0E-7,M3,1.548E-5,1.5570000000000002E-5,2.0E-7,1.02E-6,M3,1.548E-5,1.5570000000000002E-5,3.28E-6,2.0E-7,M3,1.8560000000000002E-5,1.517E-5,2.0E-7,6.0E-7,M3,8.06E-6,1.449E-5,2.0E-7,6.0E-7,M3,8.06E-6,5.7E-7,2.0E-7,1.412E-5,M3,8.06E-6,5.7E-7,2.0E-7,1.0E-6,M3,8.06E-6,5.7E-7,1.0E-6,2.0E-7,M3,1.567E-5,1.06E-5,2.0E-7,1.0E-6,M3,1.567E-5,1.06E-5,1.0E-6,2.0E-7,M3,1.567E-5,1.06E-5,1.96E-6,2.0E-7,M3,1.743E-5,1.02E-5,2.0E-7,6.0E-7,M3,1.735E-5,9.450000000000001E-7,2.0E-7,6.0E-7,M3,1.735E-5,1.345E-6,2.0E-7,3.6050000000000002E-6,M3,1.735E-5,4.75E-6,2.8E-7,2.0E-7,M3,1.743E-5,4.75E-6,2.0E-7,6.0E-7,M3,4.6E-7,1.4930000000000001E-5,2.0E-7,6.0E-7,M3,4.6E-7,1.137E-5,2.0E-7,3.76E-6,M3,2.0E-7,1.137E-5,4.6E-7,2.0E-7,M3,2.0E-7,1.097E-5,2.0E-7,6.0E-7,M3,1.469E-5,3.52E-6,7.2E-7,3.2E-7,M3,2.4635E-5,1.124E-5,7.2E-7,3.2E-7,M3,2.0545E-5,1.124E-5,7.2E-7,3.2E-7,M3,2.0745000000000002E-5,3.52E-6,3.2E-7,1.12E-6,M3,2.0745000000000002E-5,3.52E-6,1.12E-6,3.2E-7,M3,4.55E-5,1.097E-5,2.0E-7,6.0E-7,M3,4.524E-5,1.137E-5,4.6E-7,2.0E-7,M3,4.524E-5,1.137E-5,2.0E-7,3.76E-6,M3,4.524E-5,1.4930000000000001E-5,2.0E-7,6.0E-7,M3,2.392E-5,1.373E-5,1.12E-6,3.2E-7,M3,2.392E-5,1.293E-5,3.2E-7,1.12E-6,M3,2.4745E-5,1.373E-5,7.2E-7,3.2E-7,M3,2.8270000000000002E-5,4.75E-6,2.0E-7,6.0E-7,M3,2.8270000000000002E-5,4.75E-6,2.8E-7,2.0E-7,M3,2.8290000000000002E-5,3.89E-6,3.2E-7,1.12E-6,M3,2.749E-5,4.69E-6,1.12E-6,3.2E-7,M3,2.8290000000000002E-5,8.85E-7,3.2E-7,7.2E-7,M4,1.469E-5,3.52E-6,7.2E-7,3.2E-7,M4,2.4035E-5,3.52E-6,1.12E-6,3.2E-7,M4,2.4835000000000002E-5,3.52E-6,3.2E-7,1.12E-6,M4,2.4895E-5,3.58E-6,2.0E-7,7.92E-6,M4,2.4695E-5,1.13E-5,6.0E-7,2.0E-7,M4,2.0605E-5,1.13E-5,6.0E-7,2.0E-7,M4,2.0805E-5,3.58E-6,2.0E-7,7.92E-6,M4,2.0805E-5,3.58E-6,2.0E-7,1.0E-6,M4,2.0805E-5,3.58E-6,1.0E-6,2.0E-7,M4,2.398E-5,1.379E-5,1.0E-6,2.0E-7,M4,2.398E-5,1.2990000000000001E-5,2.0E-7,1.0E-6,M4,2.398E-5,1.379E-5,1.2250000000000001E-6,2.0E-7,M4,2.4805E-5,1.379E-5,6.0E-7,2.0E-7,M4,2.835E-5,3.95E-6,2.0E-7,1.0E-6,M4,2.7550000000000002E-5,4.75E-6,1.0E-6,2.0E-7,M4,2.835E-5,1.345E-6,2.0E-7,3.6050000000000002E-6,M4,2.835E-5,9.450000000000001E-7,2.0E-7,6.0E-7,M5,1.469E-5,3.52E-6,7.2E-7,3.2E-7,M5,2.4035E-5,3.52E-6,1.12E-6,3.2E-7,M5,2.4835000000000002E-5,3.52E-6,3.2E-7,1.12E-6,M6,1.4750000000000001E-5,3.58E-6,6.0E-7,2.0E-7,M6,1.515E-5,3.58E-6,9.945E-6,2.0E-7,M6,2.4095E-5,3.58E-6,1.0E-6,2.0E-7,M6,2.4895E-5,3.58E-6,2.0E-7,1.0E-6,
M1,1.525E-5,1.3695E-5,5.14E-6,1.6E-7,M1,1.551E-5,1.805E-6,4.62E-6,1.6E-7,M1,2.6530000000000002E-5,4.385E-6,6.4E-7,2.4000000000000003E-7,M1,1.452E-5,3.59E-6,6.4E-7,2.4000000000000003E-7,M1,1.119E-5,4.77E-6,1.6E-7,9.55E-7,M1,9.43E-6,5.565E-6,1.9200000000000003E-6,1.6E-7,M1,3.4960000000000004E-5,2.0775E-5,2.4000000000000003E-7,6.4E-7,M1,3.522E-5,1.6815E-5,2.4000000000000003E-7,6.4E-7,M1,1.435E-5,1.2495E-5,2.1E-7,1.6E-7,M1,1.4400000000000001E-5,1.1935E-5,1.6E-7,7.2E-7,M1,2.429E-5,4.77E-6,5.2E-7,1.6E-7,M1,2.465E-5,1.365E-6,1.6E-7,3.565E-6,M1,8.47E-6,4.385E-6,6.4E-7,2.4000000000000003E-7,M1,2.048E-5,3.59E-6,6.4E-7,2.4000000000000003E-7,M1,4.4E-7,2.0775E-5,2.4000000000000003E-7,6.4E-7,M1,1.8E-7,1.6815E-5,2.4000000000000003E-7,6.4E-7,M1,1.61E-6,2.0335E-5,2.4000000000000003E-7,6.4E-7,M1,1.6900000000000001E-6,7.2E-7,2.4000000000000003E-7,6.4E-7,M1,2.321E-5,1.365E-6,2.4000000000000003E-7,6.4E-7,M1,2.746E-5,2.005E-6,2.4000000000000003E-7,6.4E-7,M1,8.45E-6,3.105E-6,6.4E-7,2.4000000000000003E-7,M1,2.655E-5,3.105E-6,6.4E-7,2.4000000000000003E-7,M1,2.052E-5,2.35E-6,2.3E-7,1.6E-7,M1,2.052E-5,2.35E-6,1.6E-7,1.44E-6,M1,1.489E-5,2.35E-6,2.3E-7,1.6E-7,M1,1.496E-5,2.35E-6,1.6E-7,1.44E-6,M1,1.876E-5,2.2270000000000002E-5,2.4000000000000003E-7,6.4E-7,M1,2.019E-5,1.3255000000000001E-5,2.4000000000000003E-7,6.4E-7,M1,2.108E-5,1.2495E-5,2.1E-7,1.6E-7,M1,2.108E-5,1.1935E-5,1.6E-7,7.2E-7,M1,1.668E-5,2.271E-5,2.28E-6,1.6E-7,M1,2.014E-5,9.075E-6,2.4000000000000003E-7,6.4E-7,M1,2.0235000000000002E-5,1.1895E-5,6.4E-7,2.4000000000000003E-7,M1,2.161E-5,1.9635E-5,6.4E-7,2.4000000000000003E-7,M1,2.144E-5,1.4215E-5,6.4E-7,2.4000000000000003E-7,M1,3.371E-5,7.2E-7,2.4000000000000003E-7,6.4E-7,M1,3.379E-5,2.0335E-5,2.4000000000000003E-7,6.4E-7,M1,8.34E-6,1.9635E-5,6.4E-7,2.4000000000000003E-7,M1,1.356E-5,1.1895E-5,6.4E-7,2.4000000000000003E-7,M1,1.219E-5,1.365E-6,2.4000000000000003E-7,6.4E-7,M1,7.94E-6,2.005E-6,2.4000000000000003E-7,6.4E-7,M1,2.601E-5,5.5250000000000005E-6,2.4000000000000003E-7,6.4E-7,M1,2.425E-5,4.7300000000000005E-6,2.4000000000000003E-7,6.4E-7,M1,1.083E-5,4.77E-6,5.2E-7,1.6E-7,M1,1.083E-5,1.365E-6,1.6E-7,3.565E-6,M1,1.526E-5,9.075E-6,2.4000000000000003E-7,6.4E-7,M1,1.4765E-5,1.1895E-5,6.4E-7,2.4000000000000003E-7,M2,2.6490000000000002E-5,4.345E-6,7.2E-7,3.2E-7,M2,1.448E-5,3.55E-6,7.2E-7,3.2E-7,M2,3.492E-5,2.0735E-5,3.2E-7,7.2E-7,M2,3.518E-5,1.6775E-5,3.2E-7,7.2E-7,M2,8.43E-6,4.345E-6,7.2E-7,3.2E-7,M2,2.044E-5,3.55E-6,7.2E-7,3.2E-7,M2,4.0E-7,2.0735E-5,3.2E-7,7.2E-7,M2,1.4E-7,1.6775E-5,3.2E-7,7.2E-7,M2,1.63E-6,2.0355E-5,2.0E-7,6.0E-7,M2,1.63E-6,7.4E-7,2.0E-7,1.9815E-5,M2,1.57E-6,6.800000000000001E-7,3.2E-7,1.12E-6,M2,1.57E-6,6.800000000000001E-7,1.12E-6,3.2E-7,M2,1.65E-6,6.800000000000001E-7,3.2E-7,7.2E-7,M2,2.323E-5,1.385E-6,2.0E-7,6.0E-7,M2,2.323E-5,1.785E-6,4.45E-6,2.0E-7,M2,2.748E-5,1.785E-6,2.0E-7,8.4E-7,M2,2.748E-5,2.025E-6,2.0E-7,6.0E-7,M2,8.47E-6,3.125E-6,6.0E-7,2.0E-7,M2,8.87E-6,3.125E-6,1.79E-5,2.0E-7,M2,2.657E-5,3.125E-6,6.0E-7,2.0E-7,M2,1.878E-5,2.2290000000000002E-5,2.0E-7,6.0E-7,M2,1.878E-5,1.3675E-5,2.0E-7,9.215E-6,M2,1.878E-5,1.3675E-5,1.63E-6,2.0E-7,M2,2.021E-5,1.3275E-5,2.0E-7,6.0E-7,M2,2.016E-5,9.095E-6,2.0E-7,6.0E-7,M2,2.016E-5,9.495E-6,2.0E-7,2.62E-6,M2,2.016E-5,1.1915E-5,4.95E-7,2.0E-7,M2,2.0255000000000002E-5,1.1915E-5,6.0E-7,2.0E-7,M2,2.163E-5,1.9655E-5,6.0E-7,2.0E-7,M2,2.183E-5,1.4235E-5,2.0E-7,5.62E-6,M2,2.166E-5,1.4235E-5,3.7E-7,2.0E-7,M2,2.146E-5,1.4235E-5,6.0E-7,2.0E-7,M2,3.367E-5,6.800000000000001E-7,3.2E-7,7.2E-7,M2,3.375E-5,2.0295E-5,3.2E-7,7.2E-7,M2,8.36E-6,1.9655E-5,6.0E-7,2.0E-7,M2,8.56E-6,1.1915E-5,2.0E-7,7.94E-6,M2,8.56E-6,1.1915E-5,5.42E-6,2.0E-7,M2,1.358E-5,1.1915E-5,6.0E-7,2.0E-7,M2,1.221E-5,1.385E-6,2.0E-7,6.0E-7,M2,7.96E-6,1.785E-6,4.45E-6,2.0E-7,M2,7.96E-6,1.785E-6,2.0E-7,8.4E-7,M2,7.96E-6,2.025E-6,2.0E-7,6.0E-7,M2,2.603E-5,5.545E-6,2.0E-7,6.0E-7,M2,2.427E-5,5.545E-6,1.96E-6,2.0E-7,M2,2.427E-5,4.75E-6,2.0E-7,9.95E-7,M2,2.427E-5,4.75E-6,2.0E-7,6.0E-7,M2,1.528E-5,9.095E-6,2.0E-7,6.0E-7,M2,1.528E-5,9.495E-6,2.0E-7,2.62E-6,M2,1.4985E-5,1.1915E-5,4.95E-7,2.0E-7,M2,1.4785E-5,1.1915E-5,6.0E-7,2.0E-7,M3,2.6490000000000002E-5,4.345E-6,7.2E-7,3.2E-7,M3,1.448E-5,3.55E-6,7.2E-7,3.2E-7,M3,3.498E-5,2.0795E-5,2.0E-7,6.0E-7,M3,3.498E-5,2.0795E-5,4.6E-7,2.0E-7,M3,3.524E-5,1.7235E-5,2.0E-7,3.76E-6,M3,3.524E-5,1.6835E-5,2.0E-7,6.0E-7,M3,8.43E-6,4.345E-6,7.2E-7,3.2E-7,M3,2.044E-5,3.55E-6,7.2E-7,3.2E-7,M3,4.6E-7,2.0795E-5,2.0E-7,6.0E-7,M3,2.0E-7,2.0795E-5,4.6E-7,2.0E-7,M3,2.0E-7,1.7235E-5,2.0E-7,3.76E-6,M3,2.0E-7,1.6835E-5,2.0E-7,6.0E-7,M3,1.57E-6,6.800000000000001E-7,3.2E-7,1.12E-6,M3,1.57E-6,6.800000000000001E-7,1.12E-6,3.2E-7,M3,1.65E-6,6.800000000000001E-7,3.2E-7,7.2E-7,M3,3.367E-5,6.800000000000001E-7,3.2E-7,7.2E-7,M3,3.375E-5,2.0295E-5,3.2E-7,7.2E-7,M4,2.6490000000000002E-5,4.345E-6,7.2E-7,3.2E-7,M4,1.448E-5,3.55E-6,7.2E-7,3.2E-7,M4,8.49E-6,4.405E-6,6.0E-7,2.0E-7,M4,8.89E-6,4.405E-6,1.181E-5,2.0E-7,M4,2.05E-5,3.61E-6,2.0E-7,9.95E-7,M4,2.05E-5,3.61E-6,6.0E-7,2.0E-7,M4,1.63E-6,7.4E-7,2.0E-7,1.0E-6,M4,1.63E-6,7.4E-7,1.0E-6,2.0E-7,M4,1.63E-6,7.4E-7,2.8E-7,2.0E-7,M4,1.71E-6,7.4E-7,2.0E-7,6.0E-7,M4,3.367E-5,6.800000000000001E-7,3.2E-7,7.2E-7,M4,3.367E-5,2.0295E-5,1.12E-6,3.2E-7,M4,3.367E-5,1.9495E-5,3.2E-7,1.12E-6,M4,3.3730000000000004E-5,2.0355E-5,2.8E-7,2.0E-7,M4,3.381E-5,2.0355E-5,2.0E-7,6.0E-7,M5,2.655E-5,4.405E-6,6.0E-7,2.0E-7,M5,1.4940000000000001E-5,4.405E-6,1.181E-5,2.0E-7,M5,1.4940000000000001E-5,3.61E-6,2.0E-7,9.95E-7,M5,1.454E-5,3.61E-6,6.0E-7,2.0E-7,M5,3.3730000000000004E-5,7.4E-7,2.0E-7,6.0E-7,M5,3.3730000000000004E-5,7.4E-7,2.0E-7,1.9815E-5,M5,3.3730000000000004E-5,2.0355E-5,1.0E-6,2.0E-7,M5,3.3730000000000004E-5,1.9555E-5,2.0E-7,1.0E-6,
M1,2.1040000000000002E-5,1.045E-6,1.9200000000000003E-6,1.6E-7,M1,2.597E-5,2.35E-6,1.6E-7,8.900000000000001E-7,M1,9.145E-6,3.08E-6,1.6985E-5,1.6E-7,M1,9.145E-6,3.08E-6,1.6E-7,6.2E-7,M1,1.118E-5,1.8415E-5,2.4000000000000003E-7,6.4E-7,M1,1.328E-5,1.301E-5,2.4000000000000003E-7,6.4E-7,M1,1.328E-5,1.301E-5,2.4000000000000003E-7,6.4E-7,M1,3.048E-5,1.301E-5,2.4000000000000003E-7,6.4E-7,M1,1.3855E-5,1.147E-5,3.825E-6,1.6E-7,M1,1.7480000000000002E-5,1.063E-5,2.4000000000000003E-7,1.04E-6,M1,1.668E-5,1.143E-5,1.04E-6,2.4000000000000003E-7,M1,1.7480000000000002E-5,8.61E-6,2.4000000000000003E-7,6.4E-7,M1,1.38E-5,1.143E-5,6.4E-7,2.4000000000000003E-7,M1,1.308E-5,1.9515000000000002E-5,6.4E-7,2.4000000000000003E-7,M1,6.78E-6,1.6415E-5,2.4000000000000003E-7,6.4E-7,M1,6.57E-6,5.2E-7,2.4000000000000003E-7,6.4E-7,M1,3.698E-5,1.6415E-5,2.4000000000000003E-7,6.4E-7,M1,3.719E-5,5.2E-7,2.4000000000000003E-7,6.4E-7,M1,4.4E-7,1.6855E-5,2.4000000000000003E-7,6.4E-7,M1,1.8E-7,1.2895000000000001E-5,2.4000000000000003E-7,6.4E-7,M1,1.384E-5,1.147E-5,3.85E-7,1.6E-7,M1,1.4065E-5,1.147E-5,1.6E-7,8.6E-7,M1,1.4065E-5,1.217E-5,2.95E-7,1.6E-7,M1,3.048E-5,1.301E-5,2.4000000000000003E-7,6.4E-7,M1,3.258E-5,1.8415E-5,2.4000000000000003E-7,6.4E-7,M1,1.763E-5,2.31E-6,6.4E-7,2.4000000000000003E-7,M1,3.4455E-5,3.5E-6,6.4E-7,2.4000000000000003E-7,M1,3.246E-5,4.68E-6,1.6E-7,2.5E-7,M1,3.07E-5,4.77E-6,1.9200000000000003E-6,1.6E-7,M1,4.358E-5,1.2895000000000001E-5,2.4000000000000003E-7,6.4E-7,M1,4.332E-5,1.6855E-5,2.4000000000000003E-7,6.4E-7,M1,1.9980000000000002E-5,2.0E-8,6.4E-7,2.4000000000000003E-7,M1,1.6800000000000002E-5,3.59E-6,6.4E-7,2.4000000000000003E-7,M1,1.366E-5,3.63E-6,3.54E-6,1.6E-7,M1,1.367E-5,2.0E-8,6.4E-7,2.4000000000000003E-7,M1,2.9690000000000002E-5,2.22E-6,6.4E-7,2.4000000000000003E-7,M1,3.028E-5,1.9515000000000002E-5,6.4E-7,2.4000000000000003E-7,M1,2.956E-5,1.143E-5,6.4E-7,2.4000000000000003E-7,M1,2.769E-5,9.49E-6,1.9E-7,1.6E-7,M1,2.765E-5,9.450000000000001E-6,1.04E-6,2.4000000000000003E-7,M1,2.765E-5,8.65E-6,2.4000000000000003E-7,1.04E-6,M1,2.765E-5,5.65E-7,2.4000000000000003E-7,6.4E-7,M1,2.338E-5,2.0E-8,6.4E-7,2.4000000000000003E-7,M1,2.656E-5,3.59E-6,6.4E-7,2.4000000000000003E-7,M1,2.68E-5,3.63E-6,3.54E-6,1.6E-7,M1,2.964E-5,1.217E-5,3.8E-7,1.6E-7,M1,2.9860000000000002E-5,1.147E-5,1.6E-7,8.6E-7,M1,2.9860000000000002E-5,1.147E-5,2.9000000000000003E-7,1.6E-7,M1,2.6320000000000002E-5,1.147E-5,3.825E-6,1.6E-7,M1,2.628E-5,1.143E-5,1.04E-6,2.4000000000000003E-7,M1,2.628E-5,1.063E-5,2.4000000000000003E-7,1.04E-6,M1,2.628E-5,8.61E-6,2.4000000000000003E-7,6.4E-7,M1,1.2640000000000001E-5,1.76E-6,1.6E-7,2.05E-7,M1,1.2640000000000001E-5,1.805E-6,5.14E-6,1.6E-7,M1,1.611E-5,5.65E-7,2.4000000000000003E-7,6.4E-7,M1,1.611E-5,8.65E-6,2.4000000000000003E-7,1.04E-6,M1,1.531E-5,9.450000000000001E-6,1.04E-6,2.4000000000000003E-7,M1,1.612E-5,9.49E-6,1.9E-7,1.6E-7,M1,2.618E-5,1.365E-6,2.4000000000000003E-7,6.4E-7,M1,3.116E-5,1.32E-6,2.4000000000000003E-7,6.4E-7,M1,1.138E-5,4.68E-6,1.6E-7,2.5E-7,M1,1.138E-5,4.77E-6,1.9200000000000003E-6,1.6E-7,M2,1.12E-5,1.8435E-5,2.0E-7,6.0E-7,M2,1.12E-5,1.343E-5,2.0E-7,5.605E-6,M2,1.12E-5,1.343E-5,2.3E-6,2.0E-7,M2,1.33E-5,1.303E-5,2.0E-7,6.0E-7,M2,1.33E-5,1.303E-5,2.0E-7,6.0E-7,M2,1.33E-5,1.343E-5,1.74E-5,2.0E-7,M2,3.05E-5,1.303E-5,2.0E-7,6.0E-7,M2,1.7500000000000002E-5,1.065E-5,2.0E-7,1.0E-6,M2,1.67E-5,1.145E-5,1.0E-6,2.0E-7,M2,1.7500000000000002E-5,9.03E-6,2.0E-7,2.62E-6,M2,1.7500000000000002E-5,8.63E-6,2.0E-7,6.0E-7,M2,1.376E-5,1.1390000000000001E-5,7.2E-7,3.2E-7,M2,1.304E-5,1.9475E-5,7.2E-7,3.2E-7,M2,6.74E-6,1.6375E-5,3.2E-7,7.2E-7,M2,5.94E-6,4.800000000000001E-7,1.12E-6,3.2E-7,M2,6.74E-6,4.800000000000001E-7,3.2E-7,1.12E-6,M2,6.5900000000000004E-6,5.4E-7,4.1E-7,2.0E-7,M2,6.5900000000000004E-6,5.4E-7,2.0E-7,6.0E-7,M2,3.694E-5,1.6375E-5,3.2E-7,7.2E-7,M2,3.694E-5,4.800000000000001E-7,3.2E-7,1.12E-6,M2,3.694E-5,4.800000000000001E-7,1.12E-6,3.2E-7,M2,3.7E-5,5.4E-7,4.1E-7,2.0E-7,M2,3.721E-5,5.4E-7,2.0E-7,6.0E-7,M2,4.0E-7,1.6815E-5,3.2E-7,7.2E-7,M2,1.4E-7,1.2855E-5,3.2E-7,7.2E-7,M2,3.05E-5,1.303E-5,2.0E-7,6.0E-7,M2,3.05E-5,1.343E-5,2.0E-7,5.605E-6,M2,3.05E-5,1.8835000000000002E-5,2.3E-6,2.0E-7,M2,3.26E-5,1.8435E-5,2.0E-7,6.0E-7,M2,1.765E-5,2.33E-6,6.0E-7,2.0E-7,M2,1.785E-5,2.33E-6,2.0E-7,9.3E-7,M2,1.785E-5,3.06E-6,1.7025E-5,2.0E-7,M2,3.4675E-5,3.06E-6,2.0E-7,6.6E-7,M2,3.4475E-5,3.52E-6,6.0E-7,2.0E-7,M2,4.36E-5,1.2915000000000001E-5,2.0E-7,6.0E-7,M2,4.334E-5,1.3315E-5,4.6E-7,2.0E-7,M2,4.334E-5,1.3315E-5,2.0E-7,3.76E-6,M2,4.334E-5,1.6875E-5,2.0E-7,6.0E-7,M2,1.994E-5,-2.0E-8,7.2E-7,3.2E-7,M2,1.676E-5,3.55E-6,7.2E-7,3.2E-7,M2,1.363E-5,-2.0E-8,7.2E-7,3.2E-7,M2,2.965E-5,2.18E-6,7.2E-7,3.2E-7,M2,3.0240000000000002E-5,1.9475E-5,7.2E-7,3.2E-7,M2,2.9520000000000002E-5,1.1390000000000001E-5,7.2E-7,3.2E-7,M2,2.761E-5,9.41E-6,1.12E-6,3.2E-7,M2,2.761E-5,8.61E-6,3.2E-7,1.12E-6,M2,2.761E-5,5.250000000000001E-7,3.2E-7,7.2E-7,M2,2.334E-5,-2.0E-8,7.2E-7,3.2E-7,M2,2.652E-5,3.55E-6,7.2E-7,3.2E-7,M2,2.63E-5,1.145E-5,1.0E-6,2.0E-7,M2,2.63E-5,1.065E-5,2.0E-7,1.0E-6,M2,2.63E-5,9.03E-6,2.0E-7,2.62E-6,M2,2.63E-5,8.63E-6,2.0E-7,6.0E-7,M2,1.613E-5,5.85E-7,2.0E-7,6.0E-7,M2,1.613E-5,5.85E-7,2.0E-7,9.085E-6,M2,1.613E-5,8.67E-6,2.0E-7,1.0E-6,M2,1.533E-5,9.47E-6,1.0E-6,2.0E-7,M2,2.614E-5,1.325E-6,3.2E-7,7.2E-7,M2,3.112E-5,1.28E-6,3.2E-7,7.2E-7,M3,1.382E-5,1.145E-5,6.0E-7,2.0E-7,M3,1.382E-5,1.145E-5,2.0E-7,8.285E-6,M3,1.35E-5,1.9535000000000002E-5,5.2E-7,2.0E-7,M3,1.31E-5,1.9535000000000002E-5,6.0E-7,2.0E-7,M3,6.8E-6,1.6435E-5,2.0E-7,6.0E-7,M3,6.8E-6,5.4E-7,2.0E-7,1.6095E-5,M3,6.0E-6,5.4E-7,1.0E-6,2.0E-7,M3,6.8E-6,5.4E-7,2.0E-7,1.0E-6,M3,3.7E-5,1.6435E-5,2.0E-7,6.0E-7,M3,3.7E-5,5.4E-7,2.0E-7,1.6095E-5,M3,3.7E-5,5.4E-7,2.0E-7,1.0E-6,M3,3.7E-5,5.4E-7,1.0E-6,2.0E-7,M3,4.0E-7,1.6815E-5,3.2E-7,7.2E-7,M3,1.4E-7,1.2855E-5,3.2E-7,7.2E-7,M3,1.994E-5,-2.0E-8,7.2E-7,3.2E-7,M3,2.0340000000000002E-5,2.75E-6,3.2E-7,1.12E-6,M3,1.954E-5,3.55E-6,1.12E-6,3.2E-7,M3,1.702E-5,3.61E-6,3.58E-6,2.0E-7,M3,1.682E-5,3.61E-6,6.0E-7,2.0E-7,M3,1.3690000000000001E-5,4.0E-8,6.0E-7,2.0E-7,M3,1.409E-5,4.0E-8,2.0E-7,2.4E-6,M3,1.409E-5,2.24E-6,1.582E-5,2.0E-7,M3,2.9710000000000002E-5,2.24E-6,6.0E-7,2.0E-7,M3,3.0240000000000002E-5,1.9475E-5,7.2E-7,3.2E-7,M3,2.944E-5,1.1390000000000001E-5,1.12E-6,3.2E-7,M3,3.0240000000000002E-5,1.1390000000000001E-5,3.2E-7,1.12E-6,M3,2.998E-5,1.145E-5,5.2E-7,2.0E-7,M3,2.958E-5,1.145E-5,6.0E-7,2.0E-7,M3,2.761E-5,9.41E-6,1.12E-6,3.2E-7,M3,2.761E-5,8.61E-6,3.2E-7,1.12E-6,M3,2.761E-5,5.250000000000001E-7,3.2E-7,7.2E-7,M3,2.334E-5,-2.0E-8,7.2E-7,3.2E-7,M3,2.334E-5,3.55E-6,1.12E-6,3.2E-7,M3,2.334E-5,2.75E-6,3.2E-7,1.12E-6,M3,2.34E-5,3.61E-6,3.58E-6,2.0E-7,M3,2.658E-5,3.61E-6,6.0E-7,2.0E-7,M3,2.62E-5,1.385E-6,2.0E-7,6.0E-7,M3,2.62E-5,1.785E-6,5.18E-6,2.0E-7,M3,3.118E-5,1.74E-6,2.0E-7,2.45E-7,M3,3.118E-5,1.34E-6,2.0E-7,6.0E-7,M4,4.6E-7,1.6875E-5,2.0E-7,6.0E-7,M4,4.6E-7,1.3315E-5,2.0E-7,3.76E-6,M4,2.0E-7,1.3315E-5,4.6E-7,2.0E-7,M4,2.0E-7,1.2915000000000001E-5,2.0E-7,6.0E-7,M4,2.0E-5,4.0E-8,6.0E-7,2.0E-7,M4,2.04E-5,4.0E-8,2.0E-7,3.77E-6,M4,2.04E-5,2.81E-6,2.0E-7,1.0E-6,M4,1.9600000000000002E-5,3.61E-6,1.0E-6,2.0E-7,M4,3.03E-5,1.9535000000000002E-5,6.0E-7,2.0E-7,M4,3.03E-5,1.145E-5,2.0E-7,8.285E-6,M4,2.9500000000000002E-5,1.145E-5,1.0E-6,2.0E-7,M4,3.03E-5,1.145E-5,2.0E-7,1.0E-6,M4,2.767E-5,9.47E-6,1.0E-6,2.0E-7,M4,2.767E-5,8.67E-6,2.0E-7,1.0E-6,M4,2.767E-5,5.85E-7,2.0E-7,9.085E-6,M4,2.767E-5,5.85E-7,2.0E-7,6.0E-7,M4,2.34E-5,4.0E-8,6.0E-7,2.0E-7,M4,2.34E-5,4.0E-8,2.0E-7,3.77E-6,M4,2.34E-5,3.61E-6,1.0E-6,2.0E-7,M4,2.34E-5,2.81E-6,2.0E-7,1.0E-6,
M1,8.390000000000001E-6,7.2E-7,2.4000000000000003E-7,6.4E-7,M1,7.5500000000000006E-6,1.99E-5,2.4000000000000003E-7,6.4E-7,M1,1.798E-5,1.805E-6,1.9200000000000003E-6,1.6E-7,M1,1.266E-5,1.7125E-5,6.4E-7,2.4000000000000003E-7,M1,1.286E-5,1.84E-5,2.4000000000000003E-7,1.04E-6,M1,1.206E-5,1.92E-5,1.04E-6,2.4000000000000003E-7,M1,1.2805E-5,1.924E-5,2.55E-7,1.6E-7,M1,2.387E-5,1.4565E-5,6.4E-7,2.4000000000000003E-7,M1,2.238E-5,1.1745E-5,2.4000000000000003E-7,6.4E-7,M1,2.304E-5,1.365E-6,2.4000000000000003E-7,6.4E-7,M1,2.766E-5,2.58E-6,2.4000000000000003E-7,6.4E-7,M1,2.877E-5,4.96E-6,6.4E-7,2.4000000000000003E-7,M1,1.201E-5,1.3285E-5,6.4E-7,2.4000000000000003E-7,M1,3.72E-5,2.0340000000000002E-5,2.4000000000000003E-7,6.4E-7,M1,3.7460000000000004E-5,1.638E-5,2.4000000000000003E-7,6.4E-7,M1,1.115E-5,6.1E-6,2.4000000000000003E-7,6.4E-7,M1,1.3170000000000001E-5,9.25E-7,2.4000000000000003E-7,6.4E-7,M1,3.009E-5,1.99E-5,2.4000000000000003E-7,6.4E-7,M1,2.925E-5,7.2E-7,2.4000000000000003E-7,6.4E-7,M1,4.4E-7,2.0340000000000002E-5,2.4000000000000003E-7,6.4E-7,M1,1.8E-7,1.638E-5,2.4000000000000003E-7,6.4E-7,M1,1.452E-5,2.2325E-5,8.84E-6,1.6E-7,M1,9.980000000000001E-6,2.58E-6,2.4000000000000003E-7,6.4E-7,M1,1.46E-5,1.365E-6,2.4000000000000003E-7,6.4E-7,M1,1.448E-5,2.1885E-5,2.4000000000000003E-7,6.4E-7,M1,1.426E-5,1.6445E-5,6.4E-7,2.4000000000000003E-7,M1,1.345E-5,1.6485E-5,1.21E-6,1.6E-7,M1,1.337E-5,1.4565E-5,6.4E-7,2.4000000000000003E-7,M1,1.526E-5,1.1745E-5,2.4000000000000003E-7,6.4E-7,M1,8.27E-6,4.96E-6,6.4E-7,2.4000000000000003E-7,M1,2.523E-5,1.3285E-5,6.4E-7,2.4000000000000003E-7,M1,2.641E-5,2.0E-8,6.4E-7,2.4000000000000003E-7,M1,9.285E-6,2.0E-8,6.4E-7,2.4000000000000003E-7,M1,9.43E-6,6.1400000000000005E-6,1.9200000000000003E-6,1.6E-7,M1,2.3160000000000002E-5,2.1885E-5,2.4000000000000003E-7,6.4E-7,M1,2.298E-5,1.6445E-5,6.4E-7,2.4000000000000003E-7,M1,2.322E-5,1.6485E-5,1.21E-6,1.6E-7,M1,1.489E-5,2.35E-6,2.3E-7,1.6E-7,M1,1.496E-5,2.35E-6,1.6E-7,2.81E-6,M1,2.4915E-5,1.7165E-5,1.6E-7,2.235E-6,M1,2.482E-5,1.7165E-5,2.55E-7,1.6E-7,M1,2.6490000000000002E-5,6.1E-6,2.4000000000000003E-7,6.4E-7,M1,2.447E-5,9.25E-7,2.4000000000000003E-7,6.4E-7,M1,2.4885E-5,1.4565E-5,6.4E-7,2.4000000000000003E-7,M1,2.513E-5,1.5245E-5,2.4000000000000003E-7,6.4E-7,M1,2.6530000000000002E-5,6.1400000000000005E-6,1.9200000000000003E-6,1.6E-7,M1,1.2355E-5,1.4565E-5,6.4E-7,2.4000000000000003E-7,M1,1.251E-5,1.5245E-5,2.4000000000000003E-7,6.4E-7,M1,2.276E-5,2.35E-6,2.3E-7,1.6E-7,M1,2.276E-5,2.35E-6,1.6E-7,2.81E-6,M2,8.35E-6,6.800000000000001E-7,3.2E-7,7.2E-7,M2,7.51E-6,6.800000000000001E-7,3.2E-7,1.12E-6,M2,7.51E-6,6.800000000000001E-7,1.12E-6,3.2E-7,M2,7.57E-6,7.4E-7,2.0E-7,1.938E-5,M2,7.57E-6,1.992E-5,2.0E-7,6.0E-7,M2,1.262E-5,1.7085E-5,7.2E-7,3.2E-7,M2,1.2820000000000001E-5,1.836E-5,3.2E-7,1.12E-6,M2,1.202E-5,1.916E-5,1.12E-6,3.2E-7,M2,2.389E-5,1.4585E-5,6.0E-7,2.0E-7,M2,2.389E-5,1.2165E-5,2.0E-7,2.62E-6,M2,2.24E-5,1.2165E-5,1.6900000000000001E-6,2.0E-7,M2,2.24E-5,1.1765E-5,2.0E-7,6.0E-7,M2,2.3E-5,1.325E-6,3.2E-7,7.2E-7,M2,2.762E-5,2.5400000000000002E-6,3.2E-7,7.2E-7,M2,2.873E-5,4.92E-6,7.2E-7,3.2E-7,M2,1.197E-5,1.3245000000000001E-5,7.2E-7,3.2E-7,M2,3.722E-5,2.036E-5,2.0E-7,6.0E-7,M2,3.722E-5,2.036E-5,4.6E-7,2.0E-7,M2,3.748E-5,1.6800000000000002E-5,2.0E-7,3.76E-6,M2,3.748E-5,1.64E-5,2.0E-7,6.0E-7,M2,1.117E-5,6.12E-6,2.0E-7,6.0E-7,M2,1.117E-5,1.345E-6,2.0E-7,4.975E-6,M2,1.117E-5,1.345E-6,2.22E-6,2.0E-7,M2,1.319E-5,9.450000000000001E-7,2.0E-7,6.0E-7,M2,3.0050000000000002E-5,1.986E-5,3.2E-7,7.2E-7,M2,2.921E-5,6.800000000000001E-7,3.2E-7,7.2E-7,M2,4.6E-7,2.036E-5,2.0E-7,6.0E-7,M2,2.0E-7,2.036E-5,4.6E-7,2.0E-7,M2,2.0E-7,1.6800000000000002E-5,2.0E-7,3.76E-6,M2,2.0E-7,1.64E-5,2.0E-7,6.0E-7,M2,9.94E-6,2.5400000000000002E-6,3.2E-7,7.2E-7,M2,1.456E-5,1.325E-6,3.2E-7,7.2E-7,M2,1.45E-5,2.1905E-5,2.0E-7,6.0E-7,M2,1.45E-5,1.6465E-5,2.0E-7,6.04E-6,M2,1.448E-5,1.6465E-5,2.2E-7,2.0E-7,M2,1.428E-5,1.6465E-5,6.0E-7,2.0E-7,M2,1.339E-5,1.4585E-5,6.0E-7,2.0E-7,M2,1.379E-5,1.2165E-5,2.0E-7,2.62E-6,M2,1.379E-5,1.2165E-5,1.6900000000000001E-6,2.0E-7,M2,1.528E-5,1.1765E-5,2.0E-7,6.0E-7,M2,8.23E-6,4.92E-6,7.2E-7,3.2E-7,M2,2.519E-5,1.3245000000000001E-5,7.2E-7,3.2E-7,M2,2.643E-5,4.0E-8,6.0E-7,2.0E-7,M2,9.505E-6,4.0E-8,1.7125E-5,2.0E-7,M2,9.305E-6,4.0E-8,6.0E-7,2.0E-7,M2,2.318E-5,2.1905E-5,2.0E-7,6.0E-7,M2,2.318E-5,1.6465E-5,2.0E-7,6.04E-6,M2,2.318E-5,1.6465E-5,2.2E-7,2.0E-7,M2,2.3E-5,1.6465E-5,6.0E-7,2.0E-7,M2,2.6510000000000002E-5,6.12E-6,2.0E-7,6.0E-7,M2,2.6510000000000002E-5,1.345E-6,2.0E-7,4.975E-6,M2,2.449E-5,1.345E-6,2.22E-6,2.0E-7,M2,2.449E-5,9.450000000000001E-7,2.0E-7,6.0E-7,M2,2.4905E-5,1.4585E-5,6.0E-7,2.0E-7,M2,2.5105E-5,1.4585E-5,2.0E-7,8.8E-7,M2,2.5105E-5,1.5265E-5,2.45E-7,2.0E-7,M2,2.515E-5,1.5265E-5,2.0E-7,6.0E-7,M2,1.2375000000000001E-5,1.4585E-5,6.0E-7,2.0E-7,M2,1.2575E-5,1.4585E-5,2.0E-7,8.8E-7,M2,1.253E-5,1.5265E-5,2.45E-7,2.0E-7,M2,1.253E-5,1.5265E-5,2.0E-7,6.0E-7,M3,8.41E-6,7.4E-7,2.0E-7,6.0E-7,M3,7.57E-6,7.4E-7,1.04E-6,2.0E-7,M3,7.57E-6,7.4E-7,2.0E-7,1.0E-6,M3,7.57E-6,7.4E-7,1.0E-6,2.0E-7,M3,1.268E-5,1.7145E-5,6.0E-7,2.0E-7,M3,1.288E-5,1.7145E-5,2.0E-7,2.2750000000000002E-6,M3,1.288E-5,1.842E-5,2.0E-7,1.0E-6,M3,1.208E-5,1.922E-5,1.0E-6,2.0E-7,M3,2.306E-5,1.385E-6,2.0E-7,6.0E-7,M3,2.306E-5,1.785E-6,2.0E-7,1.415E-6,M3,2.306E-5,3.0E-6,4.8200000000000004E-6,2.0E-7,M3,2.768E-5,2.6E-6,2.0E-7,6.0E-7,M3,2.879E-5,4.98E-6,6.0E-7,2.0E-7,M3,2.879E-5,4.98E-6,2.0E-7,8.525E-6,M3,2.873E-5,1.2445E-5,3.2E-7,1.12E-6,M3,2.7930000000000002E-5,1.3245000000000001E-5,1.12E-6,3.2E-7,M3,1.197E-5,1.3245000000000001E-5,7.2E-7,3.2E-7,M3,3.011E-5,1.992E-5,2.0E-7,6.0E-7,M3,3.011E-5,7.4E-7,2.0E-7,1.938E-5,M3,2.927E-5,7.4E-7,1.04E-6,2.0E-7,M3,2.927E-5,7.4E-7,2.0E-7,6.0E-7,M3,1.0E-5,2.6E-6,2.0E-7,6.0E-7,M3,1.0E-5,1.785E-6,2.0E-7,1.415E-6,M3,1.0E-5,1.785E-6,4.8200000000000004E-6,2.0E-7,M3,1.462E-5,1.385E-6,2.0E-7,6.0E-7,M3,8.23E-6,4.92E-6,7.2E-7,3.2E-7,M3,2.519E-5,1.3245000000000001E-5,7.2E-7,3.2E-7,M4,2.873E-5,1.2445E-5,3.2E-7,1.12E-6,M4,2.7930000000000002E-5,1.3245000000000001E-5,1.12E-6,3.2E-7,M4,1.197E-5,1.3245000000000001E-5,7.2E-7,3.2E-7,M4,8.23E-6,4.92E-6,7.2E-7,3.2E-7,M4,1.288E-5,4.92E-6,1.12E-6,3.2E-7,M4,1.368E-5,4.92E-6,3.2E-7,1.12E-6,M4,1.374E-5,4.98E-6,2.0E-7,6.415E-6,M4,1.368E-5,1.1135000000000001E-5,1.12E-6,3.2E-7,M4,1.368E-5,1.0335E-5,3.2E-7,1.12E-6,M4,2.459E-5,1.1135000000000001E-5,1.12E-6,3.2E-7,M4,2.539E-5,1.1135000000000001E-5,3.2E-7,1.12E-6,M4,2.5450000000000002E-5,1.1195E-5,2.0E-7,2.31E-6,M4,2.525E-5,1.3305E-5,6.0E-7,2.0E-7,M5,2.873E-5,1.2445E-5,3.2E-7,1.12E-6,M5,2.7930000000000002E-5,1.3245000000000001E-5,1.12E-6,3.2E-7,M5,1.197E-5,1.3245000000000001E-5,7.2E-7,3.2E-7,M5,8.23E-6,4.92E-6,7.2E-7,3.2E-7,M5,1.288E-5,4.92E-6,1.12E-6,3.2E-7,M5,1.368E-5,4.92E-6,3.2E-7,1.12E-6,M5,1.368E-5,1.1135000000000001E-5,1.12E-6,3.2E-7,M5,1.368E-5,1.0335E-5,3.2E-7,1.12E-6,M5,2.459E-5,1.1135000000000001E-5,1.12E-6,3.2E-7,M5,2.539E-5,1.1135000000000001E-5,3.2E-7,1.12E-6,M6,2.869E-5,1.1605E-5,4.0E-7,2.0E-6,M6,2.709E-5,1.3205E-5,2.0E-6,4.0E-7,M6,1.173E-5,1.3205E-5,1.2E-6,4.0E-7,M6,7.99E-6,4.88E-6,1.2E-6,4.0E-7,M6,1.204E-5,4.88E-6,2.0E-6,4.0E-7,M6,1.364E-5,4.88E-6,4.0E-7,2.0E-6,M6,1.374E-5,1.1195E-5,1.0E-6,2.0E-7,M6,1.374E-5,1.0395E-5,2.0E-7,1.0E-6,M6,1.374E-5,1.1195E-5,1.191E-5,2.0E-7,M6,2.465E-5,1.1195E-5,1.0E-6,2.0E-7,M6,2.5450000000000002E-5,1.1195E-5,2.0E-7,1.0E-6,M7,2.869E-5,1.1605E-5,4.0E-7,2.0E-6,M7,2.709E-5,1.3205E-5,2.0E-6,4.0E-7,M7,2.344E-5,1.3205E-5,1.2E-6,4.0E-7,M7,1.213E-5,1.3205E-5,1.2110000000000001E-5,4.0E-7,M7,1.173E-5,1.3205E-5,1.2E-6,4.0E-7,M7,7.99E-6,4.88E-6,1.2E-6,4.0E-7,M7,8.79E-6,4.88E-6,5.25E-6,4.0E-7,M7,1.204E-5,4.88E-6,2.0E-6,4.0E-7,M7,1.364E-5,4.88E-6,4.0E-7,2.0E-6,M8,2.869E-5,1.1605E-5,4.0E-7,2.0E-6,M8,2.709E-5,1.3205E-5,2.0E-6,4.0E-7,M8,2.3840000000000002E-5,1.3205E-5,5.25E-6,4.0E-7,M8,2.344E-5,1.3205E-5,1.2E-6,4.0E-7,
M1,1.359E-5,1.805E-6,7.34E-6,1.6E-7,M1,2.7380000000000002E-5,2.9E-6,6.4E-7,2.4000000000000003E-7,M1,6.5000000000000004E-6,2.9E-6,6.4E-7,2.4000000000000003E-7,M1,2.84E-5,1.8000000000000001E-6,2.4000000000000003E-7,6.4E-7,M1,2.4030000000000002E-5,1.365E-6,2.4000000000000003E-7,6.4E-7,M1,2.17E-5,5.36E-6,1.9200000000000003E-6,1.6E-7,M1,1.8E-7,1.6655E-5,2.4000000000000003E-7,6.4E-7,M1,4.4E-7,2.0615E-5,2.4000000000000003E-7,6.4E-7,M1,1.402E-5,1.2585E-5,2.05E-7,1.6E-7,M1,1.4065E-5,1.199E-5,1.6E-7,7.55E-7,M1,3.384E-5,2.0615E-5,2.4000000000000003E-7,6.4E-7,M1,3.41E-5,1.6655E-5,2.4000000000000003E-7,6.4E-7,M1,1.297E-5,2.35E-6,1.6E-7,2.03E-6,M1,1.297E-5,4.22E-6,3.7E-7,1.6E-7,M1,1.262E-5,5.32E-6,2.4000000000000003E-7,6.4E-7,M1,1.1760000000000001E-5,5.65E-7,2.4000000000000003E-7,6.4E-7,M1,9.94E-6,4.18E-6,6.4E-7,2.4000000000000003E-7,M1,1.999E-5,1.067E-5,6.4E-7,2.4000000000000003E-7,M1,2.139E-5,2.35E-6,1.6E-7,2.03E-6,M1,2.118E-5,4.22E-6,3.7E-7,1.6E-7,M1,3.252E-5,7.6E-7,1.6E-7,7.4E-7,M1,3.248E-5,1.1E-6,2.4000000000000003E-7,6.4E-7,M1,3.2670000000000004E-5,2.0175E-5,2.4000000000000003E-7,6.4E-7,M1,9.18E-6,4.88E-6,2.4000000000000003E-7,6.4E-7,M1,1.28E-5,1.2985E-5,2.4000000000000003E-7,6.4E-7,M1,1.09E-5,5.36E-6,1.9200000000000003E-6,1.6E-7,M1,1.84E-6,7.6E-7,1.6E-7,7.4E-7,M1,1.8000000000000001E-6,1.1E-6,2.4000000000000003E-7,6.4E-7,M1,1.61E-6,2.0175E-5,2.4000000000000003E-7,6.4E-7,M1,1.4920000000000001E-5,1.3785000000000001E-5,4.68E-6,1.6E-7,M1,3.6050000000000002E-6,1.9475E-5,6.4E-7,2.4000000000000003E-7,M1,1.342E-5,1.8675E-5,2.4000000000000003E-7,1.04E-6,M1,1.262E-5,1.9475E-5,1.04E-6,2.4000000000000003E-7,M1,1.346E-5,1.438E-5,1.6E-7,5.295E-6,M1,2.394E-5,4.18E-6,6.4E-7,2.4000000000000003E-7,M1,1.389E-5,1.067E-5,6.4E-7,2.4000000000000003E-7,M1,1.794E-5,9.13E-6,2.4000000000000003E-7,6.4E-7,M1,1.904E-5,1.195E-5,6.4E-7,2.4000000000000003E-7,M1,1.634E-5,9.13E-6,2.4000000000000003E-7,6.4E-7,M1,1.484E-5,1.195E-5,6.4E-7,2.4000000000000003E-7,M1,2.166E-5,5.32E-6,2.4000000000000003E-7,6.4E-7,M1,2.252E-5,5.65E-7,2.4000000000000003E-7,6.4E-7,M1,2.0295E-5,1.2585E-5,2.05E-7,1.6E-7,M1,2.0295E-5,1.199E-5,1.6E-7,7.55E-7,M1,2.148E-5,1.2985E-5,2.4000000000000003E-7,6.4E-7,M1,2.51E-5,4.88E-6,2.4000000000000003E-7,6.4E-7,M1,2.046E-5,1.434E-5,6.4E-7,2.4000000000000003E-7,M1,3.0275E-5,1.9475E-5,6.4E-7,2.4000000000000003E-7,M1,1.025E-5,1.365E-6,2.4000000000000003E-7,6.4E-7,M1,5.8800000000000005E-6,1.8000000000000001E-6,2.4000000000000003E-7,6.4E-7,M2,2.734E-5,2.86E-6,7.2E-7,3.2E-7,M2,6.46E-6,2.86E-6,7.2E-7,3.2E-7,M2,2.836E-5,1.76E-6,3.2E-7,7.2E-7,M2,2.399E-5,1.325E-6,3.2E-7,7.2E-7,M2,1.4E-7,1.6615E-5,3.2E-7,7.2E-7,M2,4.0E-7,2.0575000000000002E-5,3.2E-7,7.2E-7,M2,3.38E-5,2.0575000000000002E-5,3.2E-7,7.2E-7,M2,3.406E-5,1.6615E-5,3.2E-7,7.2E-7,M2,1.2640000000000001E-5,5.34E-6,2.0E-7,6.0E-7,M2,1.178E-5,5.34E-6,1.06E-6,2.0E-7,M2,1.178E-5,5.85E-7,2.0E-7,4.955E-6,M2,1.178E-5,5.85E-7,2.0E-7,6.0E-7,M2,9.9E-6,4.14E-6,7.2E-7,3.2E-7,M2,1.995E-5,1.063E-5,7.2E-7,3.2E-7,M2,3.2500000000000004E-5,1.12E-6,2.0E-7,6.0E-7,M2,3.2500000000000004E-5,1.32E-6,2.0E-7,1.9075E-5,M2,3.2500000000000004E-5,2.0195E-5,3.9E-7,2.0E-7,M2,3.269E-5,2.0195E-5,2.0E-7,6.0E-7,M2,9.14E-6,4.84E-6,3.2E-7,7.2E-7,M2,1.276E-5,1.2945E-5,3.2E-7,7.2E-7,M2,1.82E-6,1.12E-6,2.0E-7,6.0E-7,M2,1.82E-6,1.32E-6,2.0E-7,1.9075E-5,M2,1.63E-6,2.0195E-5,3.9E-7,2.0E-7,M2,1.63E-6,2.0195E-5,2.0E-7,6.0E-7,M2,3.565E-6,1.9435E-5,7.2E-7,3.2E-7,M2,1.338E-5,1.8635E-5,3.2E-7,1.12E-6,M2,1.258E-5,1.9435E-5,1.12E-6,3.2E-7,M2,2.39E-5,4.14E-6,7.2E-7,3.2E-7,M2,1.4050000000000001E-5,4.14E-6,3.2E-7,1.12E-6,M2,1.4050000000000001E-5,4.14E-6,1.12E-6,3.2E-7,M2,1.411E-5,4.2000000000000004E-6,2.0E-7,6.69E-6,M2,1.391E-5,1.0690000000000001E-5,6.0E-7,2.0E-7,M2,1.796E-5,9.15E-6,2.0E-7,6.0E-7,M2,1.796E-5,9.55E-6,1.3E-6,2.0E-7,M2,1.906E-5,9.55E-6,2.0E-7,2.62E-6,M2,1.906E-5,1.197E-5,6.0E-7,2.0E-7,M2,1.636E-5,9.15E-6,2.0E-7,6.0E-7,M2,1.526E-5,9.55E-6,1.3E-6,2.0E-7,M2,1.526E-5,9.55E-6,2.0E-7,2.62E-6,M2,1.486E-5,1.197E-5,6.0E-7,2.0E-7,M2,2.168E-5,5.34E-6,2.0E-7,6.0E-7,M2,2.168E-5,5.34E-6,1.06E-6,2.0E-7,M2,2.254E-5,5.85E-7,2.0E-7,4.955E-6,M2,2.254E-5,5.85E-7,2.0E-7,6.0E-7,M2,2.144E-5,1.2945E-5,3.2E-7,7.2E-7,M2,2.506E-5,4.84E-6,3.2E-7,7.2E-7,M2,2.048E-5,1.436E-5,6.0E-7,2.0E-7,M2,2.088E-5,1.436E-5,2.0E-7,5.335E-6,M2,2.082E-5,1.9435E-5,1.12E-6,3.2E-7,M2,2.082E-5,1.8635E-5,3.2E-7,1.12E-6,M2,3.0235E-5,1.9435E-5,7.2E-7,3.2E-7,M2,1.021E-5,1.325E-6,3.2E-7,7.2E-7,M2,5.84E-6,1.76E-6,3.2E-7,7.2E-7,M3,2.7400000000000002E-5,2.92E-6,6.0E-7,2.0E-7,M3,6.92E-6,2.92E-6,2.0680000000000002E-5,2.0E-7,M3,6.52E-6,2.92E-6,6.0E-7,2.0E-7,M3,2.842E-5,1.82E-6,2.0E-7,6.0E-7,M3,2.4050000000000002E-5,2.22E-6,4.57E-6,2.0E-7,M3,2.4050000000000002E-5,1.785E-6,2.0E-7,6.350000000000001E-7,M3,2.4050000000000002E-5,1.385E-6,2.0E-7,6.0E-7,M3,2.0E-7,1.6675E-5,2.0E-7,6.0E-7,M3,2.0E-7,1.7075E-5,2.0E-7,3.76E-6,M3,2.0E-7,2.0635E-5,4.6E-7,2.0E-7,M3,4.6E-7,2.0635E-5,2.0E-7,6.0E-7,M3,3.386E-5,2.0635E-5,2.0E-7,6.0E-7,M3,3.386E-5,2.0635E-5,4.6E-7,2.0E-7,M3,3.412E-5,1.7075E-5,2.0E-7,3.76E-6,M3,3.412E-5,1.6675E-5,2.0E-7,6.0E-7,M3,9.9E-6,4.14E-6,7.2E-7,3.2E-7,M3,1.995E-5,1.063E-5,7.2E-7,3.2E-7,M3,9.2E-6,4.9000000000000005E-6,2.0E-7,6.0E-7,M3,9.2E-6,4.9000000000000005E-6,3.82E-6,2.0E-7,M3,1.2820000000000001E-5,4.9000000000000005E-6,2.0E-7,8.305000000000001E-6,M3,1.2820000000000001E-5,1.3005E-5,2.0E-7,6.0E-7,M3,3.565E-6,1.9435E-5,7.2E-7,3.2E-7,M3,1.338E-5,1.8635E-5,3.2E-7,1.12E-6,M3,1.258E-5,1.9435E-5,1.12E-6,3.2E-7,M3,2.39E-5,4.14E-6,7.2E-7,3.2E-7,M3,1.4050000000000001E-5,4.14E-6,3.2E-7,1.12E-6,M3,1.4050000000000001E-5,4.14E-6,1.12E-6,3.2E-7,M3,2.15E-5,1.3005E-5,2.0E-7,6.0E-7,M3,2.15E-5,4.9000000000000005E-6,2.0E-7,8.305000000000001E-6,M3,2.15E-5,4.9000000000000005E-6,3.82E-6,2.0E-7,M3,2.512E-5,4.9000000000000005E-6,2.0E-7,6.0E-7,M3,2.088E-5,1.9495E-5,1.0E-6,2.0E-7,M3,2.088E-5,1.8695E-5,2.0E-7,1.0E-6,M3,2.088E-5,1.9495E-5,9.815E-6,2.0E-7,M3,3.0295E-5,1.9495E-5,6.0E-7,2.0E-7,M3,1.027E-5,1.385E-6,2.0E-7,6.0E-7,M3,1.027E-5,1.785E-6,2.0E-7,6.350000000000001E-7,M3,1.018E-5,2.22E-6,2.9000000000000003E-7,2.0E-7,M3,5.9E-6,2.22E-6,4.48E-6,2.0E-7,M3,5.9E-6,1.82E-6,2.0E-7,6.0E-7,M4,9.96E-6,4.2000000000000004E-6,6.0E-7,2.0E-7,M4,1.036E-5,4.2000000000000004E-6,2.0E-7,6.69E-6,M4,1.036E-5,1.0690000000000001E-5,1.005E-5,2.0E-7,M4,2.001E-5,1.0690000000000001E-5,6.0E-7,2.0E-7,M4,3.625E-6,1.9495E-5,6.0E-7,2.0E-7,M4,3.825E-6,1.9495E-5,9.815E-6,2.0E-7,M4,1.344E-5,1.8695E-5,2.0E-7,1.0E-6,M4,1.2640000000000001E-5,1.9495E-5,1.0E-6,2.0E-7,M4,2.39E-5,4.14E-6,7.2E-7,3.2E-7,M4,1.4050000000000001E-5,4.14E-6,3.2E-7,1.12E-6,M4,1.4050000000000001E-5,4.14E-6,1.12E-6,3.2E-7,M5,2.396E-5,4.2000000000000004E-6,6.0E-7,2.0E-7,M5,1.411E-5,4.2000000000000004E-6,1.005E-5,2.0E-7,M5,1.411E-5,4.2000000000000004E-6,2.0E-7,1.0E-6,M5,1.411E-5,4.2000000000000004E-6,1.0E-6,2.0E-7,
M1,8.56E-6,4.65E-6,1.6E-7,2.8E-7,M1,6.8E-6,4.65E-6,1.9200000000000003E-6,1.6E-7,M1,7.935E-6,2.0E-8,6.4E-7,2.4000000000000003E-7,M1,2.709E-5,2.0E-8,6.4E-7,2.4000000000000003E-7,M1,1.8E-7,1.899E-5,2.4000000000000003E-7,6.4E-7,M1,4.4E-7,2.295E-5,2.4000000000000003E-7,6.4E-7,M1,1.674E-5,1.805E-6,3.44E-6,1.6E-7,M1,2.465E-5,2.35E-6,1.6E-7,1.44E-6,M1,2.449E-5,3.63E-6,3.2E-7,1.6E-7,M1,3.624E-5,2.295E-5,2.4000000000000003E-7,6.4E-7,M1,3.65E-5,1.899E-5,2.4000000000000003E-7,6.4E-7,M1,8.56E-6,2.7600000000000003E-6,1.6E-7,2.17E-6,M1,8.56E-6,2.7600000000000003E-6,3.27E-6,1.6E-7,M1,1.167E-5,1.365E-6,1.6E-7,1.555E-6,M1,1.177E-5,1.499E-5,1.6E-7,7.0200000000000006E-6,M1,1.153E-5,2.185E-5,4.0E-7,1.6E-7,M1,2.4145E-5,1.2630000000000001E-5,6.4E-7,2.4000000000000003E-7,M1,2.411E-5,9.810000000000001E-6,2.4000000000000003E-7,6.4E-7,M1,2.504E-5,1.267E-5,1.6E-7,7.2E-7,M1,2.504E-5,1.267E-5,7.1E-7,1.6E-7,M1,3.405E-5,2.053E-5,6.4E-7,2.4000000000000003E-7,M1,1.5215000000000001E-5,2.31E-6,6.4E-7,2.4000000000000003E-7,M1,1.2110000000000001E-5,2.35E-6,1.6E-7,1.44E-6,M1,1.2110000000000001E-5,3.63E-6,3.2E-7,1.6E-7,M1,3.4E-5,2.462E-5,2.4000000000000003E-7,6.4E-7,M1,1.728E-5,2.462E-5,2.4000000000000003E-7,6.4E-7,M1,1.2135E-5,1.2630000000000001E-5,6.4E-7,2.4000000000000003E-7,M1,1.257E-5,9.810000000000001E-6,2.4000000000000003E-7,6.4E-7,M1,1.117E-5,1.267E-5,1.6E-7,7.2E-7,M1,1.117E-5,1.323E-5,7.1E-7,1.6E-7,M1,2.82E-5,4.65E-6,1.6E-7,2.8E-7,M1,2.82E-5,4.65E-6,1.9200000000000003E-6,1.6E-7,M1,3.297E-5,2.251E-5,2.4000000000000003E-7,6.4E-7,M1,3.203E-5,5.05E-7,2.4000000000000003E-7,6.4E-7,M1,2.1305E-5,2.35E-6,1.6E-7,1.838E-5,M1,2.1265E-5,1.973E-5,2.4000000000000003E-7,1.04E-6,M1,2.0465E-5,2.053E-5,1.04E-6,2.4000000000000003E-7,M1,2.2300000000000002E-6,2.053E-5,6.4E-7,2.4000000000000003E-7,M1,2.798E-5,1.363E-5,2.4000000000000003E-7,6.4E-7,M1,3.65E-5,1.18E-5,2.4000000000000003E-7,6.4E-7,M1,2.3520000000000002E-5,1.365E-6,2.4000000000000003E-7,6.4E-7,M1,2.6875E-5,1.705E-6,6.4E-7,2.4000000000000003E-7,M1,2.7115E-5,1.745E-6,1.0050000000000001E-6,1.6E-7,M1,1.3160000000000001E-5,1.365E-6,2.4000000000000003E-7,6.4E-7,M1,9.405E-6,1.705E-6,6.4E-7,2.4000000000000003E-7,M1,8.8E-6,1.745E-6,1.0050000000000001E-6,1.6E-7,M1,2.82E-5,2.7600000000000003E-6,1.6E-7,2.17E-6,M1,2.5090000000000002E-5,2.7600000000000003E-6,3.27E-6,1.6E-7,M1,2.5090000000000002E-5,1.365E-6,1.6E-7,1.555E-6,M1,3.71E-6,2.251E-5,2.4000000000000003E-7,6.4E-7,M1,4.65E-6,5.05E-7,2.4000000000000003E-7,6.4E-7,M1,2.499E-5,1.499E-5,1.6E-7,7.0200000000000006E-6,M1,2.499E-5,2.185E-5,4.0E-7,1.6E-7,M1,1.8E-7,1.18E-5,2.4000000000000003E-7,6.4E-7,M1,8.7E-6,1.363E-5,2.4000000000000003E-7,6.4E-7,M2,7.955000000000001E-6,4.0E-8,6.0E-7,2.0E-7,M2,8.155E-6,4.0E-8,1.9155E-5,2.0E-7,M2,2.711E-5,4.0E-8,6.0E-7,2.0E-7,M2,1.4E-7,1.895E-5,3.2E-7,7.2E-7,M2,4.0E-7,2.291E-5,3.2E-7,7.2E-7,M2,3.62E-5,2.291E-5,3.2E-7,7.2E-7,M2,3.646E-5,1.895E-5,3.2E-7,7.2E-7,M2,2.4165E-5,1.2650000000000001E-5,6.0E-7,2.0E-7,M2,2.4365E-5,1.023E-5,2.0E-7,2.62E-6,M2,2.413E-5,1.023E-5,4.35E-7,2.0E-7,M2,2.413E-5,9.83E-6,2.0E-7,6.0E-7,M2,3.401E-5,2.0490000000000002E-5,7.2E-7,3.2E-7,M2,1.5175E-5,2.27E-6,7.2E-7,3.2E-7,M2,3.402E-5,2.464E-5,2.0E-7,6.0E-7,M2,1.73E-5,2.504E-5,1.692E-5,2.0E-7,M2,1.73E-5,2.464E-5,2.0E-7,6.0E-7,M2,1.2155E-5,1.2650000000000001E-5,6.0E-7,2.0E-7,M2,1.2355E-5,1.023E-5,2.0E-7,2.62E-6,M2,1.2355E-5,1.023E-5,4.35E-7,2.0E-7,M2,1.259E-5,9.83E-6,2.0E-7,6.0E-7,M2,3.299E-5,2.253E-5,2.0E-7,6.0E-7,M2,3.299E-5,5.250000000000001E-7,2.0E-7,2.2205000000000002E-5,M2,3.205E-5,5.250000000000001E-7,1.14E-6,2.0E-7,M2,3.205E-5,5.250000000000001E-7,2.0E-7,6.0E-7,M2,2.1225E-5,1.969E-5,3.2E-7,1.12E-6,M2,2.0425000000000002E-5,2.0490000000000002E-5,1.12E-6,3.2E-7,M2,2.19E-6,2.0490000000000002E-5,7.2E-7,3.2E-7,M2,2.794E-5,1.359E-5,3.2E-7,7.2E-7,M2,3.646E-5,1.1760000000000001E-5,3.2E-7,7.2E-7,M2,2.354E-5,1.385E-6,2.0E-7,6.0E-7,M2,2.354E-5,1.725E-6,2.0E-7,2.6E-7,M2,2.354E-5,1.725E-6,3.755E-6,2.0E-7,M2,2.6895E-5,1.725E-6,6.0E-7,2.0E-7,M2,1.3180000000000001E-5,1.385E-6,2.0E-7,6.0E-7,M2,1.3180000000000001E-5,1.725E-6,2.0E-7,2.6E-7,M2,9.625E-6,1.725E-6,3.755E-6,2.0E-7,M2,9.425E-6,1.725E-6,6.0E-7,2.0E-7,M2,3.7300000000000003E-6,2.253E-5,2.0E-7,6.0E-7,M2,3.7300000000000003E-6,5.250000000000001E-7,2.0E-7,2.2205000000000002E-5,M2,3.7300000000000003E-6,5.250000000000001E-7,1.14E-6,2.0E-7,M2,4.67E-6,5.250000000000001E-7,2.0E-7,6.0E-7,M2,1.4E-7,1.1760000000000001E-5,3.2E-7,7.2E-7,M2,8.66E-6,1.359E-5,3.2E-7,7.2E-7,M3,2.0E-7,1.901E-5,2.0E-7,6.0E-7,M3,2.0E-7,1.941E-5,2.0E-7,3.76E-6,M3,2.0E-7,2.2970000000000002E-5,4.6E-7,2.0E-7,M3,4.6E-7,2.2970000000000002E-5,2.0E-7,6.0E-7,M3,3.626E-5,2.2970000000000002E-5,2.0E-7,6.0E-7,M3,3.626E-5,2.2970000000000002E-5,4.6E-7,2.0E-7,M3,3.652E-5,1.941E-5,2.0E-7,3.76E-6,M3,3.652E-5,1.901E-5,2.0E-7,6.0E-7,M3,3.401E-5,2.0490000000000002E-5,7.2E-7,3.2E-7,M3,1.5175E-5,2.27E-6,7.2E-7,3.2E-7,M3,2.1225E-5,1.969E-5,3.2E-7,1.12E-6,M3,2.0425000000000002E-5,2.0490000000000002E-5,1.12E-6,3.2E-7,M3,2.19E-6,2.0490000000000002E-5,7.2E-7,3.2E-7,M3,2.8E-5,1.365E-5,2.0E-7,6.0E-7,M3,2.8E-5,1.202E-5,2.0E-7,1.83E-6,M3,2.8E-5,1.202E-5,8.72E-6,2.0E-7,M3,3.652E-5,1.182E-5,2.0E-7,6.0E-7,M3,2.0E-7,1.182E-5,2.0E-7,6.0E-7,M3,2.0E-7,1.202E-5,5.8800000000000005E-6,2.0E-7,M3,5.8800000000000005E-6,1.202E-5,2.0E-7,1.83E-6,M3,5.8800000000000005E-6,1.365E-5,3.04E-6,2.0E-7,M3,8.72E-6,1.365E-5,2.0E-7,6.0E-7,M4,3.401E-5,2.0490000000000002E-5,7.2E-7,3.2E-7,M4,1.5175E-5,2.27E-6,7.2E-7,3.2E-7,M4,2.1285E-5,1.975E-5,2.0E-7,1.0E-6,M4,2.0485E-5,2.055E-5,1.0E-6,2.0E-7,M4,2.4500000000000003E-6,2.055E-5,1.9035E-5,2.0E-7,M4,2.25E-6,2.055E-5,6.0E-7,2.0E-7,M5,3.401E-5,2.0490000000000002E-5,7.2E-7,3.2E-7,M5,1.5175E-5,2.27E-6,7.2E-7,3.2E-7,M6,3.407E-5,2.055E-5,6.0E-7,2.0E-7,M6,1.5435E-5,2.055E-5,1.9035E-5,2.0E-7,M6,1.5435E-5,2.33E-6,2.0E-7,1.842E-5,M6,1.5235E-5,2.33E-6,6.0E-7,2.0E-7,
M1,3.066E-5,9.43E-6,6.4E-7,2.4000000000000003E-7,M1,3.091E-5,4.2900000000000004E-6,2.4000000000000003E-7,6.4E-7,M1,1.972E-5,9.43E-6,6.4E-7,2.4000000000000003E-7,M1,1.987E-5,4.2900000000000004E-6,2.4000000000000003E-7,6.4E-7,M1,3.1140000000000003E-5,1.0170000000000001E-5,2.7E-7,1.6E-7,M1,3.1140000000000003E-5,9.47E-6,1.6E-7,8.6E-7,M1,3.117E-5,1.2055E-5,6.4E-7,2.4000000000000003E-7,M1,3.2765E-5,1.509E-5,6.4E-7,2.4000000000000003E-7,M1,3.3005E-5,1.513E-5,2.335E-6,1.6E-7,M1,3.978E-5,1.82E-6,2.4000000000000003E-7,6.4E-7,M1,3.419E-5,1.365E-6,2.4000000000000003E-7,6.4E-7,M1,3.274E-5,5.65E-7,2.4000000000000003E-7,6.4E-7,M1,3.225E-5,4.7300000000000005E-6,6.4E-7,2.4000000000000003E-7,M1,3.231E-5,4.77E-6,3.4000000000000003E-7,1.6E-7,M1,5.034E-5,1.623E-5,2.4000000000000003E-7,6.4E-7,M1,5.0600000000000003E-5,1.227E-5,2.4000000000000003E-7,6.4E-7,M1,1.3340000000000001E-5,2.96E-6,2.434E-5,1.6E-7,M1,3.135E-5,3.59E-6,6.4E-7,2.4000000000000003E-7,M1,3.163E-5,2.31E-6,6.4E-7,2.4000000000000003E-7,M1,3.231E-5,5.38E-6,1.9200000000000003E-6,1.6E-7,M1,3.231E-5,4.77E-6,1.6E-7,7.7E-7,M1,4.4E-7,1.623E-5,2.4000000000000003E-7,6.4E-7,M1,1.8E-7,1.227E-5,2.4000000000000003E-7,6.4E-7,M1,3.455E-5,1.381E-5,6.4E-7,2.4000000000000003E-7,M1,2.385E-5,8.15E-6,6.4E-7,2.4000000000000003E-7,M1,3.714E-5,1.3800000000000001E-6,2.4000000000000003E-7,6.4E-7,M1,3.768E-5,1.579E-5,2.4000000000000003E-7,6.4E-7,M1,3.209E-5,1.0955000000000001E-5,2.4000000000000003E-7,6.4E-7,M1,3.4620000000000004E-5,1.623E-5,2.4000000000000003E-7,6.4E-7,M1,1.961E-5,9.47E-6,2.7E-7,1.6E-7,M1,1.961E-5,9.47E-6,1.6E-7,8.6E-7,M1,2.6530000000000002E-5,8.15E-6,6.4E-7,2.4000000000000003E-7,M1,2.6530000000000002E-5,1.301E-5,2.4000000000000003E-7,1.04E-6,M1,2.573E-5,1.381E-5,1.04E-6,2.4000000000000003E-7,M1,1.6270000000000002E-5,1.385E-5,1.046E-5,1.6E-7,M1,1.616E-5,1.623E-5,2.4000000000000003E-7,6.4E-7,M1,1.869E-5,1.0955000000000001E-5,2.4000000000000003E-7,6.4E-7,M1,1.659E-5,1.365E-6,2.4000000000000003E-7,6.4E-7,M1,1.1E-5,1.82E-6,2.4000000000000003E-7,6.4E-7,M1,1.364E-5,1.3800000000000001E-6,2.4000000000000003E-7,6.4E-7,M1,1.31E-5,1.579E-5,2.4000000000000003E-7,6.4E-7,M1,1.679E-5,5.38E-6,1.9200000000000003E-6,1.6E-7,M1,1.855E-5,4.77E-6,1.6E-7,7.7E-7,M1,1.804E-5,5.65E-7,2.4000000000000003E-7,6.4E-7,M1,1.813E-5,4.7300000000000005E-6,6.4E-7,2.4000000000000003E-7,M1,1.8370000000000002E-5,4.77E-6,3.4000000000000003E-7,1.6E-7,M1,1.9810000000000002E-5,1.045E-6,1.1400000000000001E-5,1.6E-7,M1,1.903E-5,3.59E-6,6.4E-7,2.4000000000000003E-7,M1,1.8750000000000002E-5,2.31E-6,6.4E-7,2.4000000000000003E-7,M1,2.031E-5,1.1395E-5,1.04E-5,1.6E-7,M1,1.921E-5,1.2055E-5,6.4E-7,2.4000000000000003E-7,M1,1.7615E-5,1.509E-5,6.4E-7,2.4000000000000003E-7,M1,1.568E-5,1.513E-5,2.335E-6,1.6E-7,M2,3.068E-5,9.450000000000001E-6,6.0E-7,2.0E-7,M2,3.088E-5,4.31E-6,2.0E-7,5.34E-6,M2,3.088E-5,4.31E-6,2.5E-7,2.0E-7,M2,3.0930000000000004E-5,4.31E-6,2.0E-7,6.0E-7,M2,1.974E-5,9.450000000000001E-6,6.0E-7,2.0E-7,M2,1.994E-5,4.31E-6,2.0E-7,5.34E-6,M2,1.989E-5,4.31E-6,2.5E-7,2.0E-7,M2,1.989E-5,4.31E-6,2.0E-7,6.0E-7,M2,3.119E-5,1.2075E-5,6.0E-7,2.0E-7,M2,3.159E-5,1.2075E-5,2.0E-7,3.235E-6,M2,3.159E-5,1.5110000000000001E-5,1.595E-6,2.0E-7,M2,3.2785E-5,1.5110000000000001E-5,6.0E-7,2.0E-7,M2,3.974E-5,1.7800000000000001E-6,3.2E-7,7.2E-7,M2,3.415E-5,1.325E-6,3.2E-7,7.2E-7,M2,3.276E-5,5.85E-7,2.0E-7,6.0E-7,M2,3.276E-5,5.85E-7,2.0E-7,4.365E-6,M2,3.247E-5,4.75E-6,4.9E-7,2.0E-7,M2,3.227E-5,4.75E-6,6.0E-7,2.0E-7,M2,5.036E-5,1.6250000000000002E-5,2.0E-7,6.0E-7,M2,5.036E-5,1.269E-5,2.0E-7,3.76E-6,M2,5.036E-5,1.269E-5,4.6E-7,2.0E-7,M2,5.062E-5,1.2290000000000001E-5,2.0E-7,6.0E-7,M2,3.1310000000000003E-5,3.55E-6,7.2E-7,3.2E-7,M2,3.159E-5,2.27E-6,7.2E-7,3.2E-7,M2,4.6E-7,1.6250000000000002E-5,2.0E-7,6.0E-7,M2,4.6E-7,1.269E-5,2.0E-7,3.76E-6,M2,2.0E-7,1.269E-5,4.6E-7,2.0E-7,M2,2.0E-7,1.2290000000000001E-5,2.0E-7,6.0E-7,M2,3.451E-5,1.377E-5,7.2E-7,3.2E-7,M2,2.381E-5,8.11E-6,7.2E-7,3.2E-7,M2,3.716E-5,1.4E-6,2.0E-7,6.0E-7,M2,3.716E-5,1.8000000000000001E-6,7.4E-7,2.0E-7,M2,3.77E-5,1.8000000000000001E-6,2.0E-7,1.421E-5,M2,3.77E-5,1.581E-5,2.0E-7,6.0E-7,M2,3.205E-5,1.0915E-5,3.2E-7,7.2E-7,M2,3.458E-5,1.619E-5,3.2E-7,7.2E-7,M2,2.6490000000000002E-5,8.11E-6,7.2E-7,3.2E-7,M2,2.6490000000000002E-5,1.297E-5,3.2E-7,1.12E-6,M2,2.569E-5,1.377E-5,1.12E-6,3.2E-7,M2,1.612E-5,1.619E-5,3.2E-7,7.2E-7,M2,1.865E-5,1.0915E-5,3.2E-7,7.2E-7,M2,1.655E-5,1.325E-6,3.2E-7,7.2E-7,M2,1.096E-5,1.7800000000000001E-6,3.2E-7,7.2E-7,M2,1.366E-5,1.4E-6,2.0E-7,6.0E-7,M2,1.312E-5,1.8000000000000001E-6,7.4E-7,2.0E-7,M2,1.312E-5,1.8000000000000001E-6,2.0E-7,1.421E-5,M2,1.312E-5,1.581E-5,2.0E-7,6.0E-7,M2,1.806E-5,5.85E-7,2.0E-7,6.0E-7,M2,1.806E-5,5.85E-7,2.0E-7,4.365E-6,M2,1.806E-5,4.75E-6,4.9E-7,2.0E-7,M2,1.815E-5,4.75E-6,6.0E-7,2.0E-7,M2,1.899E-5,3.55E-6,7.2E-7,3.2E-7,M2,1.871E-5,2.27E-6,7.2E-7,3.2E-7,M2,1.923E-5,1.2075E-5,6.0E-7,2.0E-7,M2,1.923E-5,1.2075E-5,2.0E-7,3.235E-6,M2,1.7835E-5,1.5110000000000001E-5,1.595E-6,2.0E-7,M2,1.7635E-5,1.5110000000000001E-5,6.0E-7,2.0E-7,M3,3.98E-5,1.84E-6,2.0E-7,6.0E-7,M3,3.98E-5,1.785E-6,2.0E-7,6.55E-7,M3,3.421E-5,1.785E-6,5.7900000000000005E-6,2.0E-7,M3,3.421E-5,1.385E-6,2.0E-7,6.0E-7,M3,3.137E-5,3.61E-6,6.0E-7,2.0E-7,M3,3.1650000000000004E-5,3.61E-6,3.2E-7,2.0E-7,M3,3.1650000000000004E-5,2.33E-6,2.0E-7,1.48E-6,M3,3.1650000000000004E-5,2.33E-6,6.0E-7,2.0E-7,M3,3.451E-5,1.377E-5,7.2E-7,3.2E-7,M3,2.381E-5,8.11E-6,7.2E-7,3.2E-7,M3,3.211E-5,1.0975E-5,2.0E-7,6.0E-7,M3,3.211E-5,1.1375E-5,2.0E-7,5.075E-6,M3,3.211E-5,1.6250000000000002E-5,2.73E-6,2.0E-7,M3,3.464E-5,1.6250000000000002E-5,2.0E-7,6.0E-7,M3,2.655E-5,8.17E-6,6.0E-7,2.0E-7,M3,2.655E-5,8.17E-6,2.0E-7,5.86E-6,M3,2.655E-5,1.303E-5,2.0E-7,1.0E-6,M3,2.575E-5,1.383E-5,1.0E-6,2.0E-7,M3,1.618E-5,1.6250000000000002E-5,2.0E-7,6.0E-7,M3,1.618E-5,1.6250000000000002E-5,2.73E-6,2.0E-7,M3,1.871E-5,1.1375E-5,2.0E-7,5.075E-6,M3,1.871E-5,1.0975E-5,2.0E-7,6.0E-7,M3,1.6610000000000002E-5,1.385E-6,2.0E-7,6.0E-7,M3,1.102E-5,1.785E-6,5.7900000000000005E-6,2.0E-7,M3,1.102E-5,1.785E-6,2.0E-7,6.55E-7,M3,1.102E-5,1.84E-6,2.0E-7,6.0E-7,M3,1.905E-5,3.61E-6,6.0E-7,2.0E-7,M3,1.905E-5,3.61E-6,3.2E-7,2.0E-7,M3,1.917E-5,2.33E-6,2.0E-7,1.48E-6,M3,1.877E-5,2.33E-6,6.0E-7,2.0E-7,M4,3.451E-5,1.377E-5,7.2E-7,3.2E-7,M4,2.381E-5,8.11E-6,7.2E-7,3.2E-7,M5,3.457E-5,1.383E-5,6.0E-7,2.0E-7,M5,3.457E-5,8.17E-6,2.0E-7,5.86E-6,M5,2.427E-5,8.17E-6,1.05E-5,2.0E-7,M5,2.387E-5,8.17E-6,6.0E-7,2.0E-7,
M1,1.821E-5,1.805E-6,1.9200000000000003E-6,1.6E-7,M1,8.9E-6,1.4225E-5,1.6E-7,7.925E-6,M1,8.9E-6,1.4225E-5,1.23E-6,1.6E-7,M1,3.138E-5,4.65E-6,1.6E-7,2.8E-7,M1,2.962E-5,4.77E-6,1.9200000000000003E-6,1.6E-7,M1,1.8E-7,1.913E-5,2.4000000000000003E-7,6.4E-7,M1,4.4E-7,2.309E-5,2.4000000000000003E-7,6.4E-7,M1,1.4E-5,2.35E-6,1.6E-7,1.44E-6,M1,1.1940000000000001E-5,3.63E-6,2.22E-6,1.6E-7,M1,8.56E-6,4.77E-6,5.16E-6,1.6E-7,M1,1.356E-5,1.365E-6,1.6E-7,3.565E-6,M1,2.821E-5,1.4225E-5,1.6E-7,7.925E-6,M1,2.821E-5,2.199E-5,1.23E-6,1.6E-7,M1,1.199E-5,5.45E-7,1.6E-7,2.2305E-5,M1,1.196E-5,5.45E-7,1.9E-7,1.6E-7,M1,2.418E-5,2.35E-6,1.6E-7,1.44E-6,M1,2.418E-5,3.63E-6,2.22E-6,1.6E-7,M1,2.821E-5,1.16E-5,1.6E-7,8.6E-7,M1,2.821E-5,1.23E-5,5.1E-7,1.6E-7,M1,2.7760000000000002E-5,1.745E-6,1.6E-7,2.2E-7,M1,2.323E-5,1.805E-6,4.69E-6,1.6E-7,M1,3.792E-5,1.913E-5,2.4000000000000003E-7,6.4E-7,M1,3.766E-5,2.309E-5,2.4000000000000003E-7,6.4E-7,M1,1.732E-5,2.5450000000000002E-5,3.7E-6,1.6E-7,M1,2.059E-5,2.35E-6,1.6E-7,1.32E-6,M1,6.28E-6,3.5100000000000003E-6,1.447E-5,1.6E-7,M1,3.186E-5,3.4700000000000002E-6,6.4E-7,2.4000000000000003E-7,M1,1.715E-5,2.31E-6,6.4E-7,2.4000000000000003E-7,M1,2.94E-5,1.27E-5,2.4000000000000003E-7,6.4E-7,M1,3.792E-5,1.187E-5,2.4000000000000003E-7,6.4E-7,M1,2.586E-5,8.740000000000001E-6,2.4000000000000003E-7,6.4E-7,M1,2.746E-5,1.156E-5,6.4E-7,2.4000000000000003E-7,M1,1.491E-5,1.365E-6,2.4000000000000003E-7,6.4E-7,M1,1.038E-5,1.765E-6,1.04E-6,2.4000000000000003E-7,M1,1.038E-5,9.65E-7,2.4000000000000003E-7,1.04E-6,M1,1.042E-5,1.745E-6,1.6E-7,2.2E-7,M1,1.152E-5,6.000000000000001E-8,1.8835000000000002E-5,1.6E-7,M1,1.102E-5,1.16E-5,1.6E-7,8.6E-7,M1,9.73E-6,1.16E-5,1.45E-6,1.6E-7,M1,1.224E-5,8.740000000000001E-6,2.4000000000000003E-7,6.4E-7,M1,1.024E-5,1.156E-5,6.4E-7,2.4000000000000003E-7,M1,6.8E-6,4.65E-6,1.6E-7,2.8E-7,M1,6.8E-6,4.77E-6,1.9200000000000003E-6,1.6E-7,M1,2.462E-5,4.77E-6,5.16E-6,1.6E-7,M1,2.462E-5,1.365E-6,1.6E-7,3.565E-6,M1,1.8E-7,1.187E-5,2.4000000000000003E-7,6.4E-7,M1,8.7E-6,1.27E-5,2.4000000000000003E-7,6.4E-7,M1,2.619E-5,5.45E-7,1.6E-7,2.2305E-5,M1,2.619E-5,5.45E-7,1.9E-7,1.6E-7,M2,2.0E-7,1.915E-5,2.0E-7,6.0E-7,M2,2.0E-7,1.955E-5,2.0E-7,3.76E-6,M2,2.0E-7,2.311E-5,4.6E-7,2.0E-7,M2,4.6E-7,2.311E-5,2.0E-7,6.0E-7,M2,3.794E-5,1.915E-5,2.0E-7,6.0E-7,M2,3.794E-5,1.955E-5,2.0E-7,3.76E-6,M2,3.768E-5,2.311E-5,4.6E-7,2.0E-7,M2,3.768E-5,2.311E-5,2.0E-7,6.0E-7,M2,3.188E-5,3.49E-6,6.0E-7,2.0E-7,M2,3.188E-5,2.33E-6,2.0E-7,1.3600000000000001E-6,M2,1.757E-5,2.33E-6,1.451E-5,2.0E-7,M2,1.717E-5,2.33E-6,6.0E-7,2.0E-7,M2,2.936E-5,1.266E-5,3.2E-7,7.2E-7,M2,3.788E-5,1.183E-5,3.2E-7,7.2E-7,M2,2.588E-5,8.76E-6,2.0E-7,6.0E-7,M2,2.588E-5,9.16E-6,2.0E-7,2.62E-6,M2,2.588E-5,1.1580000000000001E-5,1.8000000000000001E-6,2.0E-7,M2,2.748E-5,1.1580000000000001E-5,6.0E-7,2.0E-7,M2,1.4930000000000001E-5,1.385E-6,2.0E-7,6.0E-7,M2,1.04E-5,1.785E-6,4.7300000000000005E-6,2.0E-7,M2,1.04E-5,1.785E-6,1.0E-6,2.0E-7,M2,1.04E-5,9.85E-7,2.0E-7,1.0E-6,M2,1.226E-5,8.76E-6,2.0E-7,6.0E-7,M2,1.226E-5,9.16E-6,2.0E-7,2.62E-6,M2,1.066E-5,1.1580000000000001E-5,1.8000000000000001E-6,2.0E-7,M2,1.026E-5,1.1580000000000001E-5,6.0E-7,2.0E-7,M2,1.4E-7,1.183E-5,3.2E-7,7.2E-7,M2,8.66E-6,1.266E-5,3.2E-7,7.2E-7,M3,2.942E-5,1.272E-5,2.0E-7,6.0E-7,M3,2.942E-5,1.209E-5,2.0E-7,8.3E-7,M3,2.942E-5,1.209E-5,8.72E-6,2.0E-7,M3,3.794E-5,1.189E-5,2.0E-7,6.0E-7,M3,2.0E-7,1.189E-5,2.0E-7,6.0E-7,M3,2.0E-7,1.209E-5,2.0E-7,8.3E-7,M3,2.0E-7,1.272E-5,8.72E-6,2.0E-7,M3,8.72E-6,1.272E-5,2.0E-7,6.0E-7,
M1,4.379E-5,6.3E-7,2.4000000000000003E-7,6.4E-7,M1,4.489E-5,1.8545E-5,2.4000000000000003E-7,6.4E-7,M1,1.448E-5,2.0595000000000002E-5,2.4000000000000003E-7,6.4E-7,M1,1.49E-5,1.4770000000000001E-5,2.4000000000000003E-7,6.4E-7,M1,3.365E-5,1.3E-6,1.6E-7,9.04E-6,M1,3.361E-5,9.34E-6,2.4000000000000003E-7,1.04E-6,M1,3.281E-5,1.014E-5,1.04E-6,2.4000000000000003E-7,M1,3.354E-5,9.94E-6,2.4000000000000003E-7,6.4E-7,M1,1.653E-5,4.42E-6,2.4000000000000003E-7,6.4E-7,M1,1.623E-5,1.3325E-5,6.4E-7,2.4000000000000003E-7,M1,4.606E-5,1.8985000000000002E-5,2.4000000000000003E-7,6.4E-7,M1,4.6320000000000004E-5,1.5025000000000001E-5,2.4000000000000003E-7,6.4E-7,M1,3.728E-5,1.43E-6,2.4000000000000003E-7,6.4E-7,M1,3.185E-5,1.3E-6,2.4000000000000003E-7,6.4E-7,M1,2.9195E-5,2.22E-6,1.6E-7,1.7E-6,M1,2.9E-5,2.22E-6,3.55E-7,1.6E-7,M1,4.4E-7,1.8985000000000002E-5,2.4000000000000003E-7,6.4E-7,M1,1.8E-7,1.5025000000000001E-5,2.4000000000000003E-7,6.4E-7,M1,2.9520000000000002E-5,1.4770000000000001E-5,2.4000000000000003E-7,6.4E-7,M1,1.698E-5,1.4770000000000001E-5,2.4000000000000003E-7,6.4E-7,M1,3.102E-5,1.3365E-5,1.6E-7,8.05E-7,M1,3.046E-5,1.401E-5,7.2E-7,1.6E-7,M1,1.0205E-5,1.7845E-5,6.4E-7,2.4000000000000003E-7,M1,1.552E-5,1.5815E-5,6.4E-7,2.4000000000000003E-7,M1,1.61E-6,1.8545E-5,2.4000000000000003E-7,6.4E-7,M1,2.71E-6,6.3E-7,2.4000000000000003E-7,6.4E-7,M1,1.782E-5,1.3365E-5,1.6E-7,8.05E-7,M1,1.6165000000000002E-5,1.3365E-5,1.815E-6,1.6E-7,M1,1.465E-5,1.3E-6,2.4000000000000003E-7,6.4E-7,M1,9.22E-6,1.43E-6,2.4000000000000003E-7,6.4E-7,M1,1.296E-5,9.94E-6,2.4000000000000003E-7,6.4E-7,M1,1.289E-5,1.014E-5,1.04E-6,2.4000000000000003E-7,M1,1.289E-5,9.34E-6,2.4000000000000003E-7,1.04E-6,M1,1.293E-5,1.3E-6,1.6E-7,9.04E-6,M1,1.3000000000000001E-5,4.9000000000000005E-6,1.9200000000000003E-6,1.6E-7,M1,2.987E-5,1.3325E-5,6.4E-7,2.4000000000000003E-7,M1,2.997E-5,4.42E-6,2.4000000000000003E-7,6.4E-7,M1,2.135E-5,2.18E-6,6.4E-7,2.4000000000000003E-7,M1,3.406E-5,1.6565E-5,6.4E-7,2.4000000000000003E-7,M1,3.565E-5,2.0E-8,6.4E-7,2.4000000000000003E-7,M1,1.045E-5,2.0E-8,6.4E-7,2.4000000000000003E-7,M1,1.734E-5,2.18E-6,6.4E-7,2.4000000000000003E-7,M1,1.754E-5,2.92E-6,2.4000000000000003E-7,1.04E-6,M1,1.674E-5,3.72E-6,1.04E-6,2.4000000000000003E-7,M1,1.7385E-5,3.76E-6,3.55E-7,1.6E-7,M1,3.202E-5,2.0595000000000002E-5,2.4000000000000003E-7,6.4E-7,M1,3.16E-5,1.4770000000000001E-5,2.4000000000000003E-7,6.4E-7,M1,1.248E-5,1.6605E-5,1.2470000000000001E-5,1.6E-7,M1,2.479E-5,2.22E-6,1.6E-7,1.4545E-5,M1,3.1820000000000004E-5,4.9000000000000005E-6,1.9200000000000003E-6,1.6E-7,M1,3.058E-5,1.5815E-5,6.4E-7,2.4000000000000003E-7,M1,3.5895E-5,1.7845E-5,6.4E-7,2.4000000000000003E-7,M1,2.241E-5,1.74E-6,1.9200000000000003E-6,1.6E-7,M2,4.381E-5,6.5E-7,2.0E-7,6.0E-7,M2,4.381E-5,6.5E-7,1.3E-6,2.0E-7,M2,4.491E-5,6.5E-7,2.0E-7,1.8115000000000002E-5,M2,4.491E-5,1.8565E-5,2.0E-7,6.0E-7,M2,1.444E-5,2.0555E-5,3.2E-7,7.2E-7,M2,1.486E-5,1.473E-5,3.2E-7,7.2E-7,M2,3.357E-5,9.3E-6,3.2E-7,1.12E-6,M2,3.277E-5,1.01E-5,1.12E-6,3.2E-7,M2,3.35E-5,9.9E-6,3.2E-7,7.2E-7,M2,1.649E-5,4.38E-6,3.2E-7,7.2E-7,M2,1.619E-5,1.3285E-5,7.2E-7,3.2E-7,M2,4.608E-5,1.9005000000000002E-5,2.0E-7,6.0E-7,M2,4.608E-5,1.5445E-5,2.0E-7,3.76E-6,M2,4.608E-5,1.5445E-5,4.6E-7,2.0E-7,M2,4.634E-5,1.5045E-5,2.0E-7,6.0E-7,M2,3.724E-5,1.39E-6,3.2E-7,7.2E-7,M2,3.181E-5,1.26E-6,3.2E-7,7.2E-7,M2,4.6E-7,1.9005000000000002E-5,2.0E-7,6.0E-7,M2,4.6E-7,1.5445E-5,2.0E-7,3.76E-6,M2,2.0E-7,1.5445E-5,4.6E-7,2.0E-7,M2,2.0E-7,1.5045E-5,2.0E-7,6.0E-7,M2,2.948E-5,1.473E-5,3.2E-7,7.2E-7,M2,1.694E-5,1.473E-5,3.2E-7,7.2E-7,M2,1.0165E-5,1.7805E-5,7.2E-7,3.2E-7,M2,1.0365E-5,1.5775E-5,3.2E-7,1.12E-6,M2,1.0365E-5,1.5775E-5,1.12E-6,3.2E-7,M2,1.0425000000000001E-5,1.5835E-5,5.315E-6,2.0E-7,M2,1.554E-5,1.5835E-5,6.0E-7,2.0E-7,M2,1.63E-6,1.8565E-5,2.0E-7,6.0E-7,M2,1.63E-6,6.5E-7,2.0E-7,1.8115000000000002E-5,M2,1.57E-6,5.9E-7,3.2E-7,1.12E-6,M2,1.57E-6,5.9E-7,1.12E-6,3.2E-7,M2,2.67E-6,5.9E-7,3.2E-7,7.2E-7,M2,1.467E-5,1.32E-6,2.0E-7,6.0E-7,M2,9.24E-6,1.72E-6,5.63E-6,2.0E-7,M2,9.24E-6,1.72E-6,2.0E-7,3.3E-7,M2,9.24E-6,1.45E-6,2.0E-7,6.0E-7,M2,1.292E-5,9.9E-6,3.2E-7,7.2E-7,M2,1.285E-5,1.01E-5,1.12E-6,3.2E-7,M2,1.285E-5,9.3E-6,3.2E-7,1.12E-6,M2,2.983E-5,1.3285E-5,7.2E-7,3.2E-7,M2,2.923E-5,4.38E-6,1.12E-6,3.2E-7,M2,3.0030000000000002E-5,4.38E-6,3.2E-7,1.12E-6,M2,2.999E-5,4.44E-6,3.0E-7,2.0E-7,M2,2.999E-5,4.44E-6,2.0E-7,6.0E-7,M2,2.137E-5,2.2E-6,6.0E-7,2.0E-7,M2,2.177E-5,2.2E-6,2.0E-7,1.4585E-5,M2,2.171E-5,1.6525000000000002E-5,1.12E-6,3.2E-7,M2,2.171E-5,1.5725E-5,3.2E-7,1.12E-6,M2,3.402E-5,1.6525000000000002E-5,7.2E-7,3.2E-7,M2,3.567E-5,4.0E-8,6.0E-7,2.0E-7,M2,1.0870000000000001E-5,4.0E-8,2.5E-5,2.0E-7,M2,1.047E-5,4.0E-8,6.0E-7,2.0E-7,M2,1.736E-5,2.2E-6,6.0E-7,2.0E-7,M2,1.756E-5,2.2E-6,2.0E-7,1.74E-6,M2,1.756E-5,2.9400000000000002E-6,2.0E-7,1.0E-6,M2,1.676E-5,3.74E-6,1.0E-6,2.0E-7,M2,3.198E-5,2.0555E-5,3.2E-7,7.2E-7,M2,3.156E-5,1.473E-5,3.2E-7,7.2E-7,M2,3.054E-5,1.5775E-5,7.2E-7,3.2E-7,M2,3.5855E-5,1.7805E-5,7.2E-7,3.2E-7,M3,1.45E-5,2.0615E-5,2.0E-7,6.0E-7,M3,1.45E-5,2.1015E-5,6.2E-7,2.0E-7,M3,1.4920000000000001E-5,1.519E-5,2.0E-7,6.025E-6,M3,1.4920000000000001E-5,1.479E-5,2.0E-7,6.0E-7,M3,3.363E-5,9.36E-6,2.0E-7,1.0E-6,M3,3.283E-5,1.0160000000000001E-5,1.0E-6,2.0E-7,M3,3.3560000000000004E-5,1.0160000000000001E-5,2.7E-7,2.0E-7,M3,3.3560000000000004E-5,9.96E-6,2.0E-7,6.0E-7,M3,1.649E-5,4.38E-6,3.2E-7,7.2E-7,M3,1.619E-5,1.3285E-5,7.2E-7,3.2E-7,M3,3.73E-5,1.45E-6,2.0E-7,6.0E-7,M3,3.73E-5,1.72E-6,2.0E-7,3.3E-7,M3,3.187E-5,1.72E-6,5.63E-6,2.0E-7,M3,3.187E-5,1.32E-6,2.0E-7,6.0E-7,M3,2.9540000000000002E-5,1.479E-5,2.0E-7,6.0E-7,M3,1.7E-5,1.519E-5,1.274E-5,2.0E-7,M3,1.7E-5,1.479E-5,2.0E-7,6.0E-7,M3,1.0165E-5,1.7805E-5,7.2E-7,3.2E-7,M3,1.0365E-5,1.5775E-5,3.2E-7,1.12E-6,M3,1.0365E-5,1.5775E-5,1.12E-6,3.2E-7,M3,1.63E-6,6.5E-7,2.0E-7,1.0E-6,M3,1.63E-6,6.5E-7,1.0E-6,2.0E-7,M3,1.63E-6,6.5E-7,1.3E-6,2.0E-7,M3,2.73E-6,6.5E-7,2.0E-7,6.0E-7,M3,1.2980000000000001E-5,9.96E-6,2.0E-7,6.0E-7,M3,1.291E-5,1.0160000000000001E-5,2.7E-7,2.0E-7,M3,1.291E-5,1.0160000000000001E-5,1.0E-6,2.0E-7,M3,1.291E-5,9.36E-6,2.0E-7,1.0E-6,M3,2.989E-5,1.3345E-5,6.0E-7,2.0E-7,M3,3.009E-5,4.44E-6,2.0E-7,9.105E-6,M3,2.929E-5,4.44E-6,1.0E-6,2.0E-7,M3,3.009E-5,4.44E-6,2.0E-7,1.0E-6,M3,2.171E-5,1.6525000000000002E-5,1.12E-6,3.2E-7,M3,2.171E-5,1.5725E-5,3.2E-7,1.12E-6,M3,3.402E-5,1.6525000000000002E-5,7.2E-7,3.2E-7,M3,3.204E-5,2.0615E-5,2.0E-7,6.0E-7,M3,3.162E-5,2.1015E-5,6.2E-7,2.0E-7,M3,3.162E-5,1.519E-5,2.0E-7,6.025E-6,M3,3.162E-5,1.479E-5,2.0E-7,6.0E-7,M3,3.054E-5,1.5775E-5,7.2E-7,3.2E-7,M3,3.5855E-5,1.7805E-5,7.2E-7,3.2E-7,M4,1.649E-5,4.38E-6,3.2E-7,7.2E-7,M4,1.639E-5,4.38E-6,3.2E-7,1.12E-6,M4,1.639E-5,4.38E-6,1.12E-6,3.2E-7,M4,1.645E-5,4.44E-6,2.0E-7,9.105E-6,M4,1.6250000000000002E-5,1.3345E-5,6.0E-7,2.0E-7,M4,1.0225E-5,1.7865E-5,6.0E-7,2.0E-7,M4,1.0425000000000001E-5,1.5835E-5,2.0E-7,2.2300000000000002E-6,M4,1.0425000000000001E-5,1.5835E-5,2.0E-7,1.0E-6,M4,1.0425000000000001E-5,1.5835E-5,1.0E-6,2.0E-7,M4,2.171E-5,1.6525000000000002E-5,1.12E-6,3.2E-7,M4,2.171E-5,1.5725E-5,3.2E-7,1.12E-6,M4,3.402E-5,1.6525000000000002E-5,7.2E-7,3.2E-7,M4,3.054E-5,1.5775E-5,7.2E-7,3.2E-7,M4,3.5855E-5,1.7805E-5,7.2E-7,3.2E-7,M5,1.655E-5,4.44E-6,2.0E-7,6.0E-7,M5,1.645E-5,4.44E-6,3.0E-7,2.0E-7,M5,1.645E-5,4.44E-6,2.0E-7,1.0E-6,M5,1.645E-5,4.44E-6,1.0E-6,2.0E-7,M5,2.177E-5,1.6585E-5,1.0E-6,2.0E-7,M5,2.177E-5,1.5785E-5,2.0E-7,1.0E-6,M5,2.177E-5,1.6585E-5,1.251E-5,2.0E-7,M5,3.408E-5,1.6585E-5,6.0E-7,2.0E-7,M5,3.054E-5,1.5775E-5,7.2E-7,3.2E-7,M5,3.5255E-5,1.5775E-5,1.12E-6,3.2E-7,M5,3.6055E-5,1.5775E-5,3.2E-7,1.12E-6,M5,3.6115E-5,1.5835E-5,2.0E-7,2.2300000000000002E-6,M5,3.5915E-5,1.7865E-5,6.0E-7,2.0E-7,M6,3.06E-5,1.5835E-5,6.0E-7,2.0E-7,M6,3.1E-5,1.5835E-5,5.315E-6,2.0E-7,M6,3.5315E-5,1.5835E-5,1.0E-6,2.0E-7,M6,3.6115E-5,1.5835E-5,2.0E-7,1.0E-6,
M1,2.3350000000000002E-5,1.805E-6,1.9200000000000003E-6,1.6E-7,M1,3.179E-5,2.0E-8,6.4E-7,2.4000000000000003E-7,M1,1.619E-5,2.0E-8,6.4E-7,2.4000000000000003E-7,M1,3.447E-5,1.077E-5,2.4000000000000003E-7,6.4E-7,M1,2.975E-5,9.25E-7,2.4000000000000003E-7,6.4E-7,M1,3.146E-5,2.006E-5,1.6E-7,1.105E-6,M1,2.934E-5,2.006E-5,2.28E-6,1.6E-7,M1,4.073E-5,5.4E-7,2.4000000000000003E-7,6.4E-7,M1,4.069E-5,1.8540000000000002E-5,2.4000000000000003E-7,6.4E-7,M1,7.65E-6,5.4E-7,2.4000000000000003E-7,6.4E-7,M1,7.690000000000001E-6,1.8540000000000002E-5,2.4000000000000003E-7,6.4E-7,M1,4.794E-5,1.898E-5,2.4000000000000003E-7,6.4E-7,M1,4.82E-5,1.502E-5,2.4000000000000003E-7,6.4E-7,M1,1.908E-5,1.9620000000000002E-5,2.4000000000000003E-7,6.4E-7,M1,2.93E-5,1.9620000000000002E-5,2.4000000000000003E-7,6.4E-7,M1,4.4E-7,1.898E-5,2.4000000000000003E-7,6.4E-7,M1,1.8E-7,1.502E-5,2.4000000000000003E-7,6.4E-7,M1,2.9350000000000002E-5,2.35E-6,1.6E-7,1.395E-6,M1,2.9350000000000002E-5,3.585E-6,4.9050000000000005E-6,1.6E-7,M1,1.863E-5,9.25E-7,2.4000000000000003E-7,6.4E-7,M1,1.863E-5,1.037E-5,2.4000000000000003E-7,1.04E-6,M1,1.783E-5,1.117E-5,1.04E-6,2.4000000000000003E-7,M1,1.395E-5,1.121E-5,4.88E-6,1.6E-7,M1,9.43E-6,4.7250000000000005E-6,1.9200000000000003E-6,1.6E-7,M1,2.2290000000000002E-5,2.31E-6,6.4E-7,2.4000000000000003E-7,M1,3.951E-5,3.545E-6,6.4E-7,2.4000000000000003E-7,M1,3.318E-5,1.0330000000000001E-5,2.4000000000000003E-7,6.4E-7,M1,3.194E-5,1.7840000000000002E-5,6.4E-7,2.4000000000000003E-7,M1,1.648E-5,1.788E-5,3.32E-6,1.6E-7,M1,2.8460000000000002E-5,2.006E-5,1.6E-7,8.6E-7,M1,2.8460000000000002E-5,2.076E-5,5.05E-7,1.6E-7,M1,2.8820000000000002E-5,1.788E-5,3.32E-6,1.6E-7,M1,1.908E-5,1.9620000000000002E-5,2.4000000000000003E-7,6.4E-7,M1,1.696E-5,2.0565E-5,2.4000000000000003E-7,6.4E-7,M1,1.911E-5,2.35E-6,1.6E-7,1.395E-6,M1,1.4365E-5,3.585E-6,4.9050000000000005E-6,1.6E-7,M1,3.727E-5,4.7250000000000005E-6,1.9200000000000003E-6,1.6E-7,M1,2.007E-5,1.785E-6,1.6E-7,1.8E-7,M1,1.48E-5,1.785E-6,5.4300000000000005E-6,1.6E-7,M1,2.569E-5,2.31E-6,6.4E-7,2.4000000000000003E-7,M1,8.47E-6,3.545E-6,6.4E-7,2.4000000000000003E-7,M1,2.0E-5,2.006E-5,1.6E-7,8.6E-7,M1,1.9655E-5,2.076E-5,5.05E-7,1.6E-7,M1,1.52E-5,1.0330000000000001E-5,2.4000000000000003E-7,6.4E-7,M1,1.604E-5,1.7840000000000002E-5,6.4E-7,2.4000000000000003E-7,M1,2.839E-5,1.785E-6,1.6E-7,1.8E-7,M1,2.839E-5,1.785E-6,5.4300000000000005E-6,1.6E-7,M2,3.181E-5,4.0E-8,6.0E-7,2.0E-7,M2,1.6610000000000002E-5,4.0E-8,1.54E-5,2.0E-7,M2,1.621E-5,4.0E-8,6.0E-7,2.0E-7,M2,3.443E-5,1.073E-5,3.2E-7,7.2E-7,M2,2.9710000000000002E-5,8.85E-7,3.2E-7,7.2E-7,M2,4.075E-5,5.6E-7,2.0E-7,6.0E-7,M2,4.071E-5,5.6E-7,2.4000000000000003E-7,2.0E-7,M2,4.071E-5,5.6E-7,2.0E-7,1.8200000000000002E-5,M2,4.071E-5,1.8560000000000002E-5,2.0E-7,6.0E-7,M2,7.67E-6,5.6E-7,2.0E-7,6.0E-7,M2,7.67E-6,5.6E-7,2.4000000000000003E-7,2.0E-7,M2,7.71E-6,5.6E-7,2.0E-7,1.8200000000000002E-5,M2,7.71E-6,1.8560000000000002E-5,2.0E-7,6.0E-7,M2,4.796E-5,1.9E-5,2.0E-7,6.0E-7,M2,4.796E-5,1.544E-5,2.0E-7,3.76E-6,M2,4.796E-5,1.544E-5,4.6E-7,2.0E-7,M2,4.822E-5,1.504E-5,2.0E-7,6.0E-7,M2,1.91E-5,1.9640000000000002E-5,2.0E-7,6.0E-7,M2,1.91E-5,2.004E-5,1.042E-5,2.0E-7,M2,2.932E-5,1.9640000000000002E-5,2.0E-7,6.0E-7,M2,4.6E-7,1.9E-5,2.0E-7,6.0E-7,M2,4.6E-7,1.544E-5,2.0E-7,3.76E-6,M2,2.0E-7,1.544E-5,4.6E-7,2.0E-7,M2,2.0E-7,1.504E-5,2.0E-7,6.0E-7,M2,1.859E-5,8.85E-7,3.2E-7,7.2E-7,M2,1.859E-5,1.0330000000000001E-5,3.2E-7,1.12E-6,M2,1.779E-5,1.113E-5,1.12E-6,3.2E-7,M2,2.2250000000000002E-5,2.27E-6,7.2E-7,3.2E-7,M2,3.947E-5,3.505E-6,7.2E-7,3.2E-7,M2,3.314E-5,1.029E-5,3.2E-7,7.2E-7,M2,3.19E-5,1.78E-5,7.2E-7,3.2E-7,M2,1.904E-5,1.958E-5,3.2E-7,7.2E-7,M2,1.692E-5,2.0525E-5,3.2E-7,7.2E-7,M2,2.571E-5,2.33E-6,6.0E-7,2.0E-7,M2,2.571E-5,2.33E-6,2.0E-7,1.435E-6,M2,8.89E-6,3.565E-6,1.702E-5,2.0E-7,M2,8.49E-6,3.565E-6,6.0E-7,2.0E-7,M2,1.516E-5,1.029E-5,3.2E-7,7.2E-7,M2,1.6E-5,1.78E-5,7.2E-7,3.2E-7,M3,3.443E-5,1.073E-5,3.2E-7,7.2E-7,M3,2.9710000000000002E-5,8.85E-7,3.2E-7,7.2E-7,M3,1.865E-5,9.450000000000001E-7,2.0E-7,6.0E-7,M3,1.865E-5,1.345E-6,2.0E-7,1.0045E-5,M3,1.865E-5,1.039E-5,2.0E-7,1.0E-6,M3,1.785E-5,1.119E-5,1.0E-6,2.0E-7,M3,2.231E-5,2.33E-6,6.0E-7,2.0E-7,M3,2.271E-5,2.33E-6,2.0E-7,1.435E-6,M3,2.271E-5,3.565E-6,1.702E-5,2.0E-7,M3,3.953E-5,3.565E-6,6.0E-7,2.0E-7,M3,3.32E-5,1.0350000000000001E-5,2.0E-7,6.0E-7,M3,3.32E-5,1.075E-5,2.0E-7,7.31E-6,M3,3.196E-5,1.7860000000000002E-5,1.44E-6,2.0E-7,M3,3.196E-5,1.7860000000000002E-5,6.0E-7,2.0E-7,M3,1.91E-5,1.9640000000000002E-5,2.0E-7,6.0E-7,M3,1.91E-5,2.004E-5,2.0E-7,1.145E-6,M3,1.698E-5,2.0985E-5,2.3200000000000002E-6,2.0E-7,M3,1.698E-5,2.0585E-5,2.0E-7,6.0E-7,M3,1.522E-5,1.0350000000000001E-5,2.0E-7,6.0E-7,M3,1.522E-5,1.075E-5,2.0E-7,7.31E-6,M3,1.522E-5,1.7860000000000002E-5,1.44E-6,2.0E-7,M3,1.606E-5,1.7860000000000002E-5,6.0E-7,2.0E-7,M4,3.4490000000000004E-5,1.079E-5,2.0E-7,6.0E-7,M4,2.977E-5,1.119E-5,4.92E-6,2.0E-7,M4,2.977E-5,1.345E-6,2.0E-7,1.0045E-5,M4,2.977E-5,9.450000000000001E-7,2.0E-7,6.0E-7,
M1,3.073E-5,2.35E-6,1.6E-7,1.44E-6,M1,3.071E-5,2.35E-6,1.8E-7,1.6E-7,M1,3.984E-5,1.8035E-5,1.6E-7,1.65E-7,M1,3.98E-5,1.8E-5,1.04E-6,2.4000000000000003E-7,M1,3.98E-5,1.72E-5,2.4000000000000003E-7,1.04E-6,M1,4.192E-5,1.8E-5,2.4000000000000003E-7,6.4E-7,M1,3.866E-5,1.69E-5,1.6E-7,8.55E-7,M1,3.8615E-5,1.69E-5,2.05E-7,1.6E-7,M1,2.625E-5,2.31E-6,6.4E-7,2.4000000000000003E-7,M1,2.603E-5,3.59E-6,6.4E-7,2.4000000000000003E-7,M1,1.52E-5,1.8E-5,2.4000000000000003E-7,6.4E-7,M1,1.732E-5,1.7995E-5,2.4000000000000003E-7,6.4E-7,M1,4.453E-5,1.686E-5,6.4E-7,2.4000000000000003E-7,M1,3.878E-5,1.686E-5,6.4E-7,2.4000000000000003E-7,M1,3.9960000000000004E-5,2.5E-6,2.4000000000000003E-7,6.4E-7,M1,3.276E-5,1.365E-6,2.4000000000000003E-7,6.4E-7,M1,3.1455E-5,9.65E-6,6.4E-7,2.4000000000000003E-7,M1,3.1655E-5,1.478E-5,2.4000000000000003E-7,1.04E-6,M1,3.0855E-5,1.558E-5,1.04E-6,2.4000000000000003E-7,M1,8.03E-6,1.562E-5,2.3825E-5,1.6E-7,M1,1.52E-6,1.756E-5,2.4000000000000003E-7,6.4E-7,M1,2.53E-6,7.2E-7,2.4000000000000003E-7,1.04E-6,M1,2.53E-6,7.2E-7,1.04E-6,2.4000000000000003E-7,M1,2.57E-6,7.6E-7,2.25E-6,1.6E-7,M1,2.677E-5,8.11E-6,2.4000000000000003E-7,6.4E-7,M1,2.677E-5,1.606E-5,2.4000000000000003E-7,1.04E-6,M1,2.597E-5,1.686E-5,1.04E-6,2.4000000000000003E-7,M1,1.98E-5,1.69E-5,7.17E-6,1.6E-7,M1,5.277E-5,2.0E-8,6.4E-7,2.4000000000000003E-7,M1,1.743E-5,2.0E-8,6.4E-7,2.4000000000000003E-7,M1,4.4E-7,1.8E-5,2.4000000000000003E-7,6.4E-7,M1,1.8E-7,1.4040000000000001E-5,2.4000000000000003E-7,6.4E-7,M1,3.0390000000000002E-5,1.69E-5,7.17E-6,1.6E-7,M1,3.035E-5,1.686E-5,1.04E-6,2.4000000000000003E-7,M1,3.035E-5,1.606E-5,2.4000000000000003E-7,1.04E-6,M1,3.035E-5,8.11E-6,2.4000000000000003E-7,6.4E-7,M1,1.8540000000000002E-5,1.69E-5,1.6E-7,8.55E-7,M1,1.8540000000000002E-5,1.69E-5,2.05E-7,1.6E-7,M1,3.422E-5,1.365E-6,1.6E-7,3.565E-6,M1,3.418E-5,3.9300000000000005E-6,2.4000000000000003E-7,1.04E-6,M1,3.338E-5,4.7300000000000005E-6,1.04E-6,2.4000000000000003E-7,M1,3.3915E-5,4.7300000000000005E-6,6.4E-7,2.4000000000000003E-7,M1,3.414E-5,4.77E-6,1.75E-7,1.6E-7,M1,5.694E-5,1.4040000000000001E-5,2.4000000000000003E-7,6.4E-7,M1,5.668E-5,1.8E-5,2.4000000000000003E-7,6.4E-7,M1,1.2280000000000001E-5,4.77E-6,1.094E-5,1.6E-7,M1,1.2280000000000001E-5,4.77E-6,1.6E-7,1.45E-6,M1,1.2545000000000001E-5,1.69E-5,5.595E-6,1.6E-7,M1,1.2305E-5,1.686E-5,6.4E-7,2.4000000000000003E-7,M1,1.219E-5,1.686E-5,6.4E-7,2.4000000000000003E-7,M1,2.436E-5,1.365E-6,2.4000000000000003E-7,6.4E-7,M1,1.7160000000000002E-5,2.5E-6,2.4000000000000003E-7,6.4E-7,M1,2.298E-5,4.77E-6,2.4000000000000003E-7,1.6E-7,M1,2.298E-5,1.365E-6,1.6E-7,3.565E-6,M1,4.893E-5,1.558E-5,6.4E-7,2.4000000000000003E-7,M1,2.5265E-5,9.65E-6,6.4E-7,2.4000000000000003E-7,M1,5.25E-5,7.2E-7,2.4000000000000003E-7,6.4E-7,M1,5.56E-5,1.756E-5,2.4000000000000003E-7,6.4E-7,M1,1.944E-5,1.8795E-5,1.848E-5,1.6E-7,M1,2.7720000000000002E-5,1.805E-6,1.9200000000000003E-6,1.6E-7,M1,3.414E-5,4.77E-6,1.094E-5,1.6E-7,M1,4.4920000000000004E-5,4.77E-6,1.6E-7,1.45E-6,M2,3.982E-5,1.802E-5,1.0E-6,2.0E-7,M2,3.982E-5,1.722E-5,2.0E-7,1.0E-6,M2,3.982E-5,1.802E-5,2.3200000000000002E-6,2.0E-7,M2,4.194E-5,1.802E-5,2.0E-7,6.0E-7,M2,2.621E-5,2.27E-6,7.2E-7,3.2E-7,M2,2.599E-5,3.55E-6,7.2E-7,3.2E-7,M2,1.522E-5,1.802E-5,2.0E-7,6.0E-7,M2,1.522E-5,1.8015E-5,2.0E-7,2.05E-7,M2,1.522E-5,1.8015E-5,2.3200000000000002E-6,2.0E-7,M2,1.734E-5,1.8015E-5,2.0E-7,6.0E-7,M2,4.449E-5,1.682E-5,7.2E-7,3.2E-7,M2,3.874E-5,1.682E-5,7.2E-7,3.2E-7,M2,3.998E-5,2.52E-6,2.0E-7,6.0E-7,M2,3.998E-5,1.785E-6,2.0E-7,1.335E-6,M2,3.278E-5,1.785E-6,7.4E-6,2.0E-7,M2,3.278E-5,1.385E-6,2.0E-7,6.0E-7,M2,3.1475E-5,9.67E-6,6.0E-7,2.0E-7,M2,3.1675E-5,9.67E-6,2.0E-7,6.13E-6,M2,3.1675E-5,1.48E-5,2.0E-7,1.0E-6,M2,3.0875E-5,1.56E-5,1.0E-6,2.0E-7,M2,1.48E-6,1.752E-5,3.2E-7,7.2E-7,M2,2.49E-6,6.800000000000001E-7,3.2E-7,1.12E-6,M2,2.49E-6,6.800000000000001E-7,1.12E-6,3.2E-7,M2,2.673E-5,8.07E-6,3.2E-7,7.2E-7,M2,2.673E-5,1.602E-5,3.2E-7,1.12E-6,M2,2.593E-5,1.682E-5,1.12E-6,3.2E-7,M2,5.273E-5,-2.0E-8,7.2E-7,3.2E-7,M2,1.739E-5,-2.0E-8,7.2E-7,3.2E-7,M2,4.0E-7,1.796E-5,3.2E-7,7.2E-7,M2,1.4E-7,1.4E-5,3.2E-7,7.2E-7,M2,3.0370000000000002E-5,1.688E-5,1.0E-6,2.0E-7,M2,3.0370000000000002E-5,1.6080000000000002E-5,2.0E-7,1.0E-6,M2,3.0370000000000002E-5,8.53E-6,2.0E-7,8.55E-6,M2,3.0370000000000002E-5,8.13E-6,2.0E-7,6.0E-7,M2,3.414E-5,3.89E-6,3.2E-7,1.12E-6,M2,3.334E-5,4.69E-6,1.12E-6,3.2E-7,M2,3.3875000000000003E-5,4.69E-6,7.2E-7,3.2E-7,M2,5.69E-5,1.4E-5,3.2E-7,7.2E-7,M2,5.664E-5,1.796E-5,3.2E-7,7.2E-7,M2,1.2325E-5,1.688E-5,6.0E-7,2.0E-7,M2,1.241E-5,1.688E-5,3.15E-7,2.0E-7,M2,1.221E-5,1.688E-5,6.0E-7,2.0E-7,M2,2.438E-5,1.385E-6,2.0E-7,6.0E-7,M2,1.718E-5,1.785E-6,7.4E-6,2.0E-7,M2,1.718E-5,1.785E-6,2.0E-7,1.335E-6,M2,1.718E-5,2.52E-6,2.0E-7,6.0E-7,M2,4.889E-5,1.554E-5,7.2E-7,3.2E-7,M2,3.726E-5,1.554E-5,1.12E-6,3.2E-7,M2,3.726E-5,1.474E-5,3.2E-7,1.12E-6,M2,3.732E-5,9.67E-6,2.0E-7,6.13E-6,M2,3.646E-5,9.61E-6,1.12E-6,3.2E-7,M2,3.726E-5,9.61E-6,3.2E-7,1.12E-6,M2,2.5225E-5,9.61E-6,7.2E-7,3.2E-7,M2,5.252E-5,7.4E-7,2.0E-7,6.0E-7,M2,5.252E-5,7.4E-7,2.0E-7,1.704E-5,M2,5.252E-5,1.758E-5,3.3E-6,2.0E-7,M2,5.562E-5,1.758E-5,2.0E-7,6.0E-7,M3,2.621E-5,2.27E-6,7.2E-7,3.2E-7,M3,2.599E-5,3.55E-6,7.2E-7,3.2E-7,M3,4.455E-5,1.688E-5,6.0E-7,2.0E-7,M3,3.9200000000000004E-5,1.688E-5,5.75E-6,2.0E-7,M3,3.88E-5,1.688E-5,6.0E-7,2.0E-7,M3,1.54E-6,1.758E-5,2.0E-7,6.0E-7,M3,1.54E-6,1.758E-5,1.21E-6,2.0E-7,M3,2.55E-6,7.4E-7,2.0E-7,1.704E-5,M3,2.55E-6,7.4E-7,2.0E-7,1.0E-6,M3,2.55E-6,7.4E-7,1.0E-6,2.0E-7,M3,2.679E-5,8.13E-6,2.0E-7,6.0E-7,M3,2.679E-5,8.53E-6,2.0E-7,8.55E-6,M3,2.679E-5,1.6080000000000002E-5,2.0E-7,1.0E-6,M3,2.599E-5,1.688E-5,1.0E-6,2.0E-7,M3,5.279E-5,4.0E-8,6.0E-7,2.0E-7,M3,1.765E-5,4.0E-8,3.554E-5,2.0E-7,M3,1.745E-5,4.0E-8,6.0E-7,2.0E-7,M3,4.6E-7,1.802E-5,2.0E-7,6.0E-7,M3,2.0E-7,1.802E-5,4.6E-7,2.0E-7,M3,2.0E-7,1.446E-5,2.0E-7,3.76E-6,M3,2.0E-7,1.4060000000000001E-5,2.0E-7,6.0E-7,M3,3.414E-5,3.89E-6,3.2E-7,1.12E-6,M3,3.334E-5,4.69E-6,1.12E-6,3.2E-7,M3,3.3875000000000003E-5,4.69E-6,7.2E-7,3.2E-7,M3,5.6960000000000004E-5,1.4060000000000001E-5,2.0E-7,6.0E-7,M3,5.6960000000000004E-5,1.446E-5,2.0E-7,3.76E-6,M3,5.67E-5,1.802E-5,4.6E-7,2.0E-7,M3,5.67E-5,1.802E-5,2.0E-7,6.0E-7,M3,4.889E-5,1.554E-5,7.2E-7,3.2E-7,M3,3.726E-5,1.554E-5,1.12E-6,3.2E-7,M3,3.726E-5,1.474E-5,3.2E-7,1.12E-6,M3,3.646E-5,9.61E-6,1.12E-6,3.2E-7,M3,3.726E-5,9.61E-6,3.2E-7,1.12E-6,M3,2.5225E-5,9.61E-6,7.2E-7,3.2E-7,M4,2.621E-5,2.27E-6,7.2E-7,3.2E-7,M4,2.599E-5,3.55E-6,7.2E-7,3.2E-7,M4,3.42E-5,3.95E-6,2.0E-7,1.0E-6,M4,3.34E-5,4.75E-6,1.0E-6,2.0E-7,M4,3.4135E-5,4.75E-6,2.65E-7,2.0E-7,M4,3.3935E-5,4.75E-6,6.0E-7,2.0E-7,M4,4.889E-5,1.554E-5,7.2E-7,3.2E-7,M4,3.726E-5,1.554E-5,1.12E-6,3.2E-7,M4,3.726E-5,1.474E-5,3.2E-7,1.12E-6,M4,3.652E-5,9.67E-6,1.0E-6,2.0E-7,M4,3.732E-5,9.67E-6,2.0E-7,1.0E-6,M4,2.5485E-5,9.67E-6,1.2035E-5,2.0E-7,M4,2.5285E-5,9.67E-6,6.0E-7,2.0E-7,M5,2.627E-5,2.33E-6,6.0E-7,2.0E-7,M5,2.647E-5,2.33E-6,2.0E-7,1.48E-6,M5,2.645E-5,3.61E-6,2.2E-7,2.0E-7,M5,2.605E-5,3.61E-6,6.0E-7,2.0E-7,M5,4.889E-5,1.554E-5,7.2E-7,3.2E-7,M5,3.726E-5,1.554E-5,1.12E-6,3.2E-7,M5,3.726E-5,1.474E-5,3.2E-7,1.12E-6,M6,4.8950000000000004E-5,1.56E-5,6.0E-7,2.0E-7,M6,3.732E-5,1.56E-5,1.203E-5,2.0E-7,M6,3.732E-5,1.56E-5,1.0E-6,2.0E-7,M6,3.732E-5,1.48E-5,2.0E-7,1.0E-6,
M1,4.75E-5,1.4845000000000001E-5,6.4E-7,2.4000000000000003E-7,M1,4.426E-5,1.485E-5,2.4000000000000003E-7,6.4E-7,M1,2.345E-5,2.22E-6,6.4E-7,2.4000000000000003E-7,M1,3.923E-5,2.22E-6,6.4E-7,2.4000000000000003E-7,M1,4.4195E-5,2.35E-6,1.6E-7,1.35E-6,M1,3.5550000000000004E-5,2.35E-6,8.805E-6,1.6E-7,M1,2.761E-5,2.35E-6,1.6E-7,1.35E-6,M1,1.8965E-5,3.54E-6,8.805E-6,1.6E-7,M1,4.637E-5,4.68E-6,1.9200000000000003E-6,1.6E-7,M1,2.736E-5,1.76E-6,1.6E-7,2.05E-7,M1,2.178E-5,1.76E-6,5.74E-6,1.6E-7,M1,1.8E-7,1.2025000000000001E-5,2.4000000000000003E-7,6.4E-7,M1,4.4E-7,1.5380000000000002E-5,2.4000000000000003E-7,6.4E-7,M1,4.800000000000001E-7,1.562E-5,1.6E-7,5.65E-7,M1,1.959E-5,1.079E-5,2.4000000000000003E-7,6.4E-7,M1,1.959E-5,1.325E-6,2.4000000000000003E-7,1.04E-6,M1,1.959E-5,1.325E-6,1.04E-6,2.4000000000000003E-7,M1,1.963E-5,1.365E-6,6.46E-6,1.6E-7,M1,4.134E-5,1.32E-6,2.4000000000000003E-7,6.4E-7,M1,4.134E-5,9.65E-7,2.4000000000000003E-7,1.04E-6,M1,4.054E-5,1.765E-6,1.04E-6,2.4000000000000003E-7,M1,3.58E-5,1.805E-6,5.74E-6,1.6E-7,M1,1.3880000000000001E-5,1.5545E-5,2.4000000000000003E-7,6.4E-7,M1,1.379E-5,5.2E-7,2.4000000000000003E-7,6.4E-7,M1,1.826E-5,4.2000000000000004E-6,2.4000000000000003E-7,6.4E-7,M1,1.846E-5,1.3170000000000001E-5,6.4E-7,2.4000000000000003E-7,M1,1.503E-5,4.68E-6,1.9200000000000003E-6,1.6E-7,M1,4.514E-5,1.3870000000000001E-5,2.4000000000000003E-7,6.4E-7,M1,4.764E-5,1.8075E-5,6.4E-7,2.4000000000000003E-7,M1,4.788E-5,1.8115000000000002E-5,5.0E-7,1.6E-7,M1,3.719E-5,9.25E-7,2.4000000000000003E-7,6.4E-7,M1,3.719E-5,1.119E-5,1.04E-6,2.4000000000000003E-7,M1,3.719E-5,1.039E-5,2.4000000000000003E-7,1.04E-6,M1,3.723E-5,1.1230000000000001E-5,6.46E-6,1.6E-7,M1,6.29E-5,1.2025000000000001E-5,2.4000000000000003E-7,6.4E-7,M1,6.264E-5,1.5380000000000002E-5,2.4000000000000003E-7,6.4E-7,M1,6.268E-5,1.562E-5,1.6E-7,5.65E-7,M1,1.562E-5,1.529E-5,3.4E-6,1.6E-7,M1,1.558E-5,1.525E-5,1.04E-6,2.4000000000000003E-7,M1,1.558E-5,1.445E-5,2.4000000000000003E-7,1.04E-6,M1,1.518E-5,1.4845000000000001E-5,6.4E-7,2.4000000000000003E-7,M1,1.4940000000000001E-5,1.8115000000000002E-5,3.2E-6,1.6E-7,M1,1.794E-5,1.7275E-5,2.4000000000000003E-7,1.04E-6,M1,1.7140000000000002E-5,1.8075E-5,1.04E-6,2.4000000000000003E-7,M1,1.794E-5,1.3870000000000001E-5,2.4000000000000003E-7,6.4E-7,M1,1.798E-5,1.391E-5,2.736E-5,1.6E-7,M1,7.535E-6,1.3605000000000001E-5,2.6320000000000002E-5,1.6E-7,M1,3.3695E-5,2.35E-6,1.6E-7,1.1415E-5,M1,4.422E-5,1.3170000000000001E-5,6.4E-7,2.4000000000000003E-7,M1,4.482E-5,4.2000000000000004E-6,2.4000000000000003E-7,6.4E-7,M1,4.43E-5,1.529E-5,1.6E-7,8.6E-7,M1,4.43E-5,1.599E-5,5.0E-7,1.6E-7,M1,5.5385E-5,1.3565E-5,6.4E-7,2.4000000000000003E-7,M1,2.9225000000000002E-5,2.31E-6,6.4E-7,2.4000000000000003E-7,M1,4.9330000000000004E-5,5.6E-7,1.6E-7,1.5185000000000001E-5,M1,4.9290000000000004E-5,1.4745E-5,2.4000000000000003E-7,1.04E-6,M1,4.849E-5,1.5545E-5,1.04E-6,2.4000000000000003E-7,M1,4.92E-5,1.5545E-5,2.4000000000000003E-7,6.4E-7,M1,3.07E-5,1.805E-6,1.9200000000000003E-6,1.6E-7,M1,1.886E-5,1.529E-5,1.6E-7,8.6E-7,M1,1.852E-5,1.599E-5,5.0E-7,1.6E-7,M2,4.752E-5,1.4865E-5,6.0E-7,2.0E-7,M2,4.752E-5,1.4865E-5,2.0E-7,6.05E-7,M2,4.746E-5,1.4410000000000001E-5,3.2E-7,1.12E-6,M2,4.6660000000000004E-5,1.521E-5,1.12E-6,3.2E-7,M2,4.422E-5,1.481E-5,3.2E-7,7.2E-7,M2,2.341E-5,2.18E-6,7.2E-7,3.2E-7,M2,3.919E-5,2.18E-6,7.2E-7,3.2E-7,M2,2.0E-7,1.2045E-5,2.0E-7,6.0E-7,M2,2.0E-7,1.2445E-5,4.6E-7,2.0E-7,M2,4.6E-7,1.2445E-5,2.0E-7,3.355E-6,M2,4.6E-7,1.54E-5,2.0E-7,6.0E-7,M2,1.961E-5,1.081E-5,2.0E-7,6.0E-7,M2,1.961E-5,1.345E-6,2.0E-7,1.0065000000000001E-5,M2,1.961E-5,1.345E-6,2.0E-7,1.0E-6,M2,1.961E-5,1.345E-6,1.0E-6,2.0E-7,M2,4.1360000000000004E-5,1.34E-6,2.0E-7,6.0E-7,M2,4.1360000000000004E-5,1.74E-6,2.0E-7,2.45E-7,M2,4.1360000000000004E-5,9.85E-7,2.0E-7,1.0E-6,M2,4.056E-5,1.785E-6,1.0E-6,2.0E-7,M2,1.39E-5,1.5565E-5,2.0E-7,6.0E-7,M2,1.39E-5,5.4E-7,2.0E-7,1.5225E-5,M2,1.381E-5,5.4E-7,2.9000000000000003E-7,2.0E-7,M2,1.381E-5,5.4E-7,2.0E-7,6.0E-7,M2,1.828E-5,4.22E-6,2.0E-7,6.0E-7,M2,1.828E-5,4.22E-6,2.0E-7,9.17E-6,M2,1.828E-5,1.319E-5,4.0E-7,2.0E-7,M2,1.848E-5,1.319E-5,6.0E-7,2.0E-7,M2,4.51E-5,1.383E-5,3.2E-7,7.2E-7,M2,4.76E-5,1.8035E-5,7.2E-7,3.2E-7,M2,3.715E-5,8.85E-7,3.2E-7,7.2E-7,M2,3.715E-5,1.115E-5,1.12E-6,3.2E-7,M2,3.715E-5,1.0350000000000001E-5,3.2E-7,1.12E-6,M2,6.292E-5,1.2045E-5,2.0E-7,6.0E-7,M2,6.266E-5,1.2445E-5,4.6E-7,2.0E-7,M2,6.266E-5,1.2445E-5,2.0E-7,3.355E-6,M2,6.266E-5,1.54E-5,2.0E-7,6.0E-7,M2,1.56E-5,1.527E-5,1.0E-6,2.0E-7,M2,1.56E-5,1.447E-5,2.0E-7,1.0E-6,M2,1.56E-5,1.4865E-5,2.0E-7,6.05E-7,M2,1.52E-5,1.4865E-5,6.0E-7,2.0E-7,M2,1.796E-5,1.7295E-5,2.0E-7,1.0E-6,M2,1.7160000000000002E-5,1.8095E-5,1.0E-6,2.0E-7,M2,1.796E-5,1.389E-5,2.0E-7,4.405E-6,M2,1.796E-5,1.389E-5,2.0E-7,6.0E-7,M2,4.424E-5,1.319E-5,6.0E-7,2.0E-7,M2,4.464E-5,4.22E-6,2.0E-7,9.17E-6,M2,4.464E-5,4.22E-6,4.0E-7,2.0E-7,M2,4.484E-5,4.22E-6,2.0E-7,6.0E-7,M2,5.5405E-5,1.3585E-5,6.0E-7,2.0E-7,M2,2.9445E-5,1.3585E-5,2.6360000000000002E-5,2.0E-7,M2,2.9445E-5,2.33E-6,2.0E-7,1.1455E-5,M2,2.9245000000000002E-5,2.33E-6,6.0E-7,2.0E-7,M2,4.931E-5,1.4765E-5,2.0E-7,1.0E-6,M2,4.851E-5,1.5565E-5,1.0E-6,2.0E-7,M2,4.922E-5,1.5565E-5,2.9000000000000003E-7,2.0E-7,M2,4.922E-5,1.5565E-5,2.0E-7,6.0E-7,M3,4.746E-5,1.4410000000000001E-5,3.2E-7,1.12E-6,M3,4.6660000000000004E-5,1.521E-5,1.12E-6,3.2E-7,M3,4.422E-5,1.481E-5,3.2E-7,7.2E-7,M3,2.347E-5,2.24E-6,6.0E-7,2.0E-7,M3,2.387E-5,2.24E-6,1.558E-5,2.0E-7,M3,3.925E-5,2.24E-6,6.0E-7,2.0E-7,M3,4.516E-5,1.389E-5,2.0E-7,6.0E-7,M3,4.516E-5,1.389E-5,2.0E-7,4.405E-6,M3,4.516E-5,1.8095E-5,2.9E-6,2.0E-7,M3,4.766E-5,1.8095E-5,6.0E-7,2.0E-7,M3,3.721E-5,9.450000000000001E-7,2.0E-7,6.0E-7,M3,3.721E-5,1.345E-6,2.0E-7,1.0065000000000001E-5,M3,3.721E-5,1.121E-5,1.0E-6,2.0E-7,M3,3.721E-5,1.041E-5,2.0E-7,1.0E-6,M4,4.752E-5,1.447E-5,2.0E-7,1.0E-6,M4,4.672E-5,1.527E-5,1.0E-6,2.0E-7,M4,4.428E-5,1.527E-5,3.44E-6,2.0E-7,M4,4.428E-5,1.487E-5,2.0E-7,6.0E-7,
M1,3.31E-6,6.6E-7,2.4000000000000003E-7,6.4E-7,M1,3.12E-6,1.5555E-5,6.4E-7,2.4000000000000003E-7,M1,3.36E-6,1.5595E-5,3.7E-7,1.6E-7,M1,4.636E-5,1.6035E-5,2.28E-6,1.6E-7,M1,4.4895E-5,1.4895E-5,4.265E-6,1.6E-7,M1,1.636E-5,1.6035E-5,2.28E-6,1.6E-7,M1,4.629E-5,4.96E-6,1.9200000000000003E-6,1.6E-7,M1,6.432000000000001E-5,1.5995000000000002E-5,2.4000000000000003E-7,6.4E-7,M1,6.458E-5,1.2035E-5,2.4000000000000003E-7,6.4E-7,M1,4.853E-5,3.7800000000000002E-6,6.4E-7,2.4000000000000003E-7,M1,2.9525E-5,2.0E-8,6.4E-7,2.4000000000000003E-7,M1,3.4835E-5,2.0E-8,6.4E-7,2.4000000000000003E-7,M1,1.583E-5,3.7800000000000002E-6,6.4E-7,2.4000000000000003E-7,M1,4.4E-7,1.5995000000000002E-5,2.4000000000000003E-7,6.4E-7,M1,1.8E-7,1.2035E-5,2.4000000000000003E-7,6.4E-7,M1,1.679E-5,4.96E-6,1.9200000000000003E-6,1.6E-7,M1,3.779E-5,9.25E-7,2.4000000000000003E-7,6.4E-7,M1,3.989E-5,6.51E-6,2.4000000000000003E-7,6.4E-7,M1,4.206E-5,1.46E-6,2.4000000000000003E-7,6.4E-7,M1,3.6440000000000003E-5,1.86E-6,1.04E-6,2.4000000000000003E-7,M1,3.6440000000000003E-5,1.06E-6,2.4000000000000003E-7,1.04E-6,M1,3.648E-5,1.805E-6,1.6E-7,2.55E-7,M1,4.537E-5,1.4895E-5,2.7E-7,1.6E-7,M1,4.548E-5,1.4895E-5,1.6E-7,8.6E-7,M1,3.739E-5,3.82E-6,2.0100000000000002E-6,1.6E-7,M1,3.739E-5,2.35E-6,1.6E-7,1.63E-6,M1,2.006E-5,1.682E-5,2.488E-5,1.6E-7,M1,2.487E-5,6.51E-6,2.4000000000000003E-7,6.4E-7,M1,2.697E-5,9.25E-7,2.4000000000000003E-7,6.4E-7,M1,2.832E-5,1.365E-6,2.4000000000000003E-7,6.4E-7,M1,2.27E-5,1.46E-6,2.4000000000000003E-7,6.4E-7,M1,2.56E-5,3.82E-6,2.0100000000000002E-6,1.6E-7,M1,2.745E-5,2.35E-6,1.6E-7,1.63E-6,M1,1.936E-5,1.5595E-5,2.7E-7,1.6E-7,M1,1.947E-5,1.4895E-5,1.6E-7,8.6E-7,M1,1.947E-5,1.4855000000000001E-5,6.4E-7,2.4000000000000003E-7,M1,1.972E-5,4.48E-6,2.4000000000000003E-7,6.4E-7,M1,1.54E-5,1.4855000000000001E-5,6.4E-7,2.4000000000000003E-7,M1,1.9705000000000002E-5,1.4855000000000001E-5,6.4E-7,2.4000000000000003E-7,M1,4.489E-5,1.4855000000000001E-5,6.4E-7,2.4000000000000003E-7,M1,4.504E-5,4.48E-6,2.4000000000000003E-7,6.4E-7,M1,6.145E-5,6.6E-7,2.4000000000000003E-7,6.4E-7,M1,6.124E-5,1.5555E-5,6.4E-7,2.4000000000000003E-7,M1,6.127E-5,1.5595E-5,3.7E-7,1.6E-7,M1,3.154E-5,1.805E-6,1.9200000000000003E-6,1.6E-7,M1,2.453E-5,2.5E-6,6.4E-7,2.4000000000000003E-7,M1,3.983E-5,2.5E-6,6.4E-7,2.4000000000000003E-7,M2,3.33E-6,6.800000000000001E-7,2.0E-7,6.0E-7,M2,3.33E-6,6.800000000000001E-7,2.0E-7,1.5095E-5,M2,3.33E-6,1.5575E-5,2.1E-7,2.0E-7,M2,3.14E-6,1.5575E-5,6.0E-7,2.0E-7,M2,6.434E-5,1.6015E-5,2.0E-7,6.0E-7,M2,6.434E-5,1.2455E-5,2.0E-7,3.76E-6,M2,6.434E-5,1.2455E-5,4.6E-7,2.0E-7,M2,6.46E-5,1.2055E-5,2.0E-7,6.0E-7,M2,4.849E-5,3.74E-6,7.2E-7,3.2E-7,M2,2.9485E-5,-2.0E-8,7.2E-7,3.2E-7,M2,3.4795E-5,-2.0E-8,7.2E-7,3.2E-7,M2,1.579E-5,3.74E-6,7.2E-7,3.2E-7,M2,4.6E-7,1.6015E-5,2.0E-7,6.0E-7,M2,4.6E-7,1.2455E-5,2.0E-7,3.76E-6,M2,2.0E-7,1.2455E-5,4.6E-7,2.0E-7,M2,2.0E-7,1.2055E-5,2.0E-7,6.0E-7,M2,3.775E-5,8.85E-7,3.2E-7,7.2E-7,M2,3.775E-5,6.87E-6,1.12E-6,3.2E-7,M2,3.775E-5,6.07E-6,3.2E-7,1.12E-6,M2,3.781E-5,6.9300000000000006E-6,2.3E-6,2.0E-7,M2,3.991E-5,6.53E-6,2.0E-7,6.0E-7,M2,4.2080000000000004E-5,1.48E-6,2.0E-7,6.0E-7,M2,3.646E-5,1.88E-6,5.82E-6,2.0E-7,M2,3.646E-5,1.88E-6,1.0E-6,2.0E-7,M2,3.646E-5,1.08E-6,2.0E-7,1.0E-6,M2,2.489E-5,6.53E-6,2.0E-7,6.0E-7,M2,2.489E-5,6.9300000000000006E-6,2.3E-6,2.0E-7,M2,2.693E-5,6.07E-6,3.2E-7,1.12E-6,M2,2.6130000000000002E-5,6.87E-6,1.12E-6,3.2E-7,M2,2.693E-5,8.85E-7,3.2E-7,7.2E-7,M2,2.834E-5,1.385E-6,2.0E-7,6.0E-7,M2,2.834E-5,1.785E-6,2.0E-7,2.95E-7,M2,2.272E-5,1.88E-6,5.82E-6,2.0E-7,M2,2.272E-5,1.48E-6,2.0E-7,6.0E-7,M2,1.949E-5,1.4875E-5,6.0E-7,2.0E-7,M2,1.969E-5,4.5E-6,2.0E-7,1.0575E-5,M2,1.969E-5,4.5E-6,2.5E-7,2.0E-7,M2,1.974E-5,4.5E-6,2.0E-7,6.0E-7,M2,1.542E-5,1.4875E-5,6.0E-7,2.0E-7,M2,1.582E-5,1.4875E-5,4.305E-6,2.0E-7,M2,1.9725000000000002E-5,1.4875E-5,6.0E-7,2.0E-7,M2,4.491E-5,1.4875E-5,6.0E-7,2.0E-7,M2,4.511E-5,4.5E-6,2.0E-7,1.0575E-5,M2,4.506E-5,4.5E-6,2.5E-7,2.0E-7,M2,4.506E-5,4.5E-6,2.0E-7,6.0E-7,M2,6.147E-5,6.800000000000001E-7,2.0E-7,6.0E-7,M2,6.147E-5,6.800000000000001E-7,2.0E-7,1.5095E-5,M2,6.146E-5,1.5575E-5,2.1E-7,2.0E-7,M2,6.126E-5,1.5575E-5,6.0E-7,2.0E-7,M2,2.455E-5,2.52E-6,6.0E-7,2.0E-7,M2,2.495E-5,2.52E-6,1.5100000000000001E-5,2.0E-7,M2,3.985E-5,2.52E-6,6.0E-7,2.0E-7,M3,4.855E-5,3.8E-6,6.0E-7,2.0E-7,M3,2.9745E-5,3.8E-6,1.9005000000000002E-5,2.0E-7,M3,2.9745E-5,4.0E-8,2.0E-7,3.96E-6,M3,2.9545E-5,4.0E-8,6.0E-7,2.0E-7,M3,3.4795E-5,-2.0E-8,7.2E-7,3.2E-7,M3,1.579E-5,3.74E-6,7.2E-7,3.2E-7,M3,3.781E-5,9.450000000000001E-7,2.0E-7,6.0E-7,M3,3.781E-5,1.345E-6,2.0E-7,1.7350000000000001E-6,M3,3.775E-5,2.62E-6,3.2E-7,7.2E-7,M3,3.775E-5,6.87E-6,1.12E-6,3.2E-7,M3,3.775E-5,6.07E-6,3.2E-7,1.12E-6,M3,2.693E-5,6.07E-6,3.2E-7,1.12E-6,M3,2.6130000000000002E-5,6.87E-6,1.12E-6,3.2E-7,M3,2.693E-5,8.85E-7,3.2E-7,7.2E-7,M4,3.4795E-5,-2.0E-8,7.2E-7,3.2E-7,M4,2.6055E-5,3.74E-6,7.2E-7,3.2E-7,M4,1.6250000000000002E-5,3.8E-6,1.0265E-5,2.0E-7,M4,1.585E-5,3.8E-6,6.0E-7,2.0E-7,M4,3.781E-5,2.68E-6,2.0E-7,6.0E-7,M4,3.781E-5,2.88E-6,2.0E-7,4.25E-6,M4,3.781E-5,6.9300000000000006E-6,1.0E-6,2.0E-7,M4,3.781E-5,6.13E-6,2.0E-7,1.0E-6,M4,2.699E-5,6.13E-6,2.0E-7,1.0E-6,M4,2.619E-5,6.9300000000000006E-6,1.0E-6,2.0E-7,M4,2.699E-5,2.88E-6,2.0E-7,4.25E-6,M4,2.699E-5,1.345E-6,2.0E-7,1.7350000000000001E-6,M4,2.699E-5,9.450000000000001E-7,2.0E-7,6.0E-7,M5,3.4795E-5,-2.0E-8,7.2E-7,3.2E-7,M5,2.6055E-5,3.74E-6,7.2E-7,3.2E-7,M6,3.4855E-5,4.0E-8,6.0E-7,2.0E-7,M6,3.5055E-5,4.0E-8,2.0E-7,3.96E-6,M6,2.6315E-5,3.8E-6,8.94E-6,2.0E-7,M6,2.6115E-5,3.8E-6,6.0E-7,2.0E-7,
M1,2.2440000000000002E-5,7.85E-6,1.6E-7,4.405E-6,M1,2.2440000000000002E-5,7.85E-6,1.02E-6,1.6E-7,M1,8.23E-6,4.6400000000000005E-6,2.9800000000000003E-6,1.6E-7,M1,8.23E-6,4.6400000000000005E-6,1.6E-7,2.6E-7,M1,3.622E-5,1.2755E-5,2.4000000000000003E-7,6.4E-7,M1,3.597E-5,5.5E-7,2.4000000000000003E-7,6.4E-7,M1,1.648E-5,1.4220000000000001E-5,5.06E-6,1.6E-7,M1,2.959E-5,4.7E-6,2.4000000000000003E-7,6.4E-7,M1,2.677E-5,4.6E-6,2.4000000000000003E-7,6.4E-7,M1,1.8E-7,9.235E-6,2.4000000000000003E-7,6.4E-7,M1,4.4E-7,1.3195E-5,2.4000000000000003E-7,6.4E-7,M1,1.225E-5,1.74E-6,1.6E-7,2.1E-7,M1,8.2E-6,1.79E-6,4.21E-6,1.6E-7,M1,3.734E-5,1.3195E-5,2.4000000000000003E-7,6.4E-7,M1,3.76E-5,9.235E-6,2.4000000000000003E-7,6.4E-7,M1,1.486E-5,1.378E-5,2.4000000000000003E-7,6.4E-7,M1,1.253E-5,1.6175E-5,6.4E-7,2.4000000000000003E-7,M1,1.1940000000000001E-5,1.6215E-5,9.9E-7,1.6E-7,M1,1.254E-5,1.2095E-5,3.04E-6,1.6E-7,M1,1.418E-5,2.18E-6,6.4E-7,2.4000000000000003E-7,M1,3.1100000000000004E-5,1.0775000000000001E-5,6.4E-7,2.4000000000000003E-7,M1,2.561E-5,1.79E-6,4.21E-6,1.6E-7,M1,2.561E-5,1.74E-6,1.6E-7,2.1E-7,M1,1.3335E-5,2.22E-6,1.6E-7,1.44E-6,M1,1.3335E-5,2.22E-6,2.45E-7,1.6E-7,M1,2.197E-5,1.2095E-5,1.6E-7,8.6E-7,M1,2.197E-5,1.2795E-5,2.7E-7,1.6E-7,M1,1.5890000000000002E-5,1.2095E-5,1.6E-7,8.6E-7,M1,1.578E-5,1.2795E-5,2.7E-7,1.6E-7,M1,1.456E-5,7.85E-6,9.75E-7,1.6E-7,M1,1.5375E-5,7.85E-6,1.6E-7,4.405E-6,M1,1.5375E-5,1.2095E-5,2.05E-7,1.6E-7,M1,1.56E-6,1.2755E-5,2.4000000000000003E-7,6.4E-7,M1,1.81E-6,5.5E-7,2.4000000000000003E-7,6.4E-7,M1,2.588E-5,1.5775E-5,2.4000000000000003E-7,6.4E-7,M1,2.373E-5,1.6175E-5,1.04E-6,2.4000000000000003E-7,M1,2.373E-5,1.5375E-5,2.4000000000000003E-7,1.04E-6,M1,2.377E-5,1.4220000000000001E-5,1.6E-7,2.155E-6,M1,2.296E-5,1.4220000000000001E-5,9.7E-7,1.6E-7,M1,2.32E-5,2.18E-6,6.4E-7,2.4000000000000003E-7,M1,6.28E-6,1.0775000000000001E-5,6.4E-7,2.4000000000000003E-7,M1,3.136E-5,2.0E-8,6.4E-7,2.4000000000000003E-7,M1,8.49E-6,2.0E-8,6.4E-7,2.4000000000000003E-7,M1,1.093E-5,8.6E-7,2.4000000000000003E-7,6.4E-7,M1,1.093E-5,3.675E-6,2.4000000000000003E-7,6.4E-7,M1,1.097E-5,3.915E-6,1.6E-7,8.85E-7,M1,1.097E-5,4.6400000000000005E-6,2.4000000000000003E-7,1.6E-7,M1,2.6850000000000002E-5,8.6E-7,2.4000000000000003E-7,6.4E-7,M1,2.6850000000000002E-5,3.675E-6,2.4000000000000003E-7,6.4E-7,M1,2.6890000000000002E-5,3.915E-6,1.6E-7,8.85E-7,M1,2.681E-5,4.6400000000000005E-6,2.4000000000000003E-7,1.6E-7,M1,2.444E-5,2.22E-6,1.6E-7,1.44E-6,M1,2.444E-5,3.5E-6,2.45E-7,1.6E-7,M1,1.805E-5,1.74E-6,1.9200000000000003E-6,1.6E-7,M1,2.2440000000000002E-5,1.2095E-5,3.04E-6,1.6E-7,M2,3.624E-5,1.2775E-5,2.0E-7,6.0E-7,M2,3.599E-5,1.2775E-5,4.5000000000000003E-7,2.0E-7,M2,3.599E-5,5.7E-7,2.0E-7,1.2405E-5,M2,3.599E-5,5.7E-7,2.0E-7,6.0E-7,M2,2.961E-5,4.72E-6,2.0E-7,6.0E-7,M2,2.961E-5,4.62E-6,2.0E-7,3.0E-7,M2,2.679E-5,4.62E-6,3.02E-6,2.0E-7,M2,2.679E-5,4.62E-6,2.0E-7,6.0E-7,M2,1.4E-7,9.195000000000001E-6,3.2E-7,7.2E-7,M2,4.0E-7,1.3155E-5,3.2E-7,7.2E-7,M2,3.73E-5,1.3155E-5,3.2E-7,7.2E-7,M2,3.756E-5,9.195000000000001E-6,3.2E-7,7.2E-7,M2,1.488E-5,1.38E-5,2.0E-7,6.0E-7,M2,1.488E-5,1.42E-5,2.0E-7,2.195E-6,M2,1.275E-5,1.6195E-5,2.33E-6,2.0E-7,M2,1.255E-5,1.6195E-5,6.0E-7,2.0E-7,M2,1.414E-5,2.14E-6,7.2E-7,3.2E-7,M2,3.106E-5,1.0735E-5,7.2E-7,3.2E-7,M2,1.5800000000000001E-6,1.2775E-5,2.0E-7,6.0E-7,M2,1.5800000000000001E-6,1.2775E-5,4.5000000000000003E-7,2.0E-7,M2,1.83E-6,5.7E-7,2.0E-7,1.2405E-5,M2,1.83E-6,5.7E-7,2.0E-7,6.0E-7,M2,2.59E-5,1.5795E-5,2.0E-7,6.0E-7,M2,2.375E-5,1.6195E-5,2.35E-6,2.0E-7,M2,2.375E-5,1.6195E-5,1.0E-6,2.0E-7,M2,2.375E-5,1.5395E-5,2.0E-7,1.0E-6,M2,2.322E-5,2.2E-6,6.0E-7,2.0E-7,M2,2.342E-5,2.2E-6,2.0E-7,8.795E-6,M2,6.5000000000000004E-6,1.0795E-5,1.712E-5,2.0E-7,M2,6.3E-6,1.0795E-5,6.0E-7,2.0E-7,M2,3.138E-5,4.0E-8,6.0E-7,2.0E-7,M2,8.91E-6,4.0E-8,2.287E-5,2.0E-7,M2,8.51E-6,4.0E-8,6.0E-7,2.0E-7,M2,1.095E-5,8.8E-7,2.0E-7,6.0E-7,M2,1.095E-5,1.28E-6,2.0E-7,2.815E-6,M2,1.095E-5,3.695E-6,2.0E-7,6.0E-7,M2,2.6870000000000002E-5,8.8E-7,2.0E-7,6.0E-7,M2,2.6870000000000002E-5,1.28E-6,2.0E-7,2.815E-6,M2,2.6870000000000002E-5,3.695E-6,2.0E-7,6.0E-7,M3,2.0E-7,9.255E-6,2.0E-7,6.0E-7,M3,2.0E-7,9.655E-6,2.0E-7,3.76E-6,M3,2.0E-7,1.3215E-5,4.6E-7,2.0E-7,M3,4.6E-7,1.3215E-5,2.0E-7,6.0E-7,M3,3.736E-5,1.3215E-5,2.0E-7,6.0E-7,M3,3.736E-5,1.3215E-5,4.6E-7,2.0E-7,M3,3.762E-5,9.655E-6,2.0E-7,3.76E-6,M3,3.762E-5,9.255E-6,2.0E-7,6.0E-7,M3,1.42E-5,2.2E-6,6.0E-7,2.0E-7,M3,1.4400000000000001E-5,2.2E-6,2.0E-7,8.795E-6,M3,1.4400000000000001E-5,1.0795E-5,1.712E-5,2.0E-7,M3,3.112E-5,1.0795E-5,6.0E-7,2.0E-7,
M1,1.667E-5,8.845000000000001E-6,2.4000000000000003E-7,6.4E-7,M1,1.5035000000000001E-5,1.1665000000000001E-5,6.4E-7,2.4000000000000003E-7,M1,3.2900000000000003E-6,1.405E-6,2.4000000000000003E-7,6.4E-7,M1,3.32E-6,1.8195E-5,2.4000000000000003E-7,6.4E-7,M1,1.827E-5,8.845000000000001E-6,2.4000000000000003E-7,6.4E-7,M1,1.9505E-5,1.1665000000000001E-5,6.4E-7,2.4000000000000003E-7,M1,2.206E-5,5.405E-6,1.9200000000000003E-6,1.6E-7,M1,1.12E-5,6.05E-7,1.6E-7,4.96E-6,M1,7.75E-6,6.05E-7,3.61E-6,1.6E-7,M1,2.12E-5,1.403E-5,1.6E-7,3.665E-6,M1,2.12E-5,1.403E-5,2.2E-7,1.6E-7,M1,2.382E-5,6.05E-7,1.6E-7,4.96E-6,M1,2.382E-5,6.05E-7,3.61E-6,1.6E-7,M1,4.4E-7,1.8635E-5,2.4000000000000003E-7,6.4E-7,M1,1.8E-7,1.4675000000000001E-5,2.4000000000000003E-7,6.4E-7,M1,2.869E-5,1.365E-6,2.4000000000000003E-7,6.4E-7,M1,3.26E-5,1.8450000000000001E-6,2.4000000000000003E-7,6.4E-7,M1,3.2155E-5,2.0E-8,6.4E-7,2.4000000000000003E-7,M1,2.55E-6,2.0E-8,6.4E-7,2.4000000000000003E-7,M1,1.432E-5,1.1705E-5,2.05E-7,1.6E-7,M1,1.432E-5,1.1705E-5,1.6E-7,7.2E-7,M1,3.476E-5,1.4675000000000001E-5,2.4000000000000003E-7,6.4E-7,M1,3.45E-5,1.8635E-5,2.4000000000000003E-7,6.4E-7,M1,2.34E-6,1.8450000000000001E-6,2.4000000000000003E-7,6.4E-7,M1,6.25E-6,1.365E-6,2.4000000000000003E-7,6.4E-7,M1,2.5785E-5,4.225E-6,6.4E-7,2.4000000000000003E-7,M1,1.593E-5,1.0385E-5,6.4E-7,2.4000000000000003E-7,M1,2.0655E-5,1.2265E-5,2.05E-7,1.6E-7,M1,2.0655E-5,1.1705E-5,1.6E-7,7.2E-7,M1,1.12E-5,5.405E-6,1.9200000000000003E-6,1.6E-7,M1,1.372E-5,1.399E-5,6.4E-7,2.4000000000000003E-7,M1,1.2980000000000001E-5,1.399E-5,1.04E-6,2.4000000000000003E-7,M1,1.378E-5,1.399E-5,2.4000000000000003E-7,1.04E-6,M1,1.382E-5,1.403E-5,1.6E-7,3.665E-6,M1,2.532E-5,1.9585E-5,2.4000000000000003E-7,6.4E-7,M1,2.184E-5,1.303E-5,2.4000000000000003E-7,6.4E-7,M1,2.11E-5,4.225E-6,6.4E-7,2.4000000000000003E-7,M1,2.611E-5,2.31E-6,6.4E-7,2.4000000000000003E-7,M1,2.549E-5,1.365E-6,2.4000000000000003E-7,6.4E-7,M1,9.450000000000001E-6,1.365E-6,2.4000000000000003E-7,6.4E-7,M1,1.861E-5,1.0385E-5,6.4E-7,2.4000000000000003E-7,M1,8.755E-6,4.225E-6,6.4E-7,2.4000000000000003E-7,M1,1.522E-5,1.347E-5,4.74E-6,1.6E-7,M1,3.1650000000000004E-5,1.405E-6,2.4000000000000003E-7,6.4E-7,M1,3.162E-5,1.8195E-5,2.4000000000000003E-7,6.4E-7,M1,8.43E-6,2.31E-6,6.4E-7,2.4000000000000003E-7,M1,1.344E-5,4.225E-6,6.4E-7,2.4000000000000003E-7,M1,9.62E-6,1.9585E-5,2.4000000000000003E-7,6.4E-7,M1,1.31E-5,1.303E-5,2.4000000000000003E-7,6.4E-7,M2,1.669E-5,8.865E-6,2.0E-7,6.0E-7,M2,1.5255E-5,9.265E-6,1.635E-6,2.0E-7,M2,1.5255E-5,9.265E-6,2.0E-7,2.62E-6,M2,1.5055E-5,1.1685E-5,6.0E-7,2.0E-7,M2,3.31E-6,1.4250000000000001E-6,2.0E-7,6.0E-7,M2,3.31E-6,1.825E-6,2.3E-7,2.0E-7,M2,3.34E-6,1.825E-6,2.0E-7,1.659E-5,M2,3.34E-6,1.8215E-5,2.0E-7,6.0E-7,M2,1.829E-5,8.865E-6,2.0E-7,6.0E-7,M2,1.829E-5,9.265E-6,1.635E-6,2.0E-7,M2,1.9725000000000002E-5,9.265E-6,2.0E-7,2.62E-6,M2,1.9525E-5,1.1685E-5,6.0E-7,2.0E-7,M2,4.0E-7,1.8595E-5,3.2E-7,7.2E-7,M2,1.4E-7,1.4635E-5,3.2E-7,7.2E-7,M2,2.8650000000000002E-5,1.325E-6,3.2E-7,7.2E-7,M2,3.256E-5,1.805E-6,3.2E-7,7.2E-7,M2,3.2175E-5,4.0E-8,6.0E-7,2.0E-7,M2,2.97E-6,4.0E-8,2.9605000000000002E-5,2.0E-7,M2,2.57E-6,4.0E-8,6.0E-7,2.0E-7,M2,3.472E-5,1.4635E-5,3.2E-7,7.2E-7,M2,3.446E-5,1.8595E-5,3.2E-7,7.2E-7,M2,2.3E-6,1.805E-6,3.2E-7,7.2E-7,M2,6.21E-6,1.325E-6,3.2E-7,7.2E-7,M2,2.5745E-5,4.185E-6,7.2E-7,3.2E-7,M2,1.5890000000000002E-5,1.0345E-5,7.2E-7,3.2E-7,M2,1.374E-5,1.401E-5,6.0E-7,2.0E-7,M2,1.374E-5,1.401E-5,2.6E-7,2.0E-7,M2,1.3000000000000001E-5,1.401E-5,1.0E-6,2.0E-7,M2,1.38E-5,1.401E-5,2.0E-7,1.0E-6,M2,2.534E-5,1.9605E-5,2.0E-7,6.0E-7,M2,2.534E-5,1.345E-5,2.0E-7,6.7550000000000005E-6,M2,2.186E-5,1.345E-5,3.68E-6,2.0E-7,M2,2.186E-5,1.305E-5,2.0E-7,6.0E-7,M2,2.112E-5,4.245E-6,6.0E-7,2.0E-7,M2,2.152E-5,2.33E-6,2.0E-7,2.115E-6,M2,2.146E-5,2.27E-6,3.2E-7,1.12E-6,M2,2.146E-5,2.27E-6,1.12E-6,3.2E-7,M2,2.607E-5,2.27E-6,7.2E-7,3.2E-7,M2,2.551E-5,1.385E-6,2.0E-7,6.0E-7,M2,9.47E-6,1.785E-6,1.624E-5,2.0E-7,M2,9.47E-6,1.385E-6,2.0E-7,6.0E-7,M2,1.857E-5,1.0345E-5,7.2E-7,3.2E-7,M2,8.715E-6,4.185E-6,7.2E-7,3.2E-7,M2,3.167E-5,1.4250000000000001E-6,2.0E-7,6.0E-7,M2,3.164E-5,1.825E-6,2.3E-7,2.0E-7,M2,3.164E-5,1.825E-6,2.0E-7,1.659E-5,M2,3.164E-5,1.8215E-5,2.0E-7,6.0E-7,M2,8.390000000000001E-6,2.27E-6,7.2E-7,3.2E-7,M2,1.34E-5,4.185E-6,7.2E-7,3.2E-7,M2,9.640000000000001E-6,1.9605E-5,2.0E-7,6.0E-7,M2,9.640000000000001E-6,1.345E-5,2.0E-7,6.7550000000000005E-6,M2,9.640000000000001E-6,1.345E-5,3.68E-6,2.0E-7,M2,1.312E-5,1.305E-5,2.0E-7,6.0E-7,M3,4.6E-7,1.8655E-5,2.0E-7,6.0E-7,M3,4.6E-7,1.5095E-5,2.0E-7,3.76E-6,M3,2.0E-7,1.5095E-5,4.6E-7,2.0E-7,M3,2.0E-7,1.4695E-5,2.0E-7,6.0E-7,M3,2.871E-5,1.385E-6,2.0E-7,6.0E-7,M3,2.871E-5,1.785E-6,4.1100000000000005E-6,2.0E-7,M3,3.262E-5,1.785E-6,2.0E-7,6.800000000000001E-7,M3,3.262E-5,1.8650000000000001E-6,2.0E-7,6.0E-7,M3,3.478E-5,1.4695E-5,2.0E-7,6.0E-7,M3,3.452E-5,1.5095E-5,4.6E-7,2.0E-7,M3,3.452E-5,1.5095E-5,2.0E-7,3.76E-6,M3,3.452E-5,1.8655E-5,2.0E-7,6.0E-7,M3,2.36E-6,1.8650000000000001E-6,2.0E-7,6.0E-7,M3,2.36E-6,1.785E-6,2.0E-7,6.800000000000001E-7,M3,2.36E-6,1.785E-6,4.1100000000000005E-6,2.0E-7,M3,6.27E-6,1.385E-6,2.0E-7,6.0E-7,M3,2.5805E-5,4.245E-6,6.0E-7,2.0E-7,M3,1.635E-5,4.245E-6,9.855E-6,2.0E-7,M3,1.635E-5,4.245E-6,2.0E-7,6.36E-6,M3,1.595E-5,1.0405E-5,6.0E-7,2.0E-7,M3,2.146E-5,2.27E-6,3.2E-7,1.12E-6,M3,2.146E-5,2.27E-6,1.12E-6,3.2E-7,M3,2.607E-5,2.27E-6,7.2E-7,3.2E-7,M3,1.857E-5,1.0345E-5,7.2E-7,3.2E-7,M3,8.715E-6,4.185E-6,7.2E-7,3.2E-7,M3,8.45E-6,2.33E-6,6.0E-7,2.0E-7,M3,8.85E-6,2.33E-6,4.81E-6,2.0E-7,M3,1.346E-5,2.33E-6,2.0E-7,2.115E-6,M3,1.346E-5,4.245E-6,6.0E-7,2.0E-7,M4,2.152E-5,2.33E-6,2.0E-7,1.0E-6,M4,2.152E-5,2.33E-6,1.0E-6,2.0E-7,M4,2.152E-5,2.33E-6,4.81E-6,2.0E-7,M4,2.6130000000000002E-5,2.33E-6,6.0E-7,2.0E-7,M4,1.863E-5,1.0405E-5,6.0E-7,2.0E-7,M4,1.863E-5,4.245E-6,2.0E-7,6.36E-6,M4,8.975E-6,4.245E-6,9.855E-6,2.0E-7,M4,8.775E-6,4.245E-6,6.0E-7,2.0E-7,
M1,2.9180000000000002E-5,1.805E-6,1.6E-7,2.3E-7,M1,2.9180000000000002E-5,1.875E-6,4.78E-6,1.6E-7,M1,1.808E-5,1.0575E-5,2.4000000000000003E-7,6.4E-7,M1,1.567E-5,1.594E-5,6.4E-7,2.4000000000000003E-7,M1,2.398E-5,4.9050000000000005E-6,1.9200000000000003E-6,1.6E-7,M1,1.8E-7,1.312E-5,2.4000000000000003E-7,6.4E-7,M1,4.4E-7,1.708E-5,2.4000000000000003E-7,6.4E-7,M1,3.309E-5,2.0E-8,6.4E-7,2.4000000000000003E-7,M1,1.395E-6,2.0E-8,6.4E-7,2.4000000000000003E-7,M1,1.1920000000000001E-5,1.805E-6,1.416E-5,1.6E-7,M1,3.732E-5,1.708E-5,2.4000000000000003E-7,6.4E-7,M1,3.758E-5,1.312E-5,2.4000000000000003E-7,6.4E-7,M1,2.57E-5,4.865E-6,2.4000000000000003E-7,6.4E-7,M1,2.765E-5,5.65E-7,2.4000000000000003E-7,6.4E-7,M1,2.284E-5,1.598E-5,3.14E-6,1.6E-7,M1,1.434E-5,3.725E-6,6.4E-7,2.4000000000000003E-7,M1,1.0860000000000001E-5,2.31E-6,6.4E-7,2.4000000000000003E-7,M1,1.4705E-5,1.2115E-5,6.4E-7,2.4000000000000003E-7,M1,2.622E-5,1.466E-5,6.4E-7,2.4000000000000003E-7,M1,2.65E-5,2.31E-6,6.4E-7,2.4000000000000003E-7,M1,2.302E-5,3.725E-6,6.4E-7,2.4000000000000003E-7,M1,2.346E-5,1.7860000000000002E-5,1.6E-7,1.23E-6,M1,2.346E-5,1.893E-5,3.08E-6,1.6E-7,M1,1.552E-5,1.662E-5,2.4000000000000003E-7,6.4E-7,M1,1.5365E-5,1.594E-5,6.4E-7,2.4000000000000003E-7,M1,1.114E-5,1.466E-5,6.4E-7,2.4000000000000003E-7,M1,2.2655E-5,1.2115E-5,6.4E-7,2.4000000000000003E-7,M1,1.438E-5,1.7860000000000002E-5,1.6E-7,1.23E-6,M1,1.146E-5,1.893E-5,3.08E-6,1.6E-7,M1,1.2100000000000001E-5,4.9050000000000005E-6,1.9200000000000003E-6,1.6E-7,M1,8.66E-6,1.805E-6,1.6E-7,2.3E-7,M1,4.04E-6,1.875E-6,4.78E-6,1.6E-7,M1,1.202E-5,1.598E-5,3.14E-6,1.6E-7,M1,1.011E-5,5.65E-7,2.4000000000000003E-7,6.4E-7,M1,1.206E-5,4.865E-6,2.4000000000000003E-7,6.4E-7,M1,2.1995000000000002E-5,1.594E-5,6.4E-7,2.4000000000000003E-7,M1,2.224E-5,1.662E-5,2.4000000000000003E-7,6.4E-7,M1,1.646E-5,1.7860000000000002E-5,5.0800000000000005E-6,1.6E-7,M1,3.549E-5,6.3E-7,2.4000000000000003E-7,6.4E-7,M1,3.624E-5,1.664E-5,2.4000000000000003E-7,6.4E-7,M1,1.968E-5,1.0575E-5,2.4000000000000003E-7,6.4E-7,M1,2.169E-5,1.594E-5,6.4E-7,2.4000000000000003E-7,M1,1.52E-6,1.664E-5,2.4000000000000003E-7,6.4E-7,M1,2.27E-6,6.3E-7,2.4000000000000003E-7,6.4E-7,M2,1.804E-5,1.0535E-5,3.2E-7,7.2E-7,M2,1.563E-5,1.59E-5,7.2E-7,3.2E-7,M2,1.4E-7,1.308E-5,3.2E-7,7.2E-7,M2,4.0E-7,1.704E-5,3.2E-7,7.2E-7,M2,3.311E-5,4.0E-8,6.0E-7,2.0E-7,M2,1.615E-6,4.0E-8,3.1895E-5,2.0E-7,M2,1.415E-6,4.0E-8,6.0E-7,2.0E-7,M2,3.728E-5,1.704E-5,3.2E-7,7.2E-7,M2,3.754E-5,1.308E-5,3.2E-7,7.2E-7,M2,2.572E-5,4.885E-6,2.0E-7,6.0E-7,M2,2.572E-5,4.885E-6,2.15E-6,2.0E-7,M2,2.761E-5,4.0250000000000004E-6,3.2E-7,1.12E-6,M2,2.681E-5,4.825E-6,1.12E-6,3.2E-7,M2,2.761E-5,5.250000000000001E-7,3.2E-7,7.2E-7,M2,1.436E-5,3.745E-6,6.0E-7,2.0E-7,M2,1.436E-5,2.33E-6,2.0E-7,1.615E-6,M2,1.128E-5,2.33E-6,3.28E-6,2.0E-7,M2,1.0880000000000001E-5,2.33E-6,6.0E-7,2.0E-7,M2,1.4665000000000001E-5,1.2075E-5,7.2E-7,3.2E-7,M2,1.9775E-5,1.462E-5,1.12E-6,3.2E-7,M2,1.9775E-5,1.382E-5,3.2E-7,1.12E-6,M2,1.9835E-5,1.468E-5,5.47E-6,2.0E-7,M2,2.4845E-5,1.462E-5,7.2E-7,3.2E-7,M2,2.618E-5,1.462E-5,7.2E-7,3.2E-7,M2,2.652E-5,2.33E-6,6.0E-7,2.0E-7,M2,2.652E-5,2.33E-6,2.0E-7,1.615E-6,M2,2.344E-5,3.745E-6,3.28E-6,2.0E-7,M2,2.304E-5,3.745E-6,6.0E-7,2.0E-7,M2,1.554E-5,1.664E-5,2.0E-7,6.0E-7,M2,1.554E-5,1.664E-5,2.45E-7,2.0E-7,M2,1.5585E-5,1.596E-5,2.0E-7,8.8E-7,M2,1.5385E-5,1.596E-5,6.0E-7,2.0E-7,M2,1.116E-5,1.468E-5,6.0E-7,2.0E-7,M2,1.156E-5,1.468E-5,6.0550000000000005E-6,2.0E-7,M2,1.7355E-5,1.382E-5,3.2E-7,1.12E-6,M2,1.6555E-5,1.462E-5,1.12E-6,3.2E-7,M2,2.2615E-5,1.2075E-5,7.2E-7,3.2E-7,M2,1.007E-5,5.250000000000001E-7,3.2E-7,7.2E-7,M2,1.007E-5,4.825E-6,1.12E-6,3.2E-7,M2,1.007E-5,4.0250000000000004E-6,3.2E-7,1.12E-6,M2,1.013E-5,4.885E-6,2.15E-6,2.0E-7,M2,1.208E-5,4.885E-6,2.0E-7,6.0E-7,M2,2.2015000000000002E-5,1.596E-5,6.0E-7,2.0E-7,M2,2.2215E-5,1.596E-5,2.45E-7,2.0E-7,M2,2.226E-5,1.596E-5,2.0E-7,8.8E-7,M2,2.226E-5,1.664E-5,2.0E-7,6.0E-7,M2,3.545E-5,5.9E-7,3.2E-7,7.2E-7,M2,3.62E-5,1.66E-5,3.2E-7,7.2E-7,M2,1.9640000000000002E-5,1.0535E-5,3.2E-7,7.2E-7,M2,2.165E-5,1.59E-5,7.2E-7,3.2E-7,M2,1.48E-6,1.66E-5,3.2E-7,7.2E-7,M2,2.2300000000000002E-6,5.9E-7,3.2E-7,7.2E-7,M3,1.804E-5,1.0535E-5,3.2E-7,7.2E-7,M3,1.583E-5,1.0935E-5,3.2E-7,1.12E-6,M3,1.583E-5,1.0935E-5,1.12E-6,3.2E-7,M3,1.5890000000000002E-5,1.0995E-5,2.0E-7,5.1650000000000005E-6,M3,1.569E-5,1.596E-5,6.0E-7,2.0E-7,M3,2.0E-7,1.314E-5,2.0E-7,6.0E-7,M3,2.0E-7,1.354E-5,4.6E-7,2.0E-7,M3,4.6E-7,1.354E-5,2.0E-7,3.76E-6,M3,4.6E-7,1.71E-5,2.0E-7,6.0E-7,M3,3.734E-5,1.71E-5,2.0E-7,6.0E-7,M3,3.734E-5,1.354E-5,2.0E-7,3.76E-6,M3,3.734E-5,1.354E-5,4.6E-7,2.0E-7,M3,3.76E-5,1.314E-5,2.0E-7,6.0E-7,M3,2.767E-5,4.085E-6,2.0E-7,1.0E-6,M3,2.6870000000000002E-5,4.885E-6,1.0E-6,2.0E-7,M3,2.767E-5,5.85E-7,2.0E-7,4.5E-6,M3,2.767E-5,5.85E-7,2.0E-7,6.0E-7,M3,1.4665000000000001E-5,1.2075E-5,7.2E-7,3.2E-7,M3,1.9775E-5,1.462E-5,1.12E-6,3.2E-7,M3,1.9775E-5,1.382E-5,3.2E-7,1.12E-6,M3,2.4905E-5,1.468E-5,6.0E-7,2.0E-7,M3,2.5105E-5,1.468E-5,1.335E-6,2.0E-7,M3,2.624E-5,1.468E-5,6.0E-7,2.0E-7,M3,1.7415000000000002E-5,1.3880000000000001E-5,2.0E-7,1.0E-6,M3,1.6615E-5,1.468E-5,1.0E-6,2.0E-7,M3,1.7415000000000002E-5,1.2135E-5,2.0E-7,2.745E-6,M3,1.7355E-5,1.2075E-5,3.2E-7,1.12E-6,M3,1.7355E-5,1.2075E-5,1.12E-6,3.2E-7,M3,2.2615E-5,1.2075E-5,7.2E-7,3.2E-7,M3,1.007E-5,5.250000000000001E-7,3.2E-7,7.2E-7,M3,1.007E-5,4.825E-6,1.12E-6,3.2E-7,M3,1.007E-5,4.0250000000000004E-6,3.2E-7,1.12E-6,M3,3.5510000000000004E-5,6.5E-7,2.0E-7,6.0E-7,M3,3.5510000000000004E-5,6.5E-7,2.0E-7,7.615E-6,M3,3.5510000000000004E-5,8.065E-6,2.0E-7,8.795E-6,M3,3.545E-5,1.66E-5,1.12E-6,3.2E-7,M3,3.545E-5,1.58E-5,3.2E-7,1.12E-6,M3,3.62E-5,1.66E-5,3.2E-7,7.2E-7,M3,1.9640000000000002E-5,1.0535E-5,3.2E-7,7.2E-7,M3,2.105E-5,1.0935E-5,1.12E-6,3.2E-7,M3,2.185E-5,1.0935E-5,3.2E-7,1.12E-6,M3,2.1910000000000002E-5,1.0995E-5,2.0E-7,5.1650000000000005E-6,M3,2.171E-5,1.596E-5,6.0E-7,2.0E-7,M3,1.48E-6,1.66E-5,3.2E-7,7.2E-7,M3,2.2300000000000002E-6,7.805E-6,3.2E-7,7.2E-7,M3,2.29E-6,6.5E-7,2.0E-7,7.615E-6,M3,2.29E-6,6.5E-7,2.0E-7,6.0E-7,M4,1.81E-5,1.0595000000000001E-5,2.0E-7,6.0E-7,M4,1.5890000000000002E-5,1.0995E-5,2.4100000000000002E-6,2.0E-7,M4,1.5890000000000002E-5,1.0995E-5,2.0E-7,1.0E-6,M4,1.5890000000000002E-5,1.0995E-5,1.0E-6,2.0E-7,M4,1.4665000000000001E-5,1.2075E-5,7.2E-7,3.2E-7,M4,1.9775E-5,1.462E-5,1.12E-6,3.2E-7,M4,1.9775E-5,1.382E-5,3.2E-7,1.12E-6,M4,1.7355E-5,1.2075E-5,3.2E-7,1.12E-6,M4,1.7355E-5,1.2075E-5,1.12E-6,3.2E-7,M4,2.2615E-5,1.2075E-5,7.2E-7,3.2E-7,M4,1.013E-5,5.85E-7,2.0E-7,6.0E-7,M4,1.013E-5,5.85E-7,2.0E-7,4.5E-6,M4,1.013E-5,4.885E-6,1.0E-6,2.0E-7,M4,1.013E-5,4.085E-6,2.0E-7,1.0E-6,M4,3.5510000000000004E-5,1.666E-5,1.0E-6,2.0E-7,M4,3.5510000000000004E-5,1.586E-5,2.0E-7,1.0E-6,M4,3.5510000000000004E-5,1.666E-5,9.5E-7,2.0E-7,M4,3.626E-5,1.666E-5,2.0E-7,6.0E-7,M4,1.97E-5,1.0595000000000001E-5,2.0E-7,6.0E-7,M4,1.97E-5,1.0995E-5,2.4100000000000002E-6,2.0E-7,M4,2.111E-5,1.0995E-5,1.0E-6,2.0E-7,M4,2.1910000000000002E-5,1.0995E-5,2.0E-7,1.0E-6,M4,1.48E-6,1.66E-5,3.2E-7,7.2E-7,M4,2.2300000000000002E-6,1.58E-5,3.2E-7,1.12E-6,M4,1.43E-6,1.66E-5,1.12E-6,3.2E-7,M4,2.29E-6,8.065E-6,2.0E-7,8.795E-6,M4,2.29E-6,7.865E-6,2.0E-7,6.0E-7,M5,1.4665000000000001E-5,1.2075E-5,7.2E-7,3.2E-7,M5,1.9775E-5,1.462E-5,1.12E-6,3.2E-7,M5,1.9775E-5,1.382E-5,3.2E-7,1.12E-6,M5,1.7415000000000002E-5,1.2135E-5,2.0E-7,1.0E-6,M5,1.7415000000000002E-5,1.2135E-5,1.0E-6,2.0E-7,M5,1.7415000000000002E-5,1.2135E-5,5.66E-6,2.0E-7,M5,2.2675E-5,1.2135E-5,6.0E-7,2.0E-7,M5,1.54E-6,1.666E-5,2.0E-7,6.0E-7,M5,1.54E-6,1.666E-5,9.5E-7,2.0E-7,M5,2.29E-6,1.586E-5,2.0E-7,1.0E-6,M5,1.4900000000000001E-6,1.666E-5,1.0E-6,2.0E-7,M6,1.4725E-5,1.2135E-5,6.0E-7,2.0E-7,M6,1.4925E-5,1.2135E-5,5.11E-6,2.0E-7,M6,1.8135000000000002E-5,1.2035E-5,2.0E-6,4.0E-7,M6,1.9735E-5,1.2035E-5,4.0E-7,2.0E-6,M6,1.9735E-5,1.4580000000000001E-5,2.0E-6,4.0E-7,M6,1.9735E-5,1.2980000000000001E-5,4.0E-7,2.0E-6,M7,1.8135000000000002E-5,1.2035E-5,2.0E-6,4.0E-7,M7,1.9735E-5,1.2035E-5,4.0E-7,2.0E-6,M7,1.9735E-5,1.2035E-5,4.0E-7,2.945E-6,M7,1.9735E-5,1.4580000000000001E-5,2.0E-6,4.0E-7,M7,1.9735E-5,1.2980000000000001E-5,4.0E-7,2.0E-6,
M1,1.9280000000000002E-5,4.28E-6,2.4000000000000003E-7,6.4E-7,M1,1.912E-5,1.252E-5,6.4E-7,2.4000000000000003E-7,M1,1.971E-5,1.256E-5,1.6E-7,8.6E-7,M1,1.9600000000000002E-5,1.256E-5,2.7E-7,1.6E-7,M1,1.9955E-5,1.982E-5,6.4E-7,2.4000000000000003E-7,M1,2.003E-5,1.982E-5,1.04E-6,2.4000000000000003E-7,M1,2.003E-5,1.902E-5,2.4000000000000003E-7,1.04E-6,M1,2.007E-5,1.5185000000000001E-5,1.6E-7,4.835E-6,M1,2.301E-5,3.58E-6,6.4E-7,2.4000000000000003E-7,M1,1.4400000000000001E-5,1.124E-5,6.4E-7,2.4000000000000003E-7,M1,1.244E-5,7.2E-7,2.4000000000000003E-7,6.4E-7,M1,1.115E-5,4.72E-6,2.4000000000000003E-7,6.4E-7,M1,2.077E-5,4.76E-6,1.9200000000000003E-6,1.6E-7,M1,1.8445E-5,3.58E-6,6.4E-7,2.4000000000000003E-7,M1,1.886E-5,2.78E-6,2.4000000000000003E-7,1.04E-6,M1,1.806E-5,3.58E-6,1.04E-6,2.4000000000000003E-7,M1,1.8900000000000002E-5,2.14E-6,1.6E-7,1.64E-6,M1,6.78E-6,5.6E-7,2.4000000000000003E-7,6.4E-7,M1,6.57E-6,2.052E-5,2.4000000000000003E-7,6.4E-7,M1,3.1440000000000004E-5,2.096E-5,2.4000000000000003E-7,6.4E-7,M1,3.17E-5,1.7E-5,2.4000000000000003E-7,6.4E-7,M1,1.4060000000000001E-5,1.44E-6,4.0E-6,1.6E-7,M1,4.4E-7,2.096E-5,2.4000000000000003E-7,6.4E-7,M1,1.8E-7,1.7E-5,2.4000000000000003E-7,6.4E-7,M1,9.43E-6,4.76E-6,1.9200000000000003E-6,1.6E-7,M1,1.2820000000000001E-5,2.1000000000000002E-6,6.4E-7,2.4000000000000003E-7,M1,1.3035E-5,3.58E-6,6.4E-7,2.4000000000000003E-7,M1,9.2E-7,6.000000000000001E-8,3.285E-6,1.6E-7,M1,3.805E-6,2.0E-8,6.4E-7,2.4000000000000003E-7,M1,2.148E-5,2.0E-8,6.4E-7,2.4000000000000003E-7,M1,1.236E-5,1.252E-5,6.4E-7,2.4000000000000003E-7,M1,1.26E-5,4.28E-6,2.4000000000000003E-7,6.4E-7,M1,1.236E-5,1.256E-5,1.6E-7,8.6E-7,M1,1.225E-5,1.326E-5,2.7E-7,1.6E-7,M1,1.2120000000000001E-5,1.252E-5,6.4E-7,2.4000000000000003E-7,M1,5.065E-6,1.982E-5,6.4E-7,2.4000000000000003E-7,M1,2.302E-5,1.3600000000000001E-6,2.4000000000000003E-7,6.4E-7,M1,1.7860000000000002E-5,1.0E-6,2.4000000000000003E-7,6.4E-7,M1,1.402E-5,1.0E-6,2.4000000000000003E-7,6.4E-7,M1,8.86E-6,1.3600000000000001E-6,2.4000000000000003E-7,6.4E-7,M1,8.47E-6,3.58E-6,6.4E-7,2.4000000000000003E-7,M1,1.708E-5,1.124E-5,6.4E-7,2.4000000000000003E-7,M1,2.073E-5,4.72E-6,2.4000000000000003E-7,6.4E-7,M1,1.944E-5,7.2E-7,2.4000000000000003E-7,6.4E-7,M1,1.295E-5,1.4485000000000001E-5,6.22E-6,1.6E-7,M1,1.444E-5,2.273E-5,3.24E-6,1.6E-7,M1,1.752E-5,1.4485000000000001E-5,1.6E-7,6.6750000000000005E-6,M1,1.752E-5,1.4485000000000001E-5,4.1E-7,1.6E-7,M1,1.777E-5,1.4485000000000001E-5,1.4E-6,1.6E-7,M1,2.531E-5,2.052E-5,2.4000000000000003E-7,6.4E-7,M1,2.51E-5,5.6E-7,2.4000000000000003E-7,6.4E-7,M2,1.93E-5,4.3E-6,2.0E-7,6.0E-7,M2,1.93E-5,4.3E-6,2.0E-7,8.44E-6,M2,1.93E-5,1.254E-5,2.4000000000000003E-7,2.0E-7,M2,1.914E-5,1.254E-5,6.0E-7,2.0E-7,M2,1.9975E-5,1.984E-5,6.0E-7,2.0E-7,M2,2.005E-5,1.984E-5,3.25E-7,2.0E-7,M2,2.005E-5,1.984E-5,1.0E-6,2.0E-7,M2,2.005E-5,1.904E-5,2.0E-7,1.0E-6,M2,2.2970000000000002E-5,3.54E-6,7.2E-7,3.2E-7,M2,1.436E-5,1.12E-5,7.2E-7,3.2E-7,M2,1.24E-5,6.800000000000001E-7,3.2E-7,7.2E-7,M2,1.111E-5,4.68E-6,3.2E-7,7.2E-7,M2,1.8405E-5,3.54E-6,7.2E-7,3.2E-7,M2,1.882E-5,2.74E-6,3.2E-7,1.12E-6,M2,1.802E-5,3.54E-6,1.12E-6,3.2E-7,M2,6.8E-6,5.800000000000001E-7,2.0E-7,6.0E-7,M2,6.8E-6,5.800000000000001E-7,2.0E-7,2.016E-5,M2,6.5900000000000004E-6,2.054E-5,4.1E-7,2.0E-7,M2,6.5900000000000004E-6,2.054E-5,2.0E-7,6.0E-7,M2,3.146E-5,2.098E-5,2.0E-7,6.0E-7,M2,3.146E-5,2.098E-5,4.6E-7,2.0E-7,M2,3.172E-5,1.742E-5,2.0E-7,3.76E-6,M2,3.172E-5,1.702E-5,2.0E-7,6.0E-7,M2,4.6E-7,2.098E-5,2.0E-7,6.0E-7,M2,2.0E-7,2.098E-5,4.6E-7,2.0E-7,M2,2.0E-7,1.742E-5,2.0E-7,3.76E-6,M2,2.0E-7,1.702E-5,2.0E-7,6.0E-7,M2,1.284E-5,2.12E-6,6.0E-7,2.0E-7,M2,1.304E-5,2.12E-6,2.0E-7,1.68E-6,M2,1.304E-5,3.6000000000000003E-6,4.15E-7,2.0E-7,M2,1.3055E-5,3.6000000000000003E-6,6.0E-7,2.0E-7,M2,3.825E-6,4.0E-8,6.0E-7,2.0E-7,M2,4.0250000000000004E-6,4.0E-8,1.7675E-5,2.0E-7,M2,2.15E-5,4.0E-8,6.0E-7,2.0E-7,M2,1.238E-5,1.254E-5,6.0E-7,2.0E-7,M2,1.258E-5,4.3E-6,2.0E-7,8.44E-6,M2,1.258E-5,4.3E-6,2.4000000000000003E-7,2.0E-7,M2,1.262E-5,4.3E-6,2.0E-7,6.0E-7,M2,1.208E-5,1.248E-5,7.2E-7,3.2E-7,M2,5.025E-6,1.978E-5,7.2E-7,3.2E-7,M2,2.298E-5,1.32E-6,3.2E-7,7.2E-7,M2,1.782E-5,9.600000000000001E-7,3.2E-7,7.2E-7,M2,1.398E-5,9.600000000000001E-7,3.2E-7,7.2E-7,M2,8.82E-6,1.32E-6,3.2E-7,7.2E-7,M2,8.43E-6,3.54E-6,7.2E-7,3.2E-7,M2,1.704E-5,1.12E-5,7.2E-7,3.2E-7,M2,2.069E-5,4.68E-6,3.2E-7,7.2E-7,M2,1.94E-5,6.800000000000001E-7,3.2E-7,7.2E-7,M2,2.527E-5,2.048E-5,3.2E-7,7.2E-7,M2,2.447E-5,5.2E-7,1.12E-6,3.2E-7,M2,2.527E-5,5.2E-7,3.2E-7,1.12E-6,M2,2.512E-5,5.800000000000001E-7,4.1E-7,2.0E-7,M2,2.512E-5,5.800000000000001E-7,2.0E-7,6.0E-7,M3,2.2970000000000002E-5,3.54E-6,7.2E-7,3.2E-7,M3,1.436E-5,1.12E-5,7.2E-7,3.2E-7,M3,1.24E-5,6.800000000000001E-7,3.2E-7,7.2E-7,M3,1.24E-5,3.88E-6,3.2E-7,1.12E-6,M3,1.16E-5,4.68E-6,1.12E-6,3.2E-7,M3,1.117E-5,4.74E-6,1.4900000000000001E-6,2.0E-7,M3,1.117E-5,4.74E-6,2.0E-7,6.0E-7,M3,1.8465E-5,3.6000000000000003E-6,6.0E-7,2.0E-7,M3,1.8665000000000002E-5,3.6000000000000003E-6,4.15E-7,2.0E-7,M3,1.888E-5,2.8E-6,2.0E-7,1.0E-6,M3,1.808E-5,3.6000000000000003E-6,1.0E-6,2.0E-7,M3,1.214E-5,1.254E-5,6.0E-7,2.0E-7,M3,5.285E-6,1.254E-5,7.255E-6,2.0E-7,M3,5.225E-6,1.248E-5,3.2E-7,1.12E-6,M3,5.225E-6,1.248E-5,1.12E-6,3.2E-7,M3,5.025E-6,1.978E-5,7.2E-7,3.2E-7,M3,2.304E-5,1.3800000000000001E-6,2.0E-7,6.0E-7,M3,1.788E-5,1.7800000000000001E-6,5.36E-6,2.0E-7,M3,1.788E-5,1.42E-6,2.0E-7,5.6E-7,M3,1.788E-5,1.02E-6,2.0E-7,6.0E-7,M3,1.4040000000000001E-5,1.02E-6,2.0E-7,6.0E-7,M3,1.4040000000000001E-5,1.42E-6,2.0E-7,5.6E-7,M3,8.88E-6,1.7800000000000001E-6,5.36E-6,2.0E-7,M3,8.88E-6,1.3800000000000001E-6,2.0E-7,6.0E-7,M3,8.43E-6,3.54E-6,7.2E-7,3.2E-7,M3,1.704E-5,1.12E-5,7.2E-7,3.2E-7,M3,2.069E-5,4.68E-6,3.2E-7,7.2E-7,M3,1.94E-5,6.800000000000001E-7,3.2E-7,7.2E-7,M3,2.533E-5,2.054E-5,2.0E-7,6.0E-7,M3,2.533E-5,5.800000000000001E-7,2.0E-7,2.016E-5,M3,2.453E-5,5.800000000000001E-7,1.0E-6,2.0E-7,M3,2.533E-5,5.800000000000001E-7,2.0E-7,1.0E-6,M4,2.2970000000000002E-5,3.54E-6,7.2E-7,3.2E-7,M4,1.436E-5,1.12E-5,7.2E-7,3.2E-7,M4,1.2460000000000001E-5,7.4E-7,2.0E-7,6.0E-7,M4,1.2460000000000001E-5,7.4E-7,2.0E-7,4.2000000000000004E-6,M4,1.2460000000000001E-5,3.94E-6,2.0E-7,1.0E-6,M4,1.166E-5,4.74E-6,1.0E-6,2.0E-7,M4,5.285E-6,1.254E-5,2.0E-7,1.0E-6,M4,5.285E-6,1.254E-5,1.0E-6,2.0E-7,M4,5.285E-6,1.254E-5,2.0E-7,7.5E-6,M4,5.0850000000000004E-6,1.984E-5,6.0E-7,2.0E-7,M4,8.43E-6,3.54E-6,7.2E-7,3.2E-7,M4,1.624E-5,3.54E-6,1.12E-6,3.2E-7,M4,1.704E-5,3.54E-6,3.2E-7,1.12E-6,M4,1.71E-5,3.6000000000000003E-6,2.0E-7,7.860000000000001E-6,M4,1.71E-5,1.126E-5,6.0E-7,2.0E-7,M4,2.075E-5,4.74E-6,2.0E-7,6.0E-7,M4,1.946E-5,4.74E-6,1.4900000000000001E-6,2.0E-7,M4,1.946E-5,7.4E-7,2.0E-7,4.2000000000000004E-6,M4,1.946E-5,7.4E-7,2.0E-7,6.0E-7,M5,2.303E-5,3.6000000000000003E-6,6.0E-7,2.0E-7,M5,2.303E-5,3.6000000000000003E-6,2.0E-7,7.860000000000001E-6,M5,2.2970000000000002E-5,1.04E-5,3.2E-7,1.12E-6,M5,2.217E-5,1.12E-5,1.12E-6,3.2E-7,M5,1.436E-5,1.12E-5,7.2E-7,3.2E-7,M5,8.49E-6,3.6000000000000003E-6,6.0E-7,2.0E-7,M5,8.89E-6,3.6000000000000003E-6,8.41E-6,2.0E-7,M5,1.63E-5,3.6000000000000003E-6,1.0E-6,2.0E-7,M5,1.71E-5,3.6000000000000003E-6,2.0E-7,1.0E-6,M6,2.303E-5,1.046E-5,2.0E-7,1.0E-6,M6,2.223E-5,1.126E-5,1.0E-6,2.0E-7,M6,1.482E-5,1.126E-5,8.41E-6,2.0E-7,M6,1.4420000000000001E-5,1.126E-5,6.0E-7,2.0E-7,
M1,2.081E-5,1.805E-6,1.9200000000000003E-6,1.6E-7,M1,2.9370000000000002E-5,1.3415E-5,6.4E-7,2.4000000000000003E-7,M1,2.6000000000000002E-5,1.4220000000000001E-5,6.4E-7,2.4000000000000003E-7,M1,1.995E-5,8.775E-6,2.4000000000000003E-7,6.4E-7,M1,1.788E-5,1.1595E-5,6.4E-7,2.4000000000000003E-7,M1,1.149E-5,1.2135E-5,6.4E-7,2.4000000000000003E-7,M1,2.3975E-5,1.0315E-5,6.4E-7,2.4000000000000003E-7,M1,3.189E-5,2.29E-6,6.4E-7,2.4000000000000003E-7,M1,1.573E-5,2.29E-6,6.4E-7,2.4000000000000003E-7,M1,1.145E-5,2.33E-6,4.68E-6,1.6E-7,M1,1.612E-5,5.65E-7,2.4000000000000003E-7,6.4E-7,M1,1.62E-5,4.7300000000000005E-6,2.4000000000000003E-7,6.4E-7,M1,4.4E-7,1.4555E-5,2.4000000000000003E-7,6.4E-7,M1,1.8E-7,1.0595000000000001E-5,2.4000000000000003E-7,6.4E-7,M1,1.448E-5,4.75E-6,1.6E-7,1.8E-7,M1,1.448E-5,4.77E-6,1.9200000000000003E-6,1.6E-7,M1,2.17E-6,5.55E-7,2.4000000000000003E-7,6.4E-7,M1,1.53E-6,1.4115E-5,2.4000000000000003E-7,6.4E-7,M1,2.597E-5,1.1635E-5,1.6E-7,8.6E-7,M1,2.597E-5,1.2335E-5,2.7E-7,1.6E-7,M1,1.8925E-5,1.0315E-5,6.4E-7,2.4000000000000003E-7,M1,3.141E-5,1.2135E-5,6.4E-7,2.4000000000000003E-7,M1,4.312E-5,1.0595000000000001E-5,2.4000000000000003E-7,6.4E-7,M1,4.286E-5,1.4555E-5,2.4000000000000003E-7,6.4E-7,M1,2.692E-5,1.312E-5,2.4000000000000003E-7,6.4E-7,M1,2.994E-5,1.616E-5,2.4000000000000003E-7,6.4E-7,M1,2.339E-5,1.1635E-5,2.03E-6,1.6E-7,M1,2.3350000000000002E-5,1.1595E-5,1.04E-6,2.4000000000000003E-7,M1,2.3350000000000002E-5,1.0795E-5,2.4000000000000003E-7,1.04E-6,M1,2.3350000000000002E-5,8.775E-6,2.4000000000000003E-7,6.4E-7,M1,2.3785E-5,2.35E-6,1.6E-7,1.44E-6,M1,2.373E-5,3.63E-6,2.15E-7,1.6E-7,M1,2.5790000000000002E-5,1.365E-6,2.4000000000000003E-7,6.4E-7,M1,3.298E-5,1.355E-6,2.4000000000000003E-7,6.4E-7,M1,1.73E-5,1.1635E-5,1.6E-7,8.6E-7,M1,1.73E-5,1.1635E-5,2.7E-7,1.6E-7,M1,1.8E-5,1.356E-5,7.54E-6,1.6E-7,M1,1.336E-5,1.616E-5,2.4000000000000003E-7,6.4E-7,M1,1.638E-5,1.312E-5,2.4000000000000003E-7,6.4E-7,M1,2.89E-5,4.75E-6,1.6E-7,1.8E-7,M1,2.714E-5,4.77E-6,1.9200000000000003E-6,1.6E-7,M1,4.177E-5,1.4115E-5,2.4000000000000003E-7,6.4E-7,M1,4.113E-5,5.55E-7,2.4000000000000003E-7,6.4E-7,M1,1.3530000000000001E-5,1.3415E-5,6.4E-7,2.4000000000000003E-7,M1,1.69E-5,1.4220000000000001E-5,6.4E-7,2.4000000000000003E-7,M1,1.965E-5,2.35E-6,1.6E-7,1.44E-6,M1,1.9595E-5,2.35E-6,2.15E-7,1.6E-7,M1,2.71E-5,4.7300000000000005E-6,2.4000000000000003E-7,6.4E-7,M1,2.718E-5,5.65E-7,2.4000000000000003E-7,6.4E-7,M1,1.036E-5,1.795E-6,1.6E-7,1.7000000000000001E-7,M1,1.036E-5,1.805E-6,7.35E-6,1.6E-7,M2,2.939E-5,1.3435000000000001E-5,6.0E-7,2.0E-7,M2,2.939E-5,1.3435000000000001E-5,2.0E-7,1.0050000000000001E-6,M2,2.642E-5,1.4240000000000001E-5,3.17E-6,2.0E-7,M2,2.602E-5,1.4240000000000001E-5,6.0E-7,2.0E-7,M2,1.997E-5,8.795E-6,2.0E-7,6.0E-7,M2,1.997E-5,9.195000000000001E-6,2.0E-7,2.62E-6,M2,1.81E-5,1.1615E-5,2.07E-6,2.0E-7,M2,1.79E-5,1.1615E-5,6.0E-7,2.0E-7,M2,1.145E-5,1.2095E-5,7.2E-7,3.2E-7,M2,2.3935E-5,1.0275E-5,7.2E-7,3.2E-7,M2,3.191E-5,2.31E-6,6.0E-7,2.0E-7,M2,1.595E-5,2.31E-6,1.616E-5,2.0E-7,M2,1.575E-5,2.31E-6,6.0E-7,2.0E-7,M2,1.6080000000000002E-5,5.250000000000001E-7,3.2E-7,7.2E-7,M2,1.616E-5,4.69E-6,3.2E-7,7.2E-7,M2,4.0E-7,1.4515E-5,3.2E-7,7.2E-7,M2,1.4E-7,1.0555E-5,3.2E-7,7.2E-7,M2,2.13E-6,5.15E-7,3.2E-7,7.2E-7,M2,1.4900000000000001E-6,1.4075E-5,3.2E-7,7.2E-7,M2,1.8885E-5,1.0275E-5,7.2E-7,3.2E-7,M2,3.137E-5,1.2095E-5,7.2E-7,3.2E-7,M2,4.308E-5,1.0555E-5,3.2E-7,7.2E-7,M2,4.282E-5,1.4515E-5,3.2E-7,7.2E-7,M2,2.688E-5,1.308E-5,3.2E-7,7.2E-7,M2,2.9900000000000002E-5,1.612E-5,3.2E-7,7.2E-7,M2,2.337E-5,1.1615E-5,1.0E-6,2.0E-7,M2,2.337E-5,1.0815E-5,2.0E-7,1.0E-6,M2,2.337E-5,9.195000000000001E-6,2.0E-7,2.62E-6,M2,2.337E-5,8.795E-6,2.0E-7,6.0E-7,M2,2.5810000000000002E-5,1.385E-6,2.0E-7,6.0E-7,M2,2.5810000000000002E-5,1.785E-6,7.39E-6,2.0E-7,M2,3.294E-5,9.25E-7,3.2E-7,1.12E-6,M2,3.214E-5,1.725E-6,1.12E-6,3.2E-7,M2,3.294E-5,1.3150000000000001E-6,3.2E-7,7.2E-7,M2,1.332E-5,1.612E-5,3.2E-7,7.2E-7,M2,1.634E-5,1.308E-5,3.2E-7,7.2E-7,M2,4.173E-5,1.4075E-5,3.2E-7,7.2E-7,M2,4.109E-5,5.15E-7,3.2E-7,7.2E-7,M2,1.355E-5,1.3435000000000001E-5,6.0E-7,2.0E-7,M2,1.395E-5,1.3435000000000001E-5,2.0E-7,1.0050000000000001E-6,M2,1.395E-5,1.4240000000000001E-5,3.17E-6,2.0E-7,M2,1.692E-5,1.4240000000000001E-5,6.0E-7,2.0E-7,M2,2.7060000000000002E-5,4.69E-6,3.2E-7,7.2E-7,M2,2.714E-5,5.250000000000001E-7,3.2E-7,7.2E-7,M3,1.145E-5,1.2095E-5,7.2E-7,3.2E-7,M3,2.3935E-5,1.0275E-5,7.2E-7,3.2E-7,M3,1.6080000000000002E-5,5.250000000000001E-7,3.2E-7,7.2E-7,M3,1.6080000000000002E-5,4.69E-6,1.12E-6,3.2E-7,M3,1.6080000000000002E-5,3.89E-6,3.2E-7,1.12E-6,M3,1.614E-5,4.75E-6,2.8E-7,2.0E-7,M3,1.622E-5,4.75E-6,2.0E-7,6.0E-7,M3,4.6E-7,1.4575E-5,2.0E-7,6.0E-7,M3,2.0E-7,1.4575E-5,4.6E-7,2.0E-7,M3,2.0E-7,1.1015E-5,2.0E-7,3.76E-6,M3,2.0E-7,1.0615000000000001E-5,2.0E-7,6.0E-7,M3,2.13E-6,5.15E-7,3.2E-7,7.2E-7,M3,1.4900000000000001E-6,1.4075E-5,3.2E-7,7.2E-7,M3,1.8945E-5,1.0335E-5,6.0E-7,2.0E-7,M3,1.9145E-5,1.0335E-5,2.0E-7,2.02E-6,M3,1.9085E-5,1.2095E-5,1.12E-6,3.2E-7,M3,1.9085E-5,1.1295E-5,3.2E-7,1.12E-6,M3,3.137E-5,1.2095E-5,7.2E-7,3.2E-7,M3,4.3140000000000004E-5,1.0615000000000001E-5,2.0E-7,6.0E-7,M3,4.3140000000000004E-5,1.1015E-5,2.0E-7,3.76E-6,M3,4.288E-5,1.4575E-5,4.6E-7,2.0E-7,M3,4.288E-5,1.4575E-5,2.0E-7,6.0E-7,M3,2.694E-5,1.314E-5,2.0E-7,6.0E-7,M3,2.694E-5,1.354E-5,2.0E-7,3.24E-6,M3,2.694E-5,1.658E-5,3.22E-6,2.0E-7,M3,2.996E-5,1.618E-5,2.0E-7,6.0E-7,M3,3.3E-5,9.85E-7,2.0E-7,1.0E-6,M3,3.2200000000000003E-5,1.785E-6,1.0E-6,2.0E-7,M3,3.3E-5,1.775E-6,2.0E-7,2.1E-7,M3,3.3E-5,1.375E-6,2.0E-7,6.0E-7,M3,1.338E-5,1.618E-5,2.0E-7,6.0E-7,M3,1.338E-5,1.658E-5,3.22E-6,2.0E-7,M3,1.64E-5,1.354E-5,2.0E-7,3.24E-6,M3,1.64E-5,1.314E-5,2.0E-7,6.0E-7,M3,4.179E-5,1.4135000000000001E-5,2.0E-7,6.0E-7,M3,4.1150000000000004E-5,1.4135000000000001E-5,8.4E-7,2.0E-7,M3,4.109E-5,1.4075E-5,1.12E-6,3.2E-7,M3,4.109E-5,1.3275E-5,3.2E-7,1.12E-6,M3,4.109E-5,5.15E-7,3.2E-7,7.2E-7,M3,2.712E-5,4.75E-6,2.0E-7,6.0E-7,M3,2.712E-5,4.75E-6,2.8E-7,2.0E-7,M3,2.72E-5,5.85E-7,2.0E-7,4.365E-6,M3,2.72E-5,5.85E-7,2.0E-7,6.0E-7,M4,1.145E-5,1.2095E-5,7.2E-7,3.2E-7,M4,2.3935E-5,1.0275E-5,7.2E-7,3.2E-7,M4,1.614E-5,5.85E-7,2.0E-7,6.0E-7,M4,1.614E-5,5.85E-7,2.0E-7,4.365E-6,M4,1.614E-5,4.75E-6,1.0E-6,2.0E-7,M4,1.614E-5,3.95E-6,2.0E-7,1.0E-6,M4,2.19E-6,5.75E-7,2.0E-7,6.0E-7,M4,2.19E-6,5.75E-7,2.0E-7,1.376E-5,M4,1.55E-6,1.4135000000000001E-5,8.4E-7,2.0E-7,M4,1.55E-6,1.4135000000000001E-5,2.0E-7,6.0E-7,M4,1.9145E-5,1.2155E-5,1.0E-6,2.0E-7,M4,1.9145E-5,1.1355E-5,2.0E-7,1.0E-6,M4,1.9145E-5,1.2155E-5,1.2685E-5,2.0E-7,M4,3.143E-5,1.2155E-5,6.0E-7,2.0E-7,M4,4.1150000000000004E-5,1.4135000000000001E-5,1.0E-6,2.0E-7,M4,4.1150000000000004E-5,1.3335E-5,2.0E-7,1.0E-6,M4,4.1150000000000004E-5,5.75E-7,2.0E-7,1.376E-5,M4,4.1150000000000004E-5,5.75E-7,2.0E-7,6.0E-7,M5,1.145E-5,1.2095E-5,7.2E-7,3.2E-7,M5,2.3935E-5,1.0275E-5,7.2E-7,3.2E-7,M6,1.151E-5,1.2155E-5,6.0E-7,2.0E-7,M6,1.171E-5,1.2155E-5,1.2685E-5,2.0E-7,M6,2.4195E-5,1.0335E-5,2.0E-7,2.02E-6,M6,2.3995E-5,1.0335E-5,6.0E-7,2.0E-7,
M1,2.744E-5,2.0605E-5,2.4000000000000003E-7,6.4E-7,M1,2.693E-5,9.95E-7,2.4000000000000003E-7,6.4E-7,M1,1.178E-5,2.35E-6,1.6E-7,1.575E-6,M1,1.13E-5,2.35E-6,6.4E-7,1.6E-7,M1,2.13E-5,2.31E-6,6.4E-7,2.4000000000000003E-7,M1,2.082E-5,2.31E-6,2.4000000000000003E-7,1.04E-6,M1,2.082E-5,2.31E-6,1.04E-6,2.4000000000000003E-7,M1,2.086E-5,2.35E-6,1.6E-7,1.575E-6,M1,2.1380000000000002E-5,4.9050000000000005E-6,1.9200000000000003E-6,1.6E-7,M1,1.3520000000000001E-5,1.5115E-5,5.76E-6,1.6E-7,M1,1.8E-7,1.7085E-5,2.4000000000000003E-7,6.4E-7,M1,4.4E-7,2.1045E-5,2.4000000000000003E-7,6.4E-7,M1,1.262E-5,1.3335E-5,2.05E-7,1.6E-7,M1,1.262E-5,1.3335E-5,1.6E-7,7.4E-7,M1,3.212E-5,2.1045E-5,2.4000000000000003E-7,6.4E-7,M1,3.238E-5,1.7085E-5,2.4000000000000003E-7,6.4E-7,M1,1.1920000000000001E-5,1.805E-6,8.96E-6,1.6E-7,M1,1.437E-5,1.2015000000000001E-5,6.4E-7,2.4000000000000003E-7,M1,2.362E-5,1.8625E-5,6.4E-7,2.4000000000000003E-7,M1,1.326E-5,2.2355000000000002E-5,6.28E-6,1.6E-7,M1,7.27E-6,1.365E-6,1.6E-7,1.915E-6,M1,7.23E-6,2.88E-6,2.4000000000000003E-7,6.4E-7,M1,9.460000000000001E-6,4.865E-6,2.4000000000000003E-7,6.4E-7,M1,1.2120000000000001E-5,1.3295E-5,6.4E-7,2.4000000000000003E-7,M1,1.338E-5,1.9905E-5,6.4E-7,2.4000000000000003E-7,M1,5.63E-6,9.95E-7,2.4000000000000003E-7,6.4E-7,M1,5.12E-6,2.0605E-5,2.4000000000000003E-7,6.4E-7,M1,1.872E-5,1.3295E-5,6.4E-7,2.4000000000000003E-7,M1,1.708E-5,1.0475E-5,2.4000000000000003E-7,6.4E-7,M1,1.779E-5,1.2015000000000001E-5,6.4E-7,2.4000000000000003E-7,M1,8.54E-6,1.8625E-5,6.4E-7,2.4000000000000003E-7,M1,9.5E-6,4.9050000000000005E-6,1.9200000000000003E-6,1.6E-7,M1,2.3140000000000002E-5,3.12E-6,1.6E-7,1.945E-6,M1,2.31E-5,2.88E-6,2.4000000000000003E-7,6.4E-7,M1,2.533E-5,9.25E-7,2.4000000000000003E-7,6.4E-7,M1,1.188E-5,1.365E-6,2.4000000000000003E-7,6.4E-7,M1,4.0E-6,1.435E-6,2.4000000000000003E-7,6.4E-7,M1,2.856E-5,1.435E-6,2.4000000000000003E-7,6.4E-7,M1,2.0680000000000002E-5,1.365E-6,2.4000000000000003E-7,6.4E-7,M1,2.737E-5,2.0E-8,6.4E-7,2.4000000000000003E-7,M1,3.55E-6,2.0E-8,6.4E-7,2.4000000000000003E-7,M1,1.548E-5,1.0475E-5,2.4000000000000003E-7,6.4E-7,M1,1.344E-5,1.3295E-5,6.4E-7,2.4000000000000003E-7,M1,1.9975E-5,1.3915E-5,2.05E-7,1.6E-7,M1,1.9975E-5,1.3335E-5,1.6E-7,7.4E-7,M1,2.116E-5,1.4675000000000001E-5,2.4000000000000003E-7,6.4E-7,M1,2.294E-5,2.1915E-5,2.4000000000000003E-7,6.4E-7,M1,2.028E-5,1.9945E-5,8.4E-7,1.6E-7,M1,2.028E-5,1.5695E-5,1.6E-7,4.41E-6,M2,2.746E-5,2.0625E-5,2.0E-7,6.0E-7,M2,2.746E-5,1.415E-6,2.0E-7,1.941E-5,M2,2.695E-5,1.415E-6,7.1E-7,2.0E-7,M2,2.695E-5,1.015E-6,2.0E-7,6.0E-7,M2,2.132E-5,2.33E-6,6.0E-7,2.0E-7,M2,2.084E-5,2.33E-6,6.800000000000001E-7,2.0E-7,M2,2.084E-5,2.33E-6,2.0E-7,1.0E-6,M2,2.084E-5,2.33E-6,1.0E-6,2.0E-7,M2,1.4E-7,1.7045E-5,3.2E-7,7.2E-7,M2,4.0E-7,2.1005E-5,3.2E-7,7.2E-7,M2,3.208E-5,2.1005E-5,3.2E-7,7.2E-7,M2,3.234E-5,1.7045E-5,3.2E-7,7.2E-7,M2,1.433E-5,1.1975E-5,7.2E-7,3.2E-7,M2,2.358E-5,1.8585E-5,7.2E-7,3.2E-7,M2,7.25E-6,2.9E-6,2.0E-7,6.0E-7,M2,7.25E-6,3.1E-6,2.0E-7,1.985E-6,M2,7.25E-6,4.885E-6,2.43E-6,2.0E-7,M2,9.48E-6,4.885E-6,2.0E-7,6.0E-7,M2,1.208E-5,1.3255000000000001E-5,7.2E-7,3.2E-7,M2,1.3340000000000001E-5,1.9865E-5,7.2E-7,3.2E-7,M2,5.65E-6,1.015E-6,2.0E-7,6.0E-7,M2,5.65E-6,1.415E-6,2.0E-7,1.941E-5,M2,5.14E-6,2.0625E-5,7.1E-7,2.0E-7,M2,5.14E-6,2.0625E-5,2.0E-7,6.0E-7,M2,1.874E-5,1.3315E-5,6.0E-7,2.0E-7,M2,1.71E-5,1.3315E-5,1.84E-6,2.0E-7,M2,1.71E-5,1.0895E-5,2.0E-7,2.62E-6,M2,1.71E-5,1.0495E-5,2.0E-7,6.0E-7,M2,1.775E-5,1.1975E-5,7.2E-7,3.2E-7,M2,8.5E-6,1.8585E-5,7.2E-7,3.2E-7,M2,2.312E-5,2.9E-6,2.0E-7,6.0E-7,M2,2.312E-5,1.345E-6,2.0E-7,1.955E-6,M2,2.312E-5,1.345E-6,2.43E-6,2.0E-7,M2,2.535E-5,9.450000000000001E-7,2.0E-7,6.0E-7,M2,1.184E-5,1.325E-6,3.2E-7,7.2E-7,M2,3.96E-6,1.395E-6,3.2E-7,7.2E-7,M2,2.852E-5,1.395E-6,3.2E-7,7.2E-7,M2,2.064E-5,1.325E-6,3.2E-7,7.2E-7,M2,2.739E-5,4.0E-8,6.0E-7,2.0E-7,M2,3.77E-6,4.0E-8,2.382E-5,2.0E-7,M2,3.57E-6,4.0E-8,6.0E-7,2.0E-7,M2,1.544E-5,1.0435000000000001E-5,3.2E-7,7.2E-7,M2,1.544E-5,1.2455E-5,3.2E-7,1.12E-6,M2,1.464E-5,1.3255000000000001E-5,1.12E-6,3.2E-7,M2,1.3860000000000001E-5,1.3315E-5,1.84E-6,2.0E-7,M2,1.346E-5,1.3315E-5,6.0E-7,2.0E-7,M2,2.112E-5,1.4635E-5,3.2E-7,7.2E-7,M2,2.29E-5,2.1875E-5,3.2E-7,7.2E-7,M3,2.0E-7,1.7105E-5,2.0E-7,6.0E-7,M3,2.0E-7,1.7505E-5,4.6E-7,2.0E-7,M3,4.6E-7,1.7505E-5,2.0E-7,3.76E-6,M3,4.6E-7,2.1065E-5,2.0E-7,6.0E-7,M3,3.214E-5,2.1065E-5,2.0E-7,6.0E-7,M3,3.214E-5,1.7505E-5,2.0E-7,3.76E-6,M3,3.214E-5,1.7505E-5,4.6E-7,2.0E-7,M3,3.24E-5,1.7105E-5,2.0E-7,6.0E-7,M3,1.433E-5,1.1975E-5,7.2E-7,3.2E-7,M3,2.358E-5,1.8585E-5,7.2E-7,3.2E-7,M3,1.214E-5,1.3315E-5,6.0E-7,2.0E-7,M3,1.234E-5,1.3315E-5,1.66E-6,2.0E-7,M3,1.38E-5,1.3315E-5,2.0E-7,6.81E-6,M3,1.34E-5,1.9925E-5,6.0E-7,2.0E-7,M3,1.775E-5,1.1975E-5,7.2E-7,3.2E-7,M3,8.5E-6,1.8585E-5,7.2E-7,3.2E-7,M3,1.19E-5,1.385E-6,2.0E-7,6.0E-7,M3,4.825E-6,1.785E-6,7.275E-6,2.0E-7,M3,4.565E-6,1.725E-6,7.2E-7,3.2E-7,M3,3.96E-6,1.395E-6,3.2E-7,7.2E-7,M3,2.852E-5,1.395E-6,3.2E-7,7.2E-7,M3,2.064E-5,1.325E-6,3.2E-7,7.2E-7,M3,1.544E-5,1.0435000000000001E-5,3.2E-7,7.2E-7,M3,1.544E-5,1.2455E-5,3.2E-7,1.12E-6,M3,1.464E-5,1.3255000000000001E-5,1.12E-6,3.2E-7,M3,2.118E-5,1.4695E-5,2.0E-7,6.0E-7,M3,2.118E-5,1.5095E-5,1.98E-6,2.0E-7,M3,2.296E-5,1.5095E-5,2.0E-7,7.44E-6,M3,2.296E-5,2.1935E-5,2.0E-7,6.0E-7,M4,1.433E-5,1.1975E-5,7.2E-7,3.2E-7,M4,2.358E-5,1.8585E-5,7.2E-7,3.2E-7,M4,1.781E-5,1.2035E-5,6.0E-7,2.0E-7,M4,1.8010000000000002E-5,1.2035E-5,2.0E-7,6.81E-6,M4,8.96E-6,1.8645000000000002E-5,9.25E-6,2.0E-7,M4,8.56E-6,1.8645000000000002E-5,6.0E-7,2.0E-7,M4,4.625E-6,1.785E-6,6.0E-7,2.0E-7,M4,4.0200000000000005E-6,1.785E-6,1.0050000000000001E-6,2.0E-7,M4,4.0200000000000005E-6,1.785E-6,2.0E-7,2.7E-7,M4,4.0200000000000005E-6,1.455E-6,2.0E-7,6.0E-7,M4,2.852E-5,1.395E-6,3.2E-7,7.2E-7,M4,2.7720000000000002E-5,1.725E-6,1.12E-6,3.2E-7,M4,2.852E-5,1.725E-6,3.2E-7,1.12E-6,M4,2.7775E-5,1.785E-6,1.0050000000000001E-6,2.0E-7,M4,2.0700000000000002E-5,1.785E-6,7.275E-6,2.0E-7,M4,2.0700000000000002E-5,1.385E-6,2.0E-7,6.0E-7,M4,1.55E-5,1.0495E-5,2.0E-7,6.0E-7,M4,1.55E-5,1.0895E-5,2.0E-7,2.62E-6,M4,1.55E-5,1.2515E-5,2.0E-7,1.0E-6,M4,1.47E-5,1.3315E-5,1.0E-6,2.0E-7,M5,1.4390000000000001E-5,1.2035E-5,6.0E-7,2.0E-7,M5,1.4590000000000001E-5,1.2035E-5,2.0E-7,6.81E-6,M5,1.4590000000000001E-5,1.8645000000000002E-5,9.25E-6,2.0E-7,M5,2.364E-5,1.8645000000000002E-5,6.0E-7,2.0E-7,M5,2.858E-5,1.455E-6,2.0E-7,6.0E-7,M5,2.858E-5,1.785E-6,2.0E-7,2.7E-7,M5,2.778E-5,1.785E-6,1.0E-6,2.0E-7,M5,2.858E-5,1.785E-6,2.0E-7,1.0E-6,
M1,2.462E-5,1.48E-6,2.4000000000000003E-7,6.4E-7,M1,2.3840000000000002E-5,2.061E-5,2.4000000000000003E-7,6.4E-7,M1,1.2120000000000001E-5,1.3870000000000001E-5,6.4E-7,2.4000000000000003E-7,M1,1.338E-5,1.991E-5,6.4E-7,2.4000000000000003E-7,M1,2.612E-5,1.9200000000000003E-6,2.4000000000000003E-7,6.4E-7,M1,2.163E-5,1.365E-6,2.4000000000000003E-7,6.4E-7,M1,2.1380000000000002E-5,5.48E-6,1.9200000000000003E-6,1.6E-7,M1,1.3520000000000001E-5,1.569E-5,5.76E-6,1.6E-7,M1,1.262E-5,1.391E-5,1.6E-7,7.4E-7,M1,1.262E-5,1.391E-5,2.05E-7,1.6E-7,M1,2.306E-5,1.365E-6,2.4000000000000003E-7,1.6E-7,M1,2.3140000000000002E-5,1.365E-6,1.6E-7,4.275E-6,M1,4.4E-7,2.105E-5,2.4000000000000003E-7,6.4E-7,M1,1.8E-7,1.709E-5,2.4000000000000003E-7,6.4E-7,M1,1.1815E-5,2.35E-6,1.6E-7,2.15E-6,M1,1.178E-5,4.34E-6,1.95E-7,1.6E-7,M1,7.94E-6,1.48E-6,2.4000000000000003E-7,6.4E-7,M1,8.72E-6,2.061E-5,2.4000000000000003E-7,6.4E-7,M1,1.872E-5,1.3870000000000001E-5,6.4E-7,2.4000000000000003E-7,M1,1.708E-5,1.1050000000000001E-5,2.4000000000000003E-7,6.4E-7,M1,3.238E-5,1.709E-5,2.4000000000000003E-7,6.4E-7,M1,3.212E-5,2.105E-5,2.4000000000000003E-7,6.4E-7,M1,1.9975E-5,1.391E-5,1.6E-7,7.4E-7,M1,1.9975E-5,1.449E-5,2.05E-7,1.6E-7,M1,2.0825E-5,2.35E-6,1.6E-7,2.15E-6,M1,2.0825E-5,4.34E-6,1.95E-7,1.6E-7,M1,1.8355E-5,1.259E-5,6.4E-7,2.4000000000000003E-7,M1,7.34E-6,4.3E-6,6.4E-7,2.4000000000000003E-7,M1,9.5E-6,5.48E-6,1.9200000000000003E-6,1.6E-7,M1,2.294E-5,2.192E-5,2.4000000000000003E-7,6.4E-7,M1,2.116E-5,1.525E-5,2.4000000000000003E-7,6.4E-7,M1,1.093E-5,1.365E-6,2.4000000000000003E-7,6.4E-7,M1,6.44E-6,1.9200000000000003E-6,2.4000000000000003E-7,6.4E-7,M1,9.5E-6,1.365E-6,2.4000000000000003E-7,1.6E-7,M1,9.5E-6,1.365E-6,1.6E-7,4.275E-6,M1,7.2000000000000005E-6,2.0E-8,6.4E-7,2.4000000000000003E-7,M1,2.496E-5,2.0E-8,6.4E-7,2.4000000000000003E-7,M1,1.344E-5,1.3870000000000001E-5,6.4E-7,2.4000000000000003E-7,M1,1.548E-5,1.1050000000000001E-5,2.4000000000000003E-7,6.4E-7,M1,1.876E-5,1.6270000000000002E-5,2.2E-7,1.6E-7,M1,1.882E-5,1.6270000000000002E-5,1.6E-7,3.8400000000000005E-6,M1,2.482E-5,4.3E-6,6.4E-7,2.4000000000000003E-7,M1,1.3805E-5,1.259E-5,6.4E-7,2.4000000000000003E-7,M1,1.326E-5,2.236E-5,6.28E-6,1.6E-7,M1,1.4230000000000001E-5,1.805E-6,4.34E-6,1.6E-7,M2,2.464E-5,1.5E-6,2.0E-7,6.0E-7,M2,2.3860000000000002E-5,1.9E-6,9.8E-7,2.0E-7,M2,2.3860000000000002E-5,1.9E-6,2.0E-7,1.893E-5,M2,2.3860000000000002E-5,2.063E-5,2.0E-7,6.0E-7,M2,1.214E-5,1.389E-5,6.0E-7,2.0E-7,M2,1.234E-5,1.389E-5,2.0E-7,6.24E-6,M2,1.234E-5,1.993E-5,1.66E-6,2.0E-7,M2,1.34E-5,1.993E-5,6.0E-7,2.0E-7,M2,2.608E-5,1.88E-6,3.2E-7,7.2E-7,M2,2.159E-5,1.325E-6,3.2E-7,7.2E-7,M2,4.0E-7,2.101E-5,3.2E-7,7.2E-7,M2,1.4E-7,2.101E-5,1.12E-6,3.2E-7,M2,1.4E-7,2.021E-5,3.2E-7,1.12E-6,M2,2.0E-7,1.751E-5,2.0E-7,3.76E-6,M2,2.0E-7,1.711E-5,2.0E-7,6.0E-7,M2,7.96E-6,1.5E-6,2.0E-7,6.0E-7,M2,7.96E-6,1.9E-6,9.8E-7,2.0E-7,M2,8.740000000000001E-6,1.9E-6,2.0E-7,1.893E-5,M2,8.740000000000001E-6,2.063E-5,2.0E-7,6.0E-7,M2,1.874E-5,1.389E-5,6.0E-7,2.0E-7,M2,1.71E-5,1.389E-5,1.84E-6,2.0E-7,M2,1.71E-5,1.147E-5,2.0E-7,2.62E-6,M2,1.71E-5,1.107E-5,2.0E-7,6.0E-7,M2,3.24E-5,1.711E-5,2.0E-7,6.0E-7,M2,3.24E-5,1.751E-5,2.0E-7,3.76E-6,M2,3.234E-5,2.021E-5,3.2E-7,1.12E-6,M2,3.154E-5,2.101E-5,1.12E-6,3.2E-7,M2,3.208E-5,2.101E-5,3.2E-7,7.2E-7,M2,1.8375E-5,1.261E-5,6.0E-7,2.0E-7,M2,1.8575E-5,4.32E-6,2.0E-7,8.49E-6,M2,1.7715E-5,4.26E-6,1.12E-6,3.2E-7,M2,1.8515E-5,4.26E-6,3.2E-7,1.12E-6,M2,7.3E-6,4.26E-6,7.2E-7,3.2E-7,M2,2.296E-5,2.194E-5,2.0E-7,6.0E-7,M2,2.296E-5,1.567E-5,2.0E-7,6.87E-6,M2,2.118E-5,1.567E-5,1.98E-6,2.0E-7,M2,2.118E-5,1.527E-5,2.0E-7,6.0E-7,M2,1.089E-5,1.325E-6,3.2E-7,7.2E-7,M2,6.4E-6,1.88E-6,3.2E-7,7.2E-7,M2,7.22E-6,4.0E-8,6.0E-7,2.0E-7,M2,7.62E-6,4.0E-8,1.756E-5,2.0E-7,M2,2.498E-5,4.0E-8,6.0E-7,2.0E-7,M2,1.346E-5,1.389E-5,6.0E-7,2.0E-7,M2,1.3860000000000001E-5,1.389E-5,1.84E-6,2.0E-7,M2,1.55E-5,1.147E-5,2.0E-7,2.62E-6,M2,1.55E-5,1.107E-5,2.0E-7,6.0E-7,M2,2.478E-5,4.26E-6,7.2E-7,3.2E-7,M2,1.3765E-5,1.255E-5,7.2E-7,3.2E-7,M3,2.614E-5,1.94E-6,2.0E-7,6.0E-7,M3,2.614E-5,1.785E-6,2.0E-7,7.55E-7,M3,2.165E-5,1.785E-6,4.69E-6,2.0E-7,M3,2.165E-5,1.385E-6,2.0E-7,6.0E-7,M3,4.0E-7,2.101E-5,3.2E-7,7.2E-7,M3,1.4E-7,2.101E-5,1.12E-6,3.2E-7,M3,1.4E-7,2.021E-5,3.2E-7,1.12E-6,M3,3.24E-5,2.027E-5,2.0E-7,1.0E-6,M3,3.16E-5,2.107E-5,1.0E-6,2.0E-7,M3,3.214E-5,2.107E-5,4.6E-7,2.0E-7,M3,3.214E-5,2.107E-5,2.0E-7,6.0E-7,M3,1.7775000000000002E-5,4.32E-6,1.0E-6,2.0E-7,M3,1.8575E-5,4.32E-6,2.0E-7,1.0E-6,M3,7.5600000000000005E-6,4.32E-6,1.1215E-5,2.0E-7,M3,7.36E-6,4.32E-6,6.0E-7,2.0E-7,M3,1.095E-5,1.385E-6,2.0E-7,6.0E-7,M3,1.095E-5,1.785E-6,2.0E-7,7.55E-7,M3,6.46E-6,2.34E-6,4.69E-6,2.0E-7,M3,6.46E-6,1.94E-6,2.0E-7,6.0E-7,M3,2.484E-5,4.32E-6,6.0E-7,2.0E-7,M3,2.504E-5,4.32E-6,2.0E-7,8.49E-6,M3,2.498E-5,1.1750000000000001E-5,3.2E-7,1.12E-6,M3,2.418E-5,1.255E-5,1.12E-6,3.2E-7,M3,1.3765E-5,1.255E-5,7.2E-7,3.2E-7,M4,4.6E-7,2.107E-5,2.0E-7,6.0E-7,M4,2.0E-7,2.107E-5,4.6E-7,2.0E-7,M4,2.0E-7,2.107E-5,1.0E-6,2.0E-7,M4,2.0E-7,2.027E-5,2.0E-7,1.0E-6,M4,2.504E-5,1.181E-5,2.0E-7,1.0E-6,M4,2.4240000000000002E-5,1.261E-5,1.0E-6,2.0E-7,M4,1.4025E-5,1.261E-5,1.1215E-5,2.0E-7,M4,1.3825E-5,1.261E-5,6.0E-7,2.0E-7,
M1,2.009E-5,1.44E-6,1.9200000000000003E-6,1.6E-7,M1,4.033E-5,1.4930000000000001E-5,2.4000000000000003E-7,6.4E-7,M1,3.949E-5,5.2E-7,2.4000000000000003E-7,6.4E-7,M1,2.339E-5,1.44E-6,1.6E-7,8.12E-6,M1,1.607E-5,2.22E-6,6.4E-7,2.4000000000000003E-7,M1,2.539E-5,2.22E-6,6.4E-7,2.4000000000000003E-7,M1,2.625E-5,4.68E-6,1.9200000000000003E-6,1.6E-7,M1,1.518E-5,1.32E-6,2.4000000000000003E-7,6.4E-7,M1,2.005E-5,1.0E-6,2.4000000000000003E-7,6.4E-7,M1,1.8E-7,1.1410000000000001E-5,2.4000000000000003E-7,6.4E-7,M1,4.4E-7,1.537E-5,2.4000000000000003E-7,6.4E-7,M1,1.662E-5,1.134E-5,6.4E-7,2.4000000000000003E-7,M1,1.985E-5,8.52E-6,2.4000000000000003E-7,6.4E-7,M1,4.142E-5,1.537E-5,2.4000000000000003E-7,6.4E-7,M1,4.168E-5,1.1410000000000001E-5,2.4000000000000003E-7,6.4E-7,M1,2.205E-5,8.96E-6,1.6E-7,2.58E-6,M1,2.205E-5,1.138E-5,3.19E-6,1.6E-7,M1,1.911E-5,3.5E-6,6.4E-7,2.4000000000000003E-7,M1,2.849E-5,3.5E-6,6.4E-7,2.4000000000000003E-7,M1,1.393E-5,4.68E-6,1.9200000000000003E-6,1.6E-7,M1,1.6855E-5,1.138E-5,1.6E-7,8.6E-7,M1,1.6855E-5,1.208E-5,5.15E-7,1.6E-7,M1,1.397E-5,1.4060000000000001E-5,1.6E-7,3.7E-7,M1,1.397E-5,1.4060000000000001E-5,3.04E-6,1.6E-7,M1,1.8750000000000002E-5,3.5E-6,6.4E-7,2.4000000000000003E-7,M1,1.8765E-5,2.1000000000000002E-6,6.4E-7,2.4000000000000003E-7,M1,2.85E-5,1.692E-5,2.4000000000000003E-7,6.4E-7,M1,2.557E-5,1.292E-5,2.4000000000000003E-7,6.4E-7,M1,1.633E-5,1.336E-5,2.95E-7,1.6E-7,M1,1.6225E-5,1.332E-5,6.4E-7,2.4000000000000003E-7,M1,2.557E-5,1.292E-5,2.4000000000000003E-7,6.4E-7,M1,1.53E-6,1.4930000000000001E-5,2.4000000000000003E-7,6.4E-7,M1,2.37E-6,5.2E-7,2.4000000000000003E-7,6.4E-7,M1,2.2935E-5,2.14E-6,1.6E-7,1.56E-6,M1,2.2935E-5,3.54E-6,1.75E-7,1.6E-7,M1,1.341E-5,3.54E-6,9.14E-6,1.6E-7,M1,1.855E-5,1.44E-6,1.6E-7,8.12E-6,M1,2.797E-5,1.4060000000000001E-5,1.6E-7,3.7E-7,M1,2.5090000000000002E-5,1.4060000000000001E-5,3.04E-6,1.6E-7,M1,2.181E-5,1.0E-6,2.4000000000000003E-7,6.4E-7,M1,2.6680000000000002E-5,1.32E-6,2.4000000000000003E-7,6.4E-7,M1,2.4730000000000002E-5,1.336E-5,1.6E-7,8.6E-7,M1,2.4730000000000002E-5,1.4060000000000001E-5,5.0E-7,1.6E-7,M1,1.629E-5,1.292E-5,2.4000000000000003E-7,6.4E-7,M1,1.336E-5,1.692E-5,2.4000000000000003E-7,6.4E-7,M2,4.035E-5,1.4950000000000001E-5,2.0E-7,6.0E-7,M2,4.035E-5,5.4E-7,2.0E-7,1.461E-5,M2,3.951E-5,5.4E-7,1.04E-6,2.0E-7,M2,3.951E-5,5.4E-7,2.0E-7,6.0E-7,M2,1.609E-5,2.24E-6,6.0E-7,2.0E-7,M2,1.649E-5,2.24E-6,9.12E-6,2.0E-7,M2,2.541E-5,2.24E-6,6.0E-7,2.0E-7,M2,1.52E-5,1.34E-6,2.0E-7,6.0E-7,M2,1.52E-5,1.42E-6,2.0E-7,5.2E-7,M2,1.52E-5,1.42E-6,5.07E-6,2.0E-7,M2,2.007E-5,1.02E-6,2.0E-7,6.0E-7,M2,1.4E-7,1.137E-5,3.2E-7,7.2E-7,M2,4.0E-7,1.533E-5,3.2E-7,7.2E-7,M2,1.658E-5,1.13E-5,7.2E-7,3.2E-7,M2,1.9810000000000002E-5,8.48E-6,3.2E-7,7.2E-7,M2,4.138E-5,1.533E-5,3.2E-7,7.2E-7,M2,4.164E-5,1.137E-5,3.2E-7,7.2E-7,M2,1.913E-5,3.52E-6,6.0E-7,2.0E-7,M2,1.953E-5,3.52E-6,9.18E-6,2.0E-7,M2,2.851E-5,3.52E-6,6.0E-7,2.0E-7,M2,1.871E-5,3.46E-6,7.2E-7,3.2E-7,M2,1.8725E-5,2.06E-6,7.2E-7,3.2E-7,M2,2.8460000000000002E-5,1.688E-5,3.2E-7,7.2E-7,M2,2.553E-5,1.288E-5,3.2E-7,7.2E-7,M2,1.6245E-5,1.3340000000000001E-5,6.0E-7,2.0E-7,M2,1.6445E-5,1.3340000000000001E-5,9.345E-6,2.0E-7,M2,2.559E-5,1.294E-5,2.0E-7,6.0E-7,M2,1.55E-6,1.4950000000000001E-5,2.0E-7,6.0E-7,M2,1.55E-6,5.4E-7,2.0E-7,1.461E-5,M2,1.55E-6,5.4E-7,1.04E-6,2.0E-7,M2,2.39E-6,5.4E-7,2.0E-7,6.0E-7,M2,2.183E-5,1.02E-6,2.0E-7,6.0E-7,M2,2.183E-5,1.42E-6,5.07E-6,2.0E-7,M2,2.6700000000000002E-5,1.42E-6,2.0E-7,5.2E-7,M2,2.6700000000000002E-5,1.34E-6,2.0E-7,6.0E-7,M2,1.6250000000000002E-5,1.288E-5,3.2E-7,7.2E-7,M2,1.332E-5,1.688E-5,3.2E-7,7.2E-7,M3,2.0E-7,1.143E-5,2.0E-7,6.0E-7,M3,2.0E-7,1.183E-5,2.0E-7,3.76E-6,M3,2.0E-7,1.539E-5,4.6E-7,2.0E-7,M3,4.6E-7,1.539E-5,2.0E-7,6.0E-7,M3,1.664E-5,1.136E-5,6.0E-7,2.0E-7,M3,1.684E-5,1.136E-5,3.23E-6,2.0E-7,M3,1.9810000000000002E-5,1.05E-5,3.2E-7,1.12E-6,M3,1.901E-5,1.13E-5,1.12E-6,3.2E-7,M3,1.9810000000000002E-5,8.48E-6,3.2E-7,7.2E-7,M3,4.144E-5,1.539E-5,2.0E-7,6.0E-7,M3,4.144E-5,1.539E-5,4.6E-7,2.0E-7,M3,4.1700000000000004E-5,1.183E-5,2.0E-7,3.76E-6,M3,4.1700000000000004E-5,1.143E-5,2.0E-7,6.0E-7,M3,1.877E-5,3.52E-6,6.0E-7,2.0E-7,M3,1.897E-5,3.52E-6,2.15E-7,2.0E-7,M3,1.8985000000000002E-5,2.12E-6,2.0E-7,1.6E-6,M3,1.8785E-5,2.12E-6,6.0E-7,2.0E-7,M3,2.852E-5,1.694E-5,2.0E-7,6.0E-7,M3,2.852E-5,1.3340000000000001E-5,2.0E-7,4.2000000000000004E-6,M3,2.6565E-5,1.3340000000000001E-5,2.155E-6,2.0E-7,M3,2.559E-5,1.3340000000000001E-5,1.175E-6,2.0E-7,M3,2.559E-5,1.294E-5,2.0E-7,6.0E-7,M3,1.631E-5,1.294E-5,2.0E-7,6.0E-7,M3,1.338E-5,1.3340000000000001E-5,3.13E-6,2.0E-7,M3,1.338E-5,1.3340000000000001E-5,2.0E-7,4.2000000000000004E-6,M3,1.338E-5,1.694E-5,2.0E-7,6.0E-7,M4,1.987E-5,1.056E-5,2.0E-7,1.0E-6,M4,1.9070000000000002E-5,1.136E-5,1.0E-6,2.0E-7,M4,1.987E-5,8.94E-6,2.0E-7,2.62E-6,M4,1.987E-5,8.54E-6,2.0E-7,6.0E-7,
M1,1.25E-5,1.5975E-5,6.4E-7,2.4000000000000003E-7,M1,1.236E-5,1.893E-5,6.4E-7,2.4000000000000003E-7,M1,1.4390000000000001E-5,1.045E-6,4.58E-6,1.6E-7,M1,2.866E-5,2.197E-5,2.4000000000000003E-7,6.4E-7,M1,2.007E-5,1.4875E-5,2.4000000000000003E-7,6.4E-7,M1,1.309E-5,1.5315E-5,7.18E-6,1.6E-7,M1,3.268E-5,2.007E-5,2.4000000000000003E-7,6.4E-7,M1,3.294E-5,1.677E-5,2.4000000000000003E-7,6.4E-7,M1,3.298E-5,1.655E-5,1.6E-7,6.2E-7,M1,4.4E-7,2.007E-5,2.4000000000000003E-7,6.4E-7,M1,1.8E-7,1.677E-5,2.4000000000000003E-7,6.4E-7,M1,2.2E-7,1.655E-5,1.6E-7,6.2E-7,M1,1.095E-5,1.365E-6,2.4000000000000003E-7,6.4E-7,M1,6.5000000000000004E-6,1.41E-6,2.4000000000000003E-7,6.4E-7,M1,9.53E-6,4.8200000000000004E-6,2.4000000000000003E-7,6.4E-7,M1,1.129E-5,4.8200000000000004E-6,2.4000000000000003E-7,6.4E-7,M1,2.0700000000000002E-5,1.339E-5,1.6E-7,8.6E-7,M1,2.0700000000000002E-5,1.409E-5,2.7E-7,1.6E-7,M1,8.61E-6,3.68E-6,6.4E-7,2.4000000000000003E-7,M1,1.8105E-5,1.207E-5,6.4E-7,2.4000000000000003E-7,M1,9.57E-6,1.365E-6,1.6E-7,3.655E-6,M1,9.53E-6,1.365E-6,2.0E-7,1.6E-7,M1,2.363E-5,1.365E-6,1.6E-7,3.655E-6,M1,2.363E-5,1.365E-6,2.0E-7,1.6E-7,M1,4.4600000000000005E-6,2.197E-5,2.4000000000000003E-7,6.4E-7,M1,1.305E-5,1.4875E-5,2.4000000000000003E-7,6.4E-7,M1,2.04E-5,1.681E-5,1.6E-7,2.3200000000000002E-6,M1,2.036E-5,1.677E-5,2.4000000000000003E-7,1.04E-6,M1,2.036E-5,1.677E-5,1.04E-6,2.4000000000000003E-7,M1,2.022E-5,1.5975E-5,6.4E-7,2.4000000000000003E-7,M1,2.811E-5,6.1E-7,2.4000000000000003E-7,6.4E-7,M1,2.962E-5,1.963E-5,2.4000000000000003E-7,6.4E-7,M1,2.567E-5,2.4E-6,6.4E-7,2.4000000000000003E-7,M1,7.05E-6,2.4E-6,6.4E-7,2.4000000000000003E-7,M1,1.74E-5,1.097E-5,1.6E-7,3.7E-7,M1,1.736E-5,1.094E-5,2.4000000000000003E-7,6.4E-7,M1,1.971E-5,1.3350000000000001E-5,6.4E-7,2.4000000000000003E-7,M1,1.305E-5,3.72E-6,2.5E-7,1.6E-7,M1,1.314E-5,2.35E-6,1.6E-7,1.53E-6,M1,1.4615E-5,1.207E-5,6.4E-7,2.4000000000000003E-7,M1,2.411E-5,3.68E-6,6.4E-7,2.4000000000000003E-7,M1,5.01E-6,6.1E-7,2.4000000000000003E-7,6.4E-7,M1,3.5E-6,1.963E-5,2.4000000000000003E-7,6.4E-7,M1,1.58E-5,1.097E-5,1.6E-7,3.7E-7,M1,1.576E-5,1.094E-5,2.4000000000000003E-7,6.4E-7,M1,1.301E-5,1.3350000000000001E-5,6.4E-7,2.4000000000000003E-7,M1,1.239E-5,1.339E-5,1.6E-7,8.6E-7,M1,1.239E-5,1.339E-5,2.7E-7,1.6E-7,M1,2.217E-5,1.365E-6,2.4000000000000003E-7,6.4E-7,M1,2.662E-5,1.41E-6,2.4000000000000003E-7,6.4E-7,M1,2.359E-5,4.8200000000000004E-6,2.4000000000000003E-7,6.4E-7,M1,2.183E-5,4.8200000000000004E-6,2.4000000000000003E-7,6.4E-7,M1,2.006E-5,2.35E-6,1.6E-7,1.53E-6,M1,2.006E-5,3.72E-6,2.5E-7,1.6E-7,M2,1.2460000000000001E-5,1.5935E-5,7.2E-7,3.2E-7,M2,1.232E-5,1.889E-5,7.2E-7,3.2E-7,M2,2.862E-5,2.1930000000000002E-5,3.2E-7,7.2E-7,M2,2.003E-5,1.4835000000000001E-5,3.2E-7,7.2E-7,M2,3.27E-5,2.009E-5,2.0E-7,6.0E-7,M2,3.27E-5,2.009E-5,4.6E-7,2.0E-7,M2,3.296E-5,1.699E-5,2.0E-7,3.3E-6,M2,3.296E-5,1.679E-5,2.0E-7,6.0E-7,M2,4.6E-7,2.009E-5,2.0E-7,6.0E-7,M2,2.0E-7,2.009E-5,4.6E-7,2.0E-7,M2,2.0E-7,1.699E-5,2.0E-7,3.3E-6,M2,2.0E-7,1.679E-5,2.0E-7,6.0E-7,M2,1.097E-5,1.385E-6,2.0E-7,6.0E-7,M2,6.52E-6,1.785E-6,4.65E-6,2.0E-7,M2,6.46E-6,1.725E-6,3.2E-7,1.12E-6,M2,6.46E-6,1.725E-6,1.12E-6,3.2E-7,M2,6.46E-6,1.37E-6,3.2E-7,7.2E-7,M2,9.55E-6,4.84E-6,2.0E-7,6.0E-7,M2,9.55E-6,4.84E-6,1.96E-6,2.0E-7,M2,1.131E-5,4.84E-6,2.0E-7,6.0E-7,M2,8.570000000000001E-6,3.64E-6,7.2E-7,3.2E-7,M2,1.8065E-5,1.203E-5,7.2E-7,3.2E-7,M2,4.42E-6,2.1930000000000002E-5,3.2E-7,7.2E-7,M2,1.301E-5,1.4835000000000001E-5,3.2E-7,7.2E-7,M2,2.0320000000000002E-5,1.673E-5,3.2E-7,1.12E-6,M2,2.0320000000000002E-5,1.673E-5,1.12E-6,3.2E-7,M2,2.018E-5,1.5935E-5,7.2E-7,3.2E-7,M2,2.813E-5,6.3E-7,2.0E-7,6.0E-7,M2,2.813E-5,6.3E-7,1.71E-6,2.0E-7,M2,2.964E-5,6.3E-7,2.0E-7,1.922E-5,M2,2.964E-5,1.965E-5,2.0E-7,6.0E-7,M2,2.569E-5,2.42E-6,6.0E-7,2.0E-7,M2,7.4700000000000005E-6,2.42E-6,1.842E-5,2.0E-7,M2,7.07E-6,2.42E-6,6.0E-7,2.0E-7,M2,1.738E-5,1.096E-5,2.0E-7,6.0E-7,M2,1.738E-5,1.116E-5,2.0E-7,2.4100000000000002E-6,M2,1.738E-5,1.337E-5,2.55E-6,2.0E-7,M2,1.973E-5,1.337E-5,6.0E-7,2.0E-7,M2,1.4575E-5,1.203E-5,7.2E-7,3.2E-7,M2,2.407E-5,3.64E-6,7.2E-7,3.2E-7,M2,5.03E-6,6.3E-7,2.0E-7,6.0E-7,M2,3.52E-6,6.3E-7,1.71E-6,2.0E-7,M2,3.52E-6,6.3E-7,2.0E-7,1.922E-5,M2,3.52E-6,1.965E-5,2.0E-7,6.0E-7,M2,1.578E-5,1.096E-5,2.0E-7,6.0E-7,M2,1.578E-5,1.116E-5,2.0E-7,2.4100000000000002E-6,M2,1.343E-5,1.337E-5,2.55E-6,2.0E-7,M2,1.303E-5,1.337E-5,6.0E-7,2.0E-7,M2,2.219E-5,1.385E-6,2.0E-7,6.0E-7,M2,2.219E-5,1.785E-6,4.65E-6,2.0E-7,M2,2.578E-5,1.725E-6,1.12E-6,3.2E-7,M2,2.658E-5,1.725E-6,3.2E-7,1.12E-6,M2,2.658E-5,1.37E-6,3.2E-7,7.2E-7,M2,2.361E-5,4.84E-6,2.0E-7,6.0E-7,M2,2.185E-5,4.84E-6,1.96E-6,2.0E-7,M2,2.185E-5,4.84E-6,2.0E-7,6.0E-7,M3,1.252E-5,1.5995000000000002E-5,6.0E-7,2.0E-7,M3,1.272E-5,1.5995000000000002E-5,2.0E-7,9.95E-7,M3,1.272E-5,1.679E-5,2.6E-7,2.0E-7,M3,1.278E-5,1.679E-5,2.0E-7,2.36E-6,M3,1.238E-5,1.895E-5,6.0E-7,2.0E-7,M3,2.862E-5,2.1930000000000002E-5,3.2E-7,7.2E-7,M3,2.782E-5,1.5235E-5,1.12E-6,3.2E-7,M3,2.862E-5,1.5235E-5,3.2E-7,1.12E-6,M3,2.009E-5,1.5295000000000002E-5,8.79E-6,2.0E-7,M3,2.009E-5,1.4895E-5,2.0E-7,6.0E-7,M3,6.52E-6,1.785E-6,2.0E-7,1.0E-6,M3,6.52E-6,1.785E-6,1.0E-6,2.0E-7,M3,6.52E-6,1.785E-6,2.0E-7,2.45E-7,M3,6.52E-6,1.43E-6,2.0E-7,6.0E-7,M3,8.63E-6,3.7E-6,6.0E-7,2.0E-7,M3,9.03E-6,3.7E-6,2.0E-7,8.59E-6,M3,8.97E-6,1.203E-5,1.12E-6,3.2E-7,M3,8.97E-6,1.1230000000000001E-5,3.2E-7,1.12E-6,M3,1.8065E-5,1.203E-5,7.2E-7,3.2E-7,M3,4.42E-6,2.1930000000000002E-5,3.2E-7,7.2E-7,M3,4.42E-6,1.5235E-5,3.2E-7,1.12E-6,M3,4.42E-6,1.5235E-5,1.12E-6,3.2E-7,M3,4.48E-6,1.5295000000000002E-5,8.79E-6,2.0E-7,M3,1.307E-5,1.4895E-5,2.0E-7,6.0E-7,M3,2.038E-5,1.679E-5,2.0E-7,1.0E-6,M3,2.038E-5,1.679E-5,1.0E-6,2.0E-7,M3,2.038E-5,1.679E-5,2.6E-7,2.0E-7,M3,2.038E-5,1.593E-5,3.2E-7,1.12E-6,M3,1.958E-5,1.673E-5,1.12E-6,3.2E-7,M3,2.018E-5,1.5935E-5,7.2E-7,3.2E-7,M3,1.4575E-5,1.203E-5,7.2E-7,3.2E-7,M3,2.407E-5,3.64E-6,7.2E-7,3.2E-7,M3,2.584E-5,1.785E-6,1.0E-6,2.0E-7,M3,2.664E-5,1.785E-6,2.0E-7,1.0E-6,M3,2.664E-5,1.785E-6,2.0E-7,2.45E-7,M3,2.664E-5,1.43E-6,2.0E-7,6.0E-7,M4,2.868E-5,2.199E-5,2.0E-7,6.0E-7,M4,2.868E-5,1.5295000000000002E-5,2.0E-7,7.2950000000000005E-6,M4,2.788E-5,1.5295000000000002E-5,1.0E-6,2.0E-7,M4,2.868E-5,1.5295000000000002E-5,2.0E-7,1.0E-6,M4,8.97E-6,1.203E-5,1.12E-6,3.2E-7,M4,8.97E-6,1.1230000000000001E-5,3.2E-7,1.12E-6,M4,1.8065E-5,1.203E-5,7.2E-7,3.2E-7,M4,4.48E-6,2.199E-5,2.0E-7,6.0E-7,M4,4.48E-6,1.5295000000000002E-5,2.0E-7,7.2950000000000005E-6,M4,4.48E-6,1.5295000000000002E-5,2.0E-7,1.0E-6,M4,4.48E-6,1.5295000000000002E-5,1.0E-6,2.0E-7,M4,2.044E-5,1.599E-5,2.0E-7,1.0E-6,M4,1.9640000000000002E-5,1.679E-5,1.0E-6,2.0E-7,M4,2.044E-5,1.5995000000000002E-5,2.0E-7,9.95E-7,M4,2.024E-5,1.5995000000000002E-5,6.0E-7,2.0E-7,M4,1.4635E-5,1.209E-5,6.0E-7,2.0E-7,M4,1.4835000000000001E-5,3.7E-6,2.0E-7,8.59E-6,M4,1.4775E-5,3.64E-6,3.2E-7,1.12E-6,M4,1.4775E-5,3.64E-6,1.12E-6,3.2E-7,M4,2.407E-5,3.64E-6,7.2E-7,3.2E-7,M5,8.97E-6,1.203E-5,1.12E-6,3.2E-7,M5,8.97E-6,1.1230000000000001E-5,3.2E-7,1.12E-6,M5,1.8065E-5,1.203E-5,7.2E-7,3.2E-7,M5,1.4775E-5,3.64E-6,3.2E-7,1.12E-6,M5,1.4775E-5,3.64E-6,1.12E-6,3.2E-7,M5,2.407E-5,3.64E-6,7.2E-7,3.2E-7,M6,9.03E-6,1.209E-5,1.0E-6,2.0E-7,M6,9.03E-6,1.129E-5,2.0E-7,1.0E-6,M6,9.03E-6,1.209E-5,9.495E-6,2.0E-7,M6,1.8125E-5,1.209E-5,6.0E-7,2.0E-7,M6,1.4835000000000001E-5,3.7E-6,2.0E-7,1.0E-6,M6,1.4835000000000001E-5,3.7E-6,1.0E-6,2.0E-7,M6,1.4835000000000001E-5,3.7E-6,9.495E-6,2.0E-7,M6,2.413E-5,3.7E-6,6.0E-7,2.0E-7,
M1,8.405E-6,2.0E-8,6.4E-7,2.4000000000000003E-7,M1,2.553E-5,2.0E-8,6.4E-7,2.4000000000000003E-7,M1,1.7E-5,1.805E-6,1.9200000000000003E-6,1.6E-7,M1,1.525E-5,1.4995E-5,5.42E-6,1.6E-7,M1,1.99E-6,5.5E-7,2.4000000000000003E-7,6.4E-7,M1,1.61E-6,1.85E-5,2.4000000000000003E-7,6.4E-7,M1,1.391E-5,2.35E-6,1.6E-7,1.44E-6,M1,1.3875E-5,3.63E-6,1.95E-7,1.6E-7,M1,1.255E-5,1.3795000000000001E-5,2.0E-7,1.6E-7,M1,1.259E-5,1.3235E-5,1.6E-7,7.2E-7,M1,4.4E-7,1.894E-5,2.4000000000000003E-7,6.4E-7,M1,1.8E-7,1.498E-5,2.4000000000000003E-7,6.4E-7,M1,1.938E-5,2.35E-6,1.6E-7,1.19E-6,M1,1.934E-5,2.5400000000000002E-6,2.4000000000000003E-7,1.04E-6,M1,1.8540000000000002E-5,3.34E-6,1.04E-6,2.4000000000000003E-7,M1,8.47E-6,3.5600000000000002E-6,6.4E-7,2.4000000000000003E-7,M1,2.694E-5,1.78E-5,6.4E-7,2.4000000000000003E-7,M1,2.1720000000000002E-5,1.3195E-5,6.4E-7,2.4000000000000003E-7,M1,2.317E-5,1.3795000000000001E-5,2.0E-7,1.6E-7,M1,2.317E-5,1.3235E-5,1.6E-7,7.2E-7,M1,1.664E-5,2.0435E-5,2.4000000000000003E-7,6.4E-7,M1,1.521E-5,1.4555E-5,2.4000000000000003E-7,6.4E-7,M1,3.55E-5,1.498E-5,2.4000000000000003E-7,6.4E-7,M1,3.524E-5,1.894E-5,2.4000000000000003E-7,6.4E-7,M1,2.042E-5,1.0375E-5,2.4000000000000003E-7,6.4E-7,M1,2.0515E-5,1.3195E-5,6.4E-7,2.4000000000000003E-7,M1,2.206E-5,1.365E-6,2.4000000000000003E-7,6.4E-7,M1,2.644E-5,1.35E-6,2.4000000000000003E-7,6.4E-7,M1,1.363E-5,1.7840000000000002E-5,3.3E-7,1.6E-7,M1,1.38E-5,1.5555E-5,1.6E-7,2.445E-6,M1,2.681E-5,3.5600000000000002E-6,6.4E-7,2.4000000000000003E-7,M1,1.594E-5,2.31E-6,6.4E-7,2.4000000000000003E-7,M1,1.119E-5,1.365E-6,1.6E-7,3.565E-6,M1,1.119E-5,1.365E-6,1.2E-6,1.6E-7,M1,1.115E-5,1.0815E-5,2.4000000000000003E-7,6.4E-7,M1,9.39E-6,1.542E-5,2.4000000000000003E-7,6.4E-7,M1,2.633E-5,1.1255E-5,1.6E-7,4.765E-6,M1,2.549E-5,1.1215E-5,1.04E-6,2.4000000000000003E-7,M1,2.629E-5,1.1215E-5,2.4000000000000003E-7,1.04E-6,M1,2.453E-5,1.0815E-5,2.4000000000000003E-7,6.4E-7,M1,1.668E-5,2.0875E-5,2.56E-6,1.6E-7,M1,2.185E-5,2.35E-6,1.6E-7,1.44E-6,M1,2.185E-5,3.63E-6,1.95E-7,1.6E-7,M1,3.407E-5,1.85E-5,2.4000000000000003E-7,6.4E-7,M1,3.369E-5,5.5E-7,2.4000000000000003E-7,6.4E-7,M1,2.457E-5,1.365E-6,1.6E-7,3.565E-6,M1,2.353E-5,1.365E-6,1.2E-6,1.6E-7,M1,1.526E-5,1.0375E-5,2.4000000000000003E-7,6.4E-7,M1,1.4765E-5,1.3195E-5,6.4E-7,2.4000000000000003E-7,M1,9.24E-6,1.35E-6,2.4000000000000003E-7,6.4E-7,M1,1.362E-5,1.365E-6,2.4000000000000003E-7,6.4E-7,M2,8.425E-6,4.0E-8,6.0E-7,2.0E-7,M2,8.625E-6,4.0E-8,1.7125E-5,2.0E-7,M2,2.555E-5,4.0E-8,6.0E-7,2.0E-7,M2,1.95E-6,5.1E-7,3.2E-7,7.2E-7,M2,1.57E-6,1.846E-5,3.2E-7,7.2E-7,M2,4.0E-7,1.8900000000000002E-5,3.2E-7,7.2E-7,M2,1.4E-7,1.4940000000000001E-5,3.2E-7,7.2E-7,M2,1.936E-5,2.56E-6,2.0E-7,1.0E-6,M2,1.8560000000000002E-5,3.36E-6,1.0E-6,2.0E-7,M2,8.89E-6,3.36E-6,1.067E-5,2.0E-7,M2,8.89E-6,3.36E-6,2.0E-7,4.2E-7,M2,8.49E-6,3.58E-6,6.0E-7,2.0E-7,M2,2.69E-5,1.776E-5,7.2E-7,3.2E-7,M2,2.188E-5,1.776E-5,1.12E-6,3.2E-7,M2,2.188E-5,1.696E-5,3.2E-7,1.12E-6,M2,2.194E-5,1.3215E-5,2.0E-7,4.805E-6,M2,2.1740000000000002E-5,1.3215E-5,6.0E-7,2.0E-7,M2,1.66E-5,2.0395E-5,3.2E-7,7.2E-7,M2,1.517E-5,2.0795E-5,1.12E-6,3.2E-7,M2,1.517E-5,1.9995E-5,3.2E-7,1.12E-6,M2,1.523E-5,1.4975E-5,2.0E-7,6.08E-6,M2,1.523E-5,1.4575E-5,2.0E-7,6.0E-7,M2,3.546E-5,1.4940000000000001E-5,3.2E-7,7.2E-7,M2,3.52E-5,1.8900000000000002E-5,3.2E-7,7.2E-7,M2,2.044E-5,1.0395E-5,2.0E-7,6.0E-7,M2,2.044E-5,1.0795E-5,2.0E-7,2.62E-6,M2,2.044E-5,1.3215E-5,4.95E-7,2.0E-7,M2,2.0535E-5,1.3215E-5,6.0E-7,2.0E-7,M2,2.202E-5,1.325E-6,3.2E-7,7.2E-7,M2,2.64E-5,1.31E-6,3.2E-7,7.2E-7,M2,2.683E-5,3.58E-6,6.0E-7,2.0E-7,M2,2.683E-5,3.36E-6,2.0E-7,4.2E-7,M2,2.597E-5,3.3E-6,1.12E-6,3.2E-7,M2,2.677E-5,3.3E-6,3.2E-7,1.12E-6,M2,1.59E-5,2.27E-6,7.2E-7,3.2E-7,M2,1.111E-5,1.0775000000000001E-5,3.2E-7,7.2E-7,M2,9.35E-6,1.5380000000000002E-5,3.2E-7,7.2E-7,M2,2.551E-5,1.1235E-5,1.0E-6,2.0E-7,M2,2.631E-5,1.1235E-5,2.0E-7,1.0E-6,M2,2.455E-5,1.1235E-5,1.96E-6,2.0E-7,M2,2.455E-5,1.0835E-5,2.0E-7,6.0E-7,M2,3.409E-5,1.852E-5,2.0E-7,6.0E-7,M2,3.371E-5,1.852E-5,5.800000000000001E-7,2.0E-7,M2,3.371E-5,5.7E-7,2.0E-7,1.815E-5,M2,3.371E-5,5.7E-7,2.0E-7,6.0E-7,M2,1.528E-5,1.0395E-5,2.0E-7,6.0E-7,M2,1.528E-5,1.0795E-5,2.0E-7,2.62E-6,M2,1.4985E-5,1.3215E-5,4.95E-7,2.0E-7,M2,1.4785E-5,1.3215E-5,6.0E-7,2.0E-7,M2,9.2E-6,1.31E-6,3.2E-7,7.2E-7,M2,1.358E-5,1.325E-6,3.2E-7,7.2E-7,M3,1.95E-6,5.1E-7,3.2E-7,7.2E-7,M3,1.57E-6,1.846E-5,3.2E-7,7.2E-7,M3,4.6E-7,1.896E-5,2.0E-7,6.0E-7,M3,4.6E-7,1.54E-5,2.0E-7,3.76E-6,M3,2.0E-7,1.54E-5,4.6E-7,2.0E-7,M3,2.0E-7,1.5E-5,2.0E-7,6.0E-7,M3,2.696E-5,1.782E-5,6.0E-7,2.0E-7,M3,2.194E-5,1.782E-5,5.42E-6,2.0E-7,M3,2.194E-5,1.782E-5,1.0E-6,2.0E-7,M3,2.194E-5,1.702E-5,2.0E-7,1.0E-6,M3,1.666E-5,2.0455E-5,2.0E-7,6.0E-7,M3,1.523E-5,2.0855E-5,1.63E-6,2.0E-7,M3,1.523E-5,2.0855E-5,1.0E-6,2.0E-7,M3,1.523E-5,2.0055E-5,2.0E-7,1.0E-6,M3,3.552E-5,1.5E-5,2.0E-7,6.0E-7,M3,3.526E-5,1.54E-5,4.6E-7,2.0E-7,M3,3.526E-5,1.54E-5,2.0E-7,3.76E-6,M3,3.526E-5,1.896E-5,2.0E-7,6.0E-7,M3,2.2080000000000002E-5,1.385E-6,2.0E-7,6.0E-7,M3,2.2080000000000002E-5,1.77E-6,2.0E-7,2.15E-7,M3,2.2080000000000002E-5,1.77E-6,4.58E-6,2.0E-7,M3,2.646E-5,1.37E-6,2.0E-7,6.0E-7,M3,2.597E-5,3.3E-6,1.12E-6,3.2E-7,M3,2.677E-5,3.3E-6,3.2E-7,1.12E-6,M3,1.63E-5,3.3E-6,1.12E-6,3.2E-7,M3,1.63E-5,2.5E-6,3.2E-7,1.12E-6,M3,1.636E-5,2.33E-6,2.0E-7,1.23E-6,M3,1.596E-5,2.33E-6,6.0E-7,2.0E-7,M3,1.117E-5,1.0835E-5,2.0E-7,6.0E-7,M3,9.41E-6,1.1235E-5,1.96E-6,2.0E-7,M3,9.41E-6,1.1235E-5,2.0E-7,4.805E-6,M3,9.41E-6,1.544E-5,2.0E-7,6.0E-7,M3,9.26E-6,1.37E-6,2.0E-7,6.0E-7,M3,9.26E-6,1.77E-6,2.0E-7,2.15E-7,M3,9.26E-6,1.785E-6,4.58E-6,2.0E-7,M3,1.364E-5,1.385E-6,2.0E-7,6.0E-7,M4,2.0100000000000002E-6,5.7E-7,2.0E-7,6.0E-7,M4,2.0100000000000002E-6,5.7E-7,2.0E-7,1.815E-5,M4,1.63E-6,1.852E-5,5.800000000000001E-7,2.0E-7,M4,1.63E-6,1.852E-5,2.0E-7,6.0E-7,M4,2.603E-5,3.36E-6,1.0E-6,2.0E-7,M4,2.683E-5,3.36E-6,2.0E-7,1.0E-6,M4,1.636E-5,3.36E-6,1.067E-5,2.0E-7,M4,1.636E-5,3.36E-6,1.0E-6,2.0E-7,M4,1.636E-5,2.56E-6,2.0E-7,1.0E-6,
M1,2.199E-5,1.045E-6,1.9200000000000003E-6,1.6E-7,M1,2.4370000000000002E-5,2.35E-6,1.6E-7,1.44E-6,M1,2.434E-5,3.63E-6,1.9E-7,1.6E-7,M1,2.396E-5,9.74E-6,2.4000000000000003E-7,6.4E-7,M1,2.468E-5,1.256E-5,6.4E-7,2.4000000000000003E-7,M1,2.096E-5,3.59E-6,6.4E-7,2.4000000000000003E-7,M1,2.093E-5,2.31E-6,6.4E-7,2.4000000000000003E-7,M1,1.9805E-5,1.26E-5,1.6E-7,7.4E-7,M1,1.976E-5,1.3180000000000001E-5,2.05E-7,1.6E-7,M1,3.8E-6,1.447E-5,2.4000000000000003E-7,6.4E-7,M1,2.24E-6,5.5E-7,2.4000000000000003E-7,6.4E-7,M1,1.565E-5,1.1390000000000001E-5,2.4000000000000003E-7,6.4E-7,M1,1.741E-5,1.018E-5,2.4000000000000003E-7,6.4E-7,M1,2.8250000000000002E-5,1.018E-5,2.4000000000000003E-7,6.4E-7,M1,3.001E-5,1.1390000000000001E-5,2.4000000000000003E-7,6.4E-7,M1,2.0660000000000002E-5,1.438E-5,4.58E-6,1.6E-7,M1,1.7330000000000002E-5,9.25E-7,2.4000000000000003E-7,6.4E-7,M1,1.741E-5,4.7300000000000005E-6,2.4000000000000003E-7,6.4E-7,M1,4.4E-7,1.491E-5,2.4000000000000003E-7,6.4E-7,M1,1.8E-7,1.095E-5,2.4000000000000003E-7,6.4E-7,M1,2.755E-6,1.249E-5,6.4E-7,2.4000000000000003E-7,M1,2.43E-5,3.59E-6,6.4E-7,2.4000000000000003E-7,M1,2.058E-5,1.256E-5,6.4E-7,2.4000000000000003E-7,M1,2.17E-5,9.74E-6,2.4000000000000003E-7,6.4E-7,M1,1.92E-5,1.496E-5,1.6E-7,2.31E-6,M1,1.622E-5,1.711E-5,3.14E-6,1.6E-7,M1,2.096E-5,3.59E-6,6.4E-7,2.4000000000000003E-7,M1,4.2505E-5,1.249E-5,6.4E-7,2.4000000000000003E-7,M1,1.546E-5,1.597E-5,2.4000000000000003E-7,6.4E-7,M1,1.8540000000000002E-5,1.394E-5,2.4000000000000003E-7,6.4E-7,M1,4.548E-5,1.095E-5,2.4000000000000003E-7,6.4E-7,M1,4.5220000000000004E-5,1.491E-5,2.4000000000000003E-7,6.4E-7,M1,4.342E-5,5.5E-7,2.4000000000000003E-7,6.4E-7,M1,4.186E-5,1.447E-5,2.4000000000000003E-7,6.4E-7,M1,3.832E-5,1.35E-6,2.4000000000000003E-7,6.4E-7,M1,2.695E-5,1.365E-6,2.4000000000000003E-7,6.4E-7,M1,3.0200000000000002E-5,1.597E-5,2.4000000000000003E-7,6.4E-7,M1,2.712E-5,1.394E-5,2.4000000000000003E-7,6.4E-7,M1,8.1E-6,2.0E-8,6.4E-7,2.4000000000000003E-7,M1,3.0255E-5,2.0E-8,6.4E-7,2.4000000000000003E-7,M1,3.0495000000000002E-5,6.000000000000001E-8,6.865E-6,1.6E-7,M1,2.5980000000000002E-5,1.26E-5,1.6E-7,7.4E-7,M1,2.5935E-5,1.26E-5,2.05E-7,1.6E-7,M1,2.654E-5,1.496E-5,1.6E-7,2.31E-6,M1,2.654E-5,1.711E-5,3.14E-6,1.6E-7,M1,2.8250000000000002E-5,4.7300000000000005E-6,2.4000000000000003E-7,6.4E-7,M1,2.833E-5,3.9300000000000005E-6,2.4000000000000003E-7,1.04E-6,M1,2.753E-5,4.7300000000000005E-6,1.04E-6,2.4000000000000003E-7,M1,2.837E-5,1.365E-6,1.6E-7,3.565E-6,M1,7.3800000000000005E-6,1.805E-6,1.153E-5,1.6E-7,M1,7.3800000000000005E-6,1.79E-6,1.6E-7,1.75E-7,M2,2.392E-5,9.7E-6,3.2E-7,7.2E-7,M2,2.392E-5,1.252E-5,1.12E-6,3.2E-7,M2,2.392E-5,1.172E-5,3.2E-7,1.12E-6,M2,2.398E-5,1.258E-5,9.2E-7,2.0E-7,M2,2.47E-5,1.258E-5,6.0E-7,2.0E-7,M2,2.092E-5,3.55E-6,7.2E-7,3.2E-7,M2,2.089E-5,2.27E-6,7.2E-7,3.2E-7,M2,3.82E-6,1.449E-5,2.0E-7,6.0E-7,M2,3.82E-6,1.432E-5,2.0E-7,3.7E-7,M2,2.96E-6,1.426E-5,1.12E-6,3.2E-7,M2,3.76E-6,1.426E-5,3.2E-7,1.12E-6,M2,3.6900000000000002E-6,1.426E-5,1.12E-6,3.2E-7,M2,3.6900000000000002E-6,1.346E-5,3.2E-7,1.12E-6,M2,3.75E-6,5.7E-7,2.0E-7,1.395E-5,M2,2.26E-6,5.7E-7,1.6900000000000001E-6,2.0E-7,M2,2.26E-6,5.7E-7,2.0E-7,6.0E-7,M2,1.561E-5,1.135E-5,3.2E-7,7.2E-7,M2,1.561E-5,1.054E-5,3.2E-7,1.12E-6,M2,1.561E-5,1.054E-5,1.12E-6,3.2E-7,M2,1.567E-5,1.06E-5,1.96E-6,2.0E-7,M2,1.743E-5,1.02E-5,2.0E-7,6.0E-7,M2,2.821E-5,1.014E-5,3.2E-7,7.2E-7,M2,2.997E-5,1.135E-5,3.2E-7,7.2E-7,M2,1.729E-5,8.85E-7,3.2E-7,7.2E-7,M2,1.737E-5,4.69E-6,3.2E-7,7.2E-7,M2,4.0E-7,1.487E-5,3.2E-7,7.2E-7,M2,1.4E-7,1.091E-5,3.2E-7,7.2E-7,M2,2.7150000000000003E-6,1.2450000000000001E-5,7.2E-7,3.2E-7,M2,2.426E-5,3.55E-6,7.2E-7,3.2E-7,M2,2.054E-5,1.252E-5,7.2E-7,3.2E-7,M2,2.094E-5,1.01E-5,3.2E-7,1.12E-6,M2,2.094E-5,1.01E-5,1.12E-6,3.2E-7,M2,2.1E-5,1.0160000000000001E-5,9.2E-7,2.0E-7,M2,2.1720000000000002E-5,9.76E-6,2.0E-7,6.0E-7,M2,2.092E-5,3.55E-6,7.2E-7,3.2E-7,M2,4.2465E-5,1.2450000000000001E-5,7.2E-7,3.2E-7,M2,1.548E-5,1.599E-5,2.0E-7,6.0E-7,M2,1.548E-5,1.436E-5,2.0E-7,2.2300000000000002E-6,M2,1.548E-5,1.436E-5,3.28E-6,2.0E-7,M2,1.8560000000000002E-5,1.396E-5,2.0E-7,6.0E-7,M2,4.544E-5,1.091E-5,3.2E-7,7.2E-7,M2,4.518E-5,1.487E-5,3.2E-7,7.2E-7,M2,4.3440000000000004E-5,5.7E-7,2.0E-7,6.0E-7,M2,4.3440000000000004E-5,5.7E-7,2.0E-7,1.395E-5,M2,4.338E-5,1.346E-5,3.2E-7,1.12E-6,M2,4.258E-5,1.426E-5,1.12E-6,3.2E-7,M2,4.182E-5,1.443E-5,3.2E-7,7.2E-7,M2,3.834E-5,1.37E-6,2.0E-7,6.0E-7,M2,3.834E-5,1.77E-6,2.0E-7,2.15E-7,M2,2.697E-5,1.785E-6,1.1570000000000001E-5,2.0E-7,M2,2.697E-5,1.385E-6,2.0E-7,6.0E-7,M2,3.0220000000000002E-5,1.599E-5,2.0E-7,6.0E-7,M2,3.0220000000000002E-5,1.436E-5,2.0E-7,2.2300000000000002E-6,M2,2.714E-5,1.436E-5,3.28E-6,2.0E-7,M2,2.714E-5,1.396E-5,2.0E-7,6.0E-7,M2,8.12E-6,4.0E-8,6.0E-7,2.0E-7,M2,8.52E-6,4.0E-8,2.2155E-5,2.0E-7,M2,3.0275E-5,4.0E-8,6.0E-7,2.0E-7,M2,2.8270000000000002E-5,4.75E-6,2.0E-7,6.0E-7,M2,2.8270000000000002E-5,4.75E-6,2.8E-7,2.0E-7,M2,2.835E-5,3.95E-6,2.0E-7,1.0E-6,M2,2.7550000000000002E-5,4.75E-6,1.0E-6,2.0E-7,M3,2.392E-5,9.7E-6,3.2E-7,7.2E-7,M3,2.392E-5,1.252E-5,1.12E-6,3.2E-7,M3,2.392E-5,1.172E-5,3.2E-7,1.12E-6,M3,2.092E-5,3.55E-6,7.2E-7,3.2E-7,M3,2.089E-5,2.27E-6,7.2E-7,3.2E-7,M3,2.96E-6,1.426E-5,1.12E-6,3.2E-7,M3,3.76E-6,1.426E-5,3.2E-7,1.12E-6,M3,3.6900000000000002E-6,1.426E-5,1.12E-6,3.2E-7,M3,3.6900000000000002E-6,1.346E-5,3.2E-7,1.12E-6,M3,1.567E-5,1.1410000000000001E-5,2.0E-7,6.0E-7,M3,1.567E-5,1.1230000000000001E-5,2.0E-7,7.8E-7,M3,1.561E-5,1.097E-5,3.2E-7,7.2E-7,M3,1.561E-5,1.054E-5,3.2E-7,1.12E-6,M3,1.561E-5,1.054E-5,1.12E-6,3.2E-7,M3,2.8270000000000002E-5,1.02E-5,2.0E-7,6.0E-7,M3,2.8270000000000002E-5,1.06E-5,2.0E-7,8.3E-7,M3,2.8270000000000002E-5,1.1230000000000001E-5,1.96E-6,2.0E-7,M3,2.917E-5,1.117E-5,1.12E-6,3.2E-7,M3,2.997E-5,1.117E-5,3.2E-7,1.12E-6,M3,2.997E-5,1.135E-5,3.2E-7,7.2E-7,M3,1.729E-5,8.85E-7,3.2E-7,7.2E-7,M3,1.737E-5,4.69E-6,3.2E-7,7.2E-7,M3,4.6E-7,1.4930000000000001E-5,2.0E-7,6.0E-7,M3,4.6E-7,1.137E-5,2.0E-7,3.76E-6,M3,2.0E-7,1.137E-5,4.6E-7,2.0E-7,M3,2.0E-7,1.097E-5,2.0E-7,6.0E-7,M3,2.775E-6,1.251E-5,6.0E-7,2.0E-7,M3,2.975E-6,8.06E-6,2.0E-7,4.65E-6,M3,2.975E-6,8.06E-6,2.1E-5,2.0E-7,M3,2.3775000000000002E-5,3.61E-6,2.0E-7,4.65E-6,M3,2.3775000000000002E-5,3.61E-6,7.450000000000001E-7,2.0E-7,M3,2.432E-5,3.61E-6,6.0E-7,2.0E-7,M3,2.054E-5,1.252E-5,7.2E-7,3.2E-7,M3,2.094E-5,1.01E-5,3.2E-7,1.12E-6,M3,2.094E-5,1.01E-5,1.12E-6,3.2E-7,M3,2.092E-5,3.55E-6,7.2E-7,3.2E-7,M3,4.2465E-5,1.2450000000000001E-5,7.2E-7,3.2E-7,M3,4.55E-5,1.097E-5,2.0E-7,6.0E-7,M3,4.55E-5,1.137E-5,2.0E-7,3.76E-6,M3,4.524E-5,1.4930000000000001E-5,4.6E-7,2.0E-7,M3,4.524E-5,1.4930000000000001E-5,2.0E-7,6.0E-7,M3,4.3440000000000004E-5,1.3520000000000001E-5,2.0E-7,1.0E-6,M3,4.264E-5,1.432E-5,1.0E-6,2.0E-7,M3,4.188E-5,1.432E-5,1.76E-6,2.0E-7,M3,4.182E-5,1.426E-5,3.2E-7,1.12E-6,M3,4.182E-5,1.426E-5,1.12E-6,3.2E-7,M3,4.182E-5,1.443E-5,3.2E-7,7.2E-7,M4,2.392E-5,9.7E-6,3.2E-7,7.2E-7,M4,2.392E-5,1.252E-5,1.12E-6,3.2E-7,M4,2.392E-5,1.172E-5,3.2E-7,1.12E-6,M4,2.092E-5,3.55E-6,7.2E-7,3.2E-7,M4,2.089E-5,2.27E-6,7.2E-7,3.2E-7,M4,3.02E-6,1.432E-5,1.0E-6,2.0E-7,M4,3.82E-6,1.432E-5,2.0E-7,1.0E-6,M4,3.75E-6,1.432E-5,2.7E-7,2.0E-7,M4,3.75E-6,1.432E-5,1.0E-6,2.0E-7,M4,3.75E-6,1.3520000000000001E-5,2.0E-7,1.0E-6,M4,1.567E-5,1.103E-5,2.0E-7,6.0E-7,M4,1.567E-5,1.06E-5,2.0E-7,8.3E-7,M4,1.567E-5,1.06E-5,2.0E-7,1.0E-6,M4,1.567E-5,1.06E-5,1.0E-6,2.0E-7,M4,2.923E-5,1.1230000000000001E-5,1.0E-6,2.0E-7,M4,3.0030000000000002E-5,1.1230000000000001E-5,2.0E-7,1.0E-6,M4,3.0030000000000002E-5,1.1230000000000001E-5,2.0E-7,7.8E-7,M4,3.0030000000000002E-5,1.1410000000000001E-5,2.0E-7,6.0E-7,M4,1.735E-5,9.450000000000001E-7,2.0E-7,6.0E-7,M4,1.735E-5,1.345E-6,2.0E-7,3.6050000000000002E-6,M4,1.735E-5,4.75E-6,2.8E-7,2.0E-7,M4,1.743E-5,4.75E-6,2.0E-7,6.0E-7,M4,2.054E-5,1.252E-5,7.2E-7,3.2E-7,M4,2.094E-5,1.01E-5,3.2E-7,1.12E-6,M4,2.094E-5,1.01E-5,1.12E-6,3.2E-7,M4,2.098E-5,3.61E-6,6.0E-7,2.0E-7,M4,2.1380000000000002E-5,3.61E-6,7.25E-7,2.0E-7,M4,2.1905E-5,3.61E-6,2.0E-7,4.65E-6,M4,2.1905E-5,8.06E-6,2.0285E-5,2.0E-7,M4,4.199E-5,8.06E-6,2.0E-7,4.65E-6,M4,4.199E-5,1.251E-5,9.35E-7,2.0E-7,M4,4.2525000000000004E-5,1.251E-5,6.0E-7,2.0E-7,M4,4.182E-5,1.426E-5,3.2E-7,1.12E-6,M4,4.182E-5,1.426E-5,1.12E-6,3.2E-7,M4,4.182E-5,1.443E-5,3.2E-7,7.2E-7,M5,2.398E-5,9.76E-6,2.0E-7,6.0E-7,M5,2.398E-5,1.0160000000000001E-5,2.0E-7,2.62E-6,M5,2.398E-5,1.258E-5,1.0E-6,2.0E-7,M5,2.398E-5,1.178E-5,2.0E-7,1.0E-6,M5,2.098E-5,3.61E-6,6.0E-7,2.0E-7,M5,2.135E-5,3.61E-6,2.3E-7,2.0E-7,M5,2.135E-5,2.33E-6,2.0E-7,1.48E-6,M5,2.095E-5,2.33E-6,6.0E-7,2.0E-7,M5,2.054E-5,1.252E-5,7.2E-7,3.2E-7,M5,2.094E-5,1.01E-5,3.2E-7,1.12E-6,M5,2.094E-5,1.01E-5,1.12E-6,3.2E-7,M5,4.188E-5,1.432E-5,2.0E-7,1.0E-6,M5,4.188E-5,1.432E-5,1.0E-6,2.0E-7,M5,4.188E-5,1.432E-5,2.0E-7,3.7E-7,M5,4.188E-5,1.449E-5,2.0E-7,6.0E-7,M6,2.06E-5,1.258E-5,6.0E-7,2.0E-7,M6,2.1E-5,1.0160000000000001E-5,2.0E-7,2.62E-6,M6,2.1E-5,1.0160000000000001E-5,2.0E-7,1.0E-6,M6,2.1E-5,1.0160000000000001E-5,1.0E-6,2.0E-7,
M1,1.525E-5,1.3695E-5,5.14E-6,1.6E-7,M1,1.551E-5,1.045E-6,4.62E-6,1.6E-7,M1,2.6530000000000002E-5,4.385E-6,6.4E-7,2.4000000000000003E-7,M1,1.4175E-5,3.59E-6,6.4E-7,2.4000000000000003E-7,M1,9.43E-6,9.955E-6,1.9200000000000003E-6,1.6E-7,M1,9.43E-6,9.955E-6,1.6E-7,1.615E-6,M1,3.4960000000000004E-5,2.0775E-5,2.4000000000000003E-7,6.4E-7,M1,3.522E-5,1.6815E-5,2.4000000000000003E-7,6.4E-7,M1,1.255E-5,1.1935E-5,1.6E-7,7.2E-7,M1,1.255E-5,1.1935E-5,2.0E-7,1.6E-7,M1,2.429E-5,4.77E-6,5.2E-7,1.6E-7,M1,2.465E-5,1.365E-6,1.6E-7,3.565E-6,M1,8.47E-6,4.385E-6,6.4E-7,2.4000000000000003E-7,M1,2.0825E-5,3.59E-6,6.4E-7,2.4000000000000003E-7,M1,4.4E-7,2.0775E-5,2.4000000000000003E-7,6.4E-7,M1,1.8E-7,1.6815E-5,2.4000000000000003E-7,6.4E-7,M1,3.59E-6,2.0335E-5,2.4000000000000003E-7,6.4E-7,M1,4.19E-6,7.2E-7,2.4000000000000003E-7,6.4E-7,M1,2.321E-5,1.365E-6,2.4000000000000003E-7,6.4E-7,M1,2.5065E-5,2.405E-6,6.4E-7,2.4000000000000003E-7,M1,2.5305E-5,2.445E-6,1.085E-6,1.6E-7,M1,2.623E-5,2.445E-6,3.9300000000000005E-6,1.6E-7,M1,8.45E-6,3.105E-6,6.4E-7,2.4000000000000003E-7,M1,2.655E-5,3.105E-6,6.4E-7,2.4000000000000003E-7,M1,2.1065E-5,2.35E-6,2.85E-7,1.6E-7,M1,2.1065E-5,2.35E-6,1.6E-7,1.44E-6,M1,1.429E-5,2.35E-6,2.85E-7,1.6E-7,M1,1.4415E-5,2.35E-6,1.6E-7,1.44E-6,M1,1.876E-5,2.2270000000000002E-5,2.4000000000000003E-7,6.4E-7,M1,2.019E-5,1.3255000000000001E-5,2.4000000000000003E-7,6.4E-7,M1,2.293E-5,1.1935E-5,1.6E-7,7.2E-7,M1,2.289E-5,1.1935E-5,2.0E-7,1.6E-7,M1,1.668E-5,2.271E-5,2.28E-6,1.6E-7,M1,2.014E-5,9.075E-6,2.4000000000000003E-7,6.4E-7,M1,1.983E-5,1.026E-5,2.4000000000000003E-7,6.4E-7,M1,1.987E-5,1.05E-5,1.6E-7,1.2E-6,M1,1.987E-5,1.154E-5,1.6E-7,5.55E-7,M1,2.185E-5,1.4255E-5,1.6E-7,5.58E-6,M1,2.168E-5,1.4255E-5,3.3E-7,1.6E-7,M1,3.121E-5,7.2E-7,2.4000000000000003E-7,6.4E-7,M1,3.181E-5,2.0335E-5,2.4000000000000003E-7,6.4E-7,M1,8.34E-6,1.9635E-5,6.4E-7,2.4000000000000003E-7,M1,1.356E-5,1.1895E-5,6.4E-7,2.4000000000000003E-7,M1,1.219E-5,1.365E-6,2.4000000000000003E-7,6.4E-7,M1,9.935E-6,2.405E-6,6.4E-7,2.4000000000000003E-7,M1,9.25E-6,2.445E-6,1.085E-6,1.6E-7,M1,5.48E-6,2.445E-6,3.9300000000000005E-6,1.6E-7,M1,2.605E-5,9.955E-6,1.6E-7,1.615E-6,M1,2.429E-5,9.955E-6,1.9200000000000003E-6,1.6E-7,M1,1.083E-5,4.77E-6,5.2E-7,1.6E-7,M1,1.083E-5,1.365E-6,1.6E-7,3.565E-6,M1,1.526E-5,9.075E-6,2.4000000000000003E-7,6.4E-7,M1,1.5570000000000002E-5,1.026E-5,2.4000000000000003E-7,6.4E-7,M1,1.561E-5,1.05E-5,1.6E-7,1.2E-6,M1,1.561E-5,1.154E-5,1.6E-7,5.55E-7,M2,2.6490000000000002E-5,4.345E-6,7.2E-7,3.2E-7,M2,1.4135000000000001E-5,3.55E-6,7.2E-7,3.2E-7,M2,3.492E-5,2.0735E-5,3.2E-7,7.2E-7,M2,3.518E-5,1.6775E-5,3.2E-7,7.2E-7,M2,8.43E-6,4.345E-6,7.2E-7,3.2E-7,M2,2.0785000000000002E-5,3.55E-6,7.2E-7,3.2E-7,M2,4.0E-7,2.0735E-5,3.2E-7,7.2E-7,M2,1.4E-7,1.6775E-5,3.2E-7,7.2E-7,M2,3.55E-6,2.0295E-5,3.2E-7,7.2E-7,M2,4.15E-6,6.800000000000001E-7,3.2E-7,7.2E-7,M2,2.323E-5,1.385E-6,2.0E-7,6.0E-7,M2,2.323E-5,1.785E-6,2.0E-7,8.4E-7,M2,2.323E-5,2.425E-6,2.255E-6,2.0E-7,M2,2.5085E-5,2.425E-6,6.0E-7,2.0E-7,M2,8.47E-6,3.125E-6,6.0E-7,2.0E-7,M2,8.87E-6,3.125E-6,1.79E-5,2.0E-7,M2,2.657E-5,3.125E-6,6.0E-7,2.0E-7,M2,1.878E-5,2.2290000000000002E-5,2.0E-7,6.0E-7,M2,1.878E-5,1.3675E-5,2.0E-7,9.215E-6,M2,1.878E-5,1.3675E-5,1.63E-6,2.0E-7,M2,2.021E-5,1.3275E-5,2.0E-7,6.0E-7,M2,2.016E-5,9.095E-6,2.0E-7,6.0E-7,M2,1.985E-5,9.495E-6,5.1E-7,2.0E-7,M2,1.985E-5,9.495E-6,2.0E-7,1.185E-6,M2,1.985E-5,1.028E-5,2.0E-7,6.0E-7,M2,3.117E-5,6.800000000000001E-7,3.2E-7,7.2E-7,M2,3.117E-5,2.0295E-5,1.12E-6,3.2E-7,M2,3.117E-5,1.9495E-5,3.2E-7,1.12E-6,M2,3.123E-5,2.0355E-5,8.0E-7,2.0E-7,M2,3.183E-5,2.0355E-5,2.0E-7,6.0E-7,M2,8.36E-6,1.9655E-5,6.0E-7,2.0E-7,M2,8.56E-6,1.1915E-5,2.0E-7,7.94E-6,M2,8.56E-6,1.1915E-5,5.42E-6,2.0E-7,M2,1.358E-5,1.1915E-5,6.0E-7,2.0E-7,M2,1.221E-5,1.385E-6,2.0E-7,6.0E-7,M2,1.221E-5,1.785E-6,2.0E-7,8.4E-7,M2,1.0155E-5,2.425E-6,2.255E-6,2.0E-7,M2,9.955E-6,2.425E-6,6.0E-7,2.0E-7,M2,1.528E-5,9.095E-6,2.0E-7,6.0E-7,M2,1.528E-5,9.495E-6,5.1E-7,2.0E-7,M2,1.559E-5,9.495E-6,2.0E-7,1.185E-6,M2,1.559E-5,1.028E-5,2.0E-7,6.0E-7,M3,2.6490000000000002E-5,4.345E-6,7.2E-7,3.2E-7,M3,1.4135000000000001E-5,3.55E-6,7.2E-7,3.2E-7,M3,3.498E-5,2.0795E-5,2.0E-7,6.0E-7,M3,3.498E-5,1.7235E-5,2.0E-7,3.76E-6,M3,3.498E-5,1.7235E-5,4.6E-7,2.0E-7,M3,3.524E-5,1.6835E-5,2.0E-7,6.0E-7,M3,8.49E-6,4.405E-6,6.0E-7,2.0E-7,M3,8.89E-6,4.405E-6,1.2355E-5,2.0E-7,M3,2.1045E-5,3.61E-6,2.0E-7,9.95E-7,M3,2.0845E-5,3.61E-6,6.0E-7,2.0E-7,M3,4.6E-7,2.0795E-5,2.0E-7,6.0E-7,M3,4.6E-7,1.7235E-5,2.0E-7,3.76E-6,M3,2.0E-7,1.7235E-5,4.6E-7,2.0E-7,M3,2.0E-7,1.6835E-5,2.0E-7,6.0E-7,M3,3.61E-6,2.0355E-5,2.0E-7,6.0E-7,M3,3.61E-6,2.0355E-5,8.0E-7,2.0E-7,M3,4.21E-6,7.4E-7,2.0E-7,1.9815E-5,M3,4.21E-6,7.4E-7,2.0E-7,6.0E-7,M3,3.123E-5,7.4E-7,2.0E-7,6.0E-7,M3,3.123E-5,7.4E-7,2.0E-7,1.9815E-5,M3,3.123E-5,2.0355E-5,1.0E-6,2.0E-7,M3,3.123E-5,1.9555E-5,2.0E-7,1.0E-6,M4,2.655E-5,4.405E-6,6.0E-7,2.0E-7,M4,1.4395E-5,4.405E-6,1.2355E-5,2.0E-7,M4,1.4395E-5,3.61E-6,2.0E-7,9.95E-7,M4,1.4195E-5,3.61E-6,6.0E-7,2.0E-7,
M1,1.606E-5,1.064E-5,2.4000000000000003E-7,6.4E-7,M1,1.301E-5,1.346E-5,6.4E-7,2.4000000000000003E-7,M1,1.4865E-5,1.218E-5,6.4E-7,2.4000000000000003E-7,M1,1.4265E-5,2.0E-8,1.04E-6,2.4000000000000003E-7,M1,1.5065E-5,2.0E-8,2.4000000000000003E-7,1.04E-6,M1,9.385E-6,6.000000000000001E-8,5.8800000000000005E-6,1.6E-7,M1,1.9735E-5,6.000000000000001E-8,5.8800000000000005E-6,1.6E-7,M1,1.9695E-5,2.0E-8,2.4000000000000003E-7,1.04E-6,M1,1.9695E-5,2.0E-8,1.04E-6,2.4000000000000003E-7,M1,1.9495E-5,1.218E-5,6.4E-7,2.4000000000000003E-7,M1,2.523E-5,5.1650000000000005E-6,2.4000000000000003E-7,6.4E-7,M1,2.443E-5,5.65E-7,1.04E-6,2.4000000000000003E-7,M1,2.523E-5,5.65E-7,2.4000000000000003E-7,1.04E-6,M1,2.481E-5,6.05E-7,6.2E-7,1.6E-7,M1,2.527E-5,1.152E-5,1.6E-7,3.35E-7,M1,2.351E-5,1.152E-5,1.9200000000000003E-6,1.6E-7,M1,4.4E-7,2.1705E-5,2.4000000000000003E-7,6.4E-7,M1,1.8E-7,1.7745E-5,2.4000000000000003E-7,6.4E-7,M1,3.317E-5,2.1265E-5,2.4000000000000003E-7,6.4E-7,M1,3.263E-5,7.2E-7,2.4000000000000003E-7,6.4E-7,M1,1.636E-5,2.3755000000000002E-5,2.28E-6,1.6E-7,M1,1.18E-5,1.805E-6,1.1400000000000001E-5,1.6E-7,M1,5.21E-6,2.785E-6,2.4580000000000002E-5,1.6E-7,M1,1.309E-5,1.5425E-5,8.82E-6,1.6E-7,M1,1.226E-5,1.218E-5,6.4E-7,2.4000000000000003E-7,M1,2.575E-5,4.0250000000000004E-6,6.4E-7,2.4000000000000003E-7,M1,2.2100000000000002E-5,1.346E-5,6.4E-7,2.4000000000000003E-7,M1,2.8655E-5,2.0565E-5,6.4E-7,2.4000000000000003E-7,M1,9.990000000000001E-6,5.65E-7,2.4000000000000003E-7,6.4E-7,M1,9.53E-6,5.1650000000000005E-6,2.4000000000000003E-7,6.4E-7,M1,2.2100000000000002E-5,1.346E-5,6.4E-7,2.4000000000000003E-7,M1,2.161E-5,1.346E-5,1.04E-6,2.4000000000000003E-7,M1,2.241E-5,1.346E-5,2.4000000000000003E-7,1.04E-6,M1,2.245E-5,1.35E-5,1.6E-7,8.6E-7,M1,3.458E-5,1.7745E-5,2.4000000000000003E-7,6.4E-7,M1,3.4320000000000003E-5,2.1705E-5,2.4000000000000003E-7,6.4E-7,M1,8.61E-6,4.0250000000000004E-6,6.4E-7,2.4000000000000003E-7,M1,2.2100000000000002E-5,1.218E-5,6.4E-7,2.4000000000000003E-7,M1,1.345E-5,1.6125E-5,1.6E-7,4.6400000000000005E-6,M1,1.3365E-5,2.0605E-5,2.45E-7,1.6E-7,M1,2.135E-5,1.346E-5,6.4E-7,2.4000000000000003E-7,M1,1.87E-5,1.064E-5,2.4000000000000003E-7,6.4E-7,M1,2.626E-5,1.365E-6,2.4000000000000003E-7,6.4E-7,M1,3.094E-5,1.6450000000000001E-6,2.4000000000000003E-7,6.4E-7,M1,2.13E-6,7.2E-7,2.4000000000000003E-7,6.4E-7,M1,1.59E-6,2.1265E-5,2.4000000000000003E-7,6.4E-7,M1,9.57E-6,1.152E-5,1.6E-7,3.35E-7,M1,9.57E-6,1.152E-5,1.9200000000000003E-6,1.6E-7,M1,1.235E-5,1.416E-5,2.4000000000000003E-7,6.4E-7,M1,1.2460000000000001E-5,1.336E-5,2.4000000000000003E-7,1.04E-6,M1,1.166E-5,1.416E-5,1.04E-6,2.4000000000000003E-7,M1,1.25E-5,1.35E-5,1.6E-7,8.6E-7,M1,3.82E-6,1.6450000000000001E-6,2.4000000000000003E-7,6.4E-7,M1,8.5E-6,1.365E-6,2.4000000000000003E-7,6.4E-7,M1,1.636E-5,1.5425E-5,1.6E-7,6.48E-6,M1,1.552E-5,1.5385E-5,1.04E-6,2.4000000000000003E-7,M1,1.632E-5,1.5385E-5,2.4000000000000003E-7,1.04E-6,M1,1.305E-5,1.4985E-5,2.4000000000000003E-7,6.4E-7,M2,1.602E-5,1.06E-5,3.2E-7,7.2E-7,M2,1.297E-5,1.342E-5,7.2E-7,3.2E-7,M2,1.4825E-5,1.214E-5,7.2E-7,3.2E-7,M2,1.5025000000000001E-5,1.365E-6,3.2E-7,7.2E-7,M2,1.5085E-5,4.0E-8,2.0E-7,1.785E-6,M2,1.4285E-5,4.0E-8,1.0E-6,2.0E-7,M2,1.5085E-5,4.0E-8,2.0E-7,1.0E-6,M2,1.9715E-5,4.0E-8,2.0E-7,1.0E-6,M2,1.9715E-5,4.0E-8,1.0E-6,2.0E-7,M2,1.9715E-5,4.0E-8,2.0E-7,1.785E-6,M2,1.9655E-5,1.365E-6,3.2E-7,7.2E-7,M2,1.9455E-5,1.214E-5,7.2E-7,3.2E-7,M2,2.519E-5,5.125E-6,3.2E-7,7.2E-7,M2,2.4390000000000002E-5,5.250000000000001E-7,1.12E-6,3.2E-7,M2,2.519E-5,5.250000000000001E-7,3.2E-7,1.12E-6,M2,4.0E-7,2.1665E-5,3.2E-7,7.2E-7,M2,1.4E-7,1.7705E-5,3.2E-7,7.2E-7,M2,3.313E-5,2.1225E-5,3.2E-7,7.2E-7,M2,3.2330000000000004E-5,6.800000000000001E-7,1.12E-6,3.2E-7,M2,3.313E-5,6.800000000000001E-7,3.2E-7,1.12E-6,M2,3.265E-5,7.4E-7,7.4E-7,2.0E-7,M2,3.265E-5,7.4E-7,2.0E-7,6.0E-7,M2,1.222E-5,1.214E-5,7.2E-7,3.2E-7,M2,2.571E-5,3.985E-6,7.2E-7,3.2E-7,M2,2.206E-5,1.342E-5,7.2E-7,3.2E-7,M2,2.8615E-5,2.0525E-5,7.2E-7,3.2E-7,M2,9.95E-6,5.250000000000001E-7,3.2E-7,7.2E-7,M2,9.49E-6,5.125E-6,3.2E-7,7.2E-7,M2,2.206E-5,1.342E-5,7.2E-7,3.2E-7,M2,2.1570000000000002E-5,1.342E-5,1.12E-6,3.2E-7,M2,2.237E-5,1.342E-5,3.2E-7,1.12E-6,M2,3.454E-5,1.7705E-5,3.2E-7,7.2E-7,M2,3.4280000000000004E-5,2.1665E-5,3.2E-7,7.2E-7,M2,8.63E-6,4.045E-6,6.0E-7,2.0E-7,M2,9.03E-6,4.045E-6,1.349E-5,2.0E-7,M2,2.232E-5,4.045E-6,2.0E-7,8.355E-6,M2,2.212E-5,1.22E-5,6.0E-7,2.0E-7,M2,2.137E-5,1.348E-5,6.0E-7,2.0E-7,M2,2.137E-5,1.106E-5,2.0E-7,2.62E-6,M2,1.872E-5,1.106E-5,2.8500000000000002E-6,2.0E-7,M2,1.872E-5,1.066E-5,2.0E-7,6.0E-7,M2,2.622E-5,1.325E-6,3.2E-7,7.2E-7,M2,3.09E-5,1.605E-6,3.2E-7,7.2E-7,M2,2.09E-6,6.800000000000001E-7,3.2E-7,7.2E-7,M2,2.09E-6,2.0425000000000002E-5,3.2E-7,1.12E-6,M2,1.29E-6,2.1225E-5,1.12E-6,3.2E-7,M2,1.61E-6,2.1285E-5,7.4E-7,2.0E-7,M2,1.61E-6,2.1285E-5,2.0E-7,6.0E-7,M2,1.231E-5,1.412E-5,3.2E-7,7.2E-7,M2,1.242E-5,1.332E-5,3.2E-7,1.12E-6,M2,1.162E-5,1.412E-5,1.12E-6,3.2E-7,M2,3.8400000000000005E-6,1.665E-6,2.0E-7,6.0E-7,M2,3.8400000000000005E-6,2.065E-6,4.88E-6,2.0E-7,M2,8.52E-6,1.785E-6,2.0E-7,4.800000000000001E-7,M2,8.52E-6,1.385E-6,2.0E-7,6.0E-7,M2,1.554E-5,1.5405E-5,1.0E-6,2.0E-7,M2,1.634E-5,1.5405E-5,2.0E-7,1.0E-6,M2,1.307E-5,1.5405E-5,3.4700000000000002E-6,2.0E-7,M2,1.307E-5,1.5005E-5,2.0E-7,6.0E-7,M3,1.6080000000000002E-5,1.066E-5,2.0E-7,6.0E-7,M3,1.6080000000000002E-5,1.106E-5,2.0E-7,2.62E-6,M3,1.343E-5,1.348E-5,2.8500000000000002E-6,2.0E-7,M3,1.303E-5,1.348E-5,6.0E-7,2.0E-7,M3,1.4885E-5,1.22E-5,6.0E-7,2.0E-7,M3,1.5085E-5,1.6250000000000001E-6,2.0E-7,1.0775000000000001E-5,M3,1.5085E-5,1.4250000000000001E-6,2.0E-7,6.0E-7,M3,1.9715E-5,1.4250000000000001E-6,2.0E-7,6.0E-7,M3,1.9715E-5,1.6250000000000001E-6,2.0E-7,1.0775000000000001E-5,M3,1.9515000000000002E-5,1.22E-5,6.0E-7,2.0E-7,M3,2.525E-5,5.185E-6,2.0E-7,6.0E-7,M3,2.525E-5,5.85E-7,2.0E-7,4.8E-6,M3,2.445E-5,5.85E-7,1.0E-6,2.0E-7,M3,2.525E-5,5.85E-7,2.0E-7,1.0E-6,M3,4.6E-7,2.1725E-5,2.0E-7,6.0E-7,M3,2.0E-7,2.1725E-5,4.6E-7,2.0E-7,M3,2.0E-7,1.8165E-5,2.0E-7,3.76E-6,M3,2.0E-7,1.7765E-5,2.0E-7,6.0E-7,M3,3.319E-5,2.1285E-5,2.0E-7,6.0E-7,M3,3.319E-5,7.4E-7,2.0E-7,2.0745000000000002E-5,M3,3.239E-5,7.4E-7,1.0E-6,2.0E-7,M3,3.319E-5,7.4E-7,2.0E-7,1.0E-6,M3,1.222E-5,1.214E-5,7.2E-7,3.2E-7,M3,2.571E-5,3.985E-6,7.2E-7,3.2E-7,M3,2.212E-5,1.348E-5,6.0E-7,2.0E-7,M3,2.232E-5,1.348E-5,6.7550000000000005E-6,2.0E-7,M3,2.8015000000000002E-5,1.342E-5,1.12E-6,3.2E-7,M3,2.8815E-5,1.342E-5,3.2E-7,1.12E-6,M3,2.8615E-5,2.0525E-5,7.2E-7,3.2E-7,M3,1.001E-5,5.85E-7,2.0E-7,6.0E-7,M3,1.001E-5,5.85E-7,2.0E-7,4.8E-6,M3,9.95E-6,4.325E-6,3.2E-7,1.12E-6,M3,9.15E-6,5.125E-6,1.12E-6,3.2E-7,M3,9.49E-6,5.125E-6,3.2E-7,7.2E-7,M3,2.212E-5,1.348E-5,6.0E-7,2.0E-7,M3,2.232E-5,1.348E-5,3.1E-7,2.0E-7,M3,2.163E-5,1.348E-5,1.0E-6,2.0E-7,M3,2.243E-5,1.348E-5,2.0E-7,1.0E-6,M3,3.46E-5,1.7765E-5,2.0E-7,6.0E-7,M3,3.46E-5,1.8165E-5,2.0E-7,3.76E-6,M3,3.434E-5,2.1725E-5,4.6E-7,2.0E-7,M3,3.434E-5,2.1725E-5,2.0E-7,6.0E-7,M3,2.628E-5,1.385E-6,2.0E-7,6.0E-7,M3,2.628E-5,1.785E-6,2.0E-7,4.800000000000001E-7,M3,2.628E-5,2.065E-6,4.88E-6,2.0E-7,M3,3.096E-5,1.665E-6,2.0E-7,6.0E-7,M3,2.15E-6,7.4E-7,2.0E-7,6.0E-7,M3,2.15E-6,7.4E-7,2.0E-7,2.0745000000000002E-5,M3,2.15E-6,2.0485E-5,2.0E-7,1.0E-6,M3,1.35E-6,2.1285E-5,1.0E-6,2.0E-7,M3,1.237E-5,1.418E-5,2.0E-7,6.0E-7,M3,1.237E-5,1.418E-5,3.1E-7,2.0E-7,M3,1.248E-5,1.338E-5,2.0E-7,1.0E-6,M3,1.168E-5,1.418E-5,1.0E-6,2.0E-7,M4,1.222E-5,1.214E-5,7.2E-7,3.2E-7,M4,2.571E-5,3.985E-6,7.2E-7,3.2E-7,M4,2.8075E-5,1.348E-5,1.0E-6,2.0E-7,M4,2.8875E-5,1.348E-5,2.0E-7,1.0E-6,M4,2.8875E-5,1.348E-5,2.0E-7,7.305E-6,M4,2.8675E-5,2.0585E-5,6.0E-7,2.0E-7,M4,1.001E-5,4.385E-6,2.0E-7,1.0E-6,M4,9.21E-6,5.185E-6,1.0E-6,2.0E-7,M4,9.55E-6,5.185E-6,6.6E-7,2.0E-7,M4,9.55E-6,5.185E-6,2.0E-7,6.0E-7,M5,1.2280000000000001E-5,1.22E-5,6.0E-7,2.0E-7,M5,1.248E-5,4.045E-6,2.0E-7,8.355E-6,M5,1.248E-5,4.045E-6,1.349E-5,2.0E-7,M5,2.577E-5,4.045E-6,6.0E-7,2.0E-7,
M1,2.1040000000000002E-5,1.045E-6,1.9200000000000003E-6,1.6E-7,M1,2.338E-5,2.31E-6,6.4E-7,2.4000000000000003E-7,M1,1.2625E-5,3.5E-6,6.4E-7,2.4000000000000003E-7,M1,1.0860000000000001E-5,3.54E-6,2.165E-6,1.6E-7,M1,1.294E-5,1.8415E-5,2.4000000000000003E-7,6.4E-7,M1,1.328E-5,1.301E-5,2.4000000000000003E-7,6.4E-7,M1,1.332E-5,1.217E-5,1.736E-5,1.6E-7,M1,1.342E-5,1.143E-5,6.4E-7,2.4000000000000003E-7,M1,1.7480000000000002E-5,8.61E-6,2.4000000000000003E-7,6.4E-7,M1,1.3605000000000001E-5,1.411E-5,6.4E-7,2.4000000000000003E-7,M1,1.308E-5,1.5715E-5,6.4E-7,2.4000000000000003E-7,M1,6.61E-6,1.6455E-5,3.7E-7,1.6E-7,M1,6.61E-6,5.6E-7,1.6E-7,1.6055E-5,M1,3.702E-5,1.6455E-5,3.7E-7,1.6E-7,M1,3.723E-5,5.6E-7,1.6E-7,1.6055E-5,M1,4.4E-7,1.6855E-5,2.4000000000000003E-7,6.4E-7,M1,1.8E-7,1.2895000000000001E-5,2.4000000000000003E-7,6.4E-7,M1,1.3845E-5,1.147E-5,5.15E-7,1.6E-7,M1,1.42E-5,1.147E-5,1.6E-7,8.6E-7,M1,3.048E-5,1.301E-5,2.4000000000000003E-7,6.4E-7,M1,3.082E-5,1.8415E-5,2.4000000000000003E-7,6.4E-7,M1,1.9980000000000002E-5,2.31E-6,6.4E-7,2.4000000000000003E-7,M1,3.294E-5,3.5E-6,6.4E-7,2.4000000000000003E-7,M1,3.246E-5,4.68E-6,1.6E-7,2.5E-7,M1,3.07E-5,4.77E-6,1.9200000000000003E-6,1.6E-7,M1,4.358E-5,1.2895000000000001E-5,2.4000000000000003E-7,6.4E-7,M1,4.332E-5,1.6855E-5,2.4000000000000003E-7,6.4E-7,M1,1.659E-5,2.35E-6,1.6E-7,1.44E-6,M1,1.191E-5,2.26E-6,1.798E-5,1.6E-7,M1,3.032E-5,1.415E-5,1.6E-7,1.765E-6,M1,2.9995E-5,1.415E-5,4.85E-7,1.6E-7,M1,3.066E-5,4.7300000000000005E-6,2.4000000000000003E-7,6.4E-7,M1,2.765E-5,9.25E-7,2.4000000000000003E-7,6.4E-7,M1,2.725E-5,2.35E-6,1.6E-7,1.44E-6,M1,2.964E-5,1.345E-5,5.0E-7,1.6E-7,M1,2.998E-5,1.345E-5,1.6E-7,8.6E-7,M1,2.994E-5,1.143E-5,6.4E-7,2.4000000000000003E-7,M1,2.628E-5,8.61E-6,2.4000000000000003E-7,6.4E-7,M1,1.26E-5,1.32E-6,2.4000000000000003E-7,6.4E-7,M1,1.758E-5,1.365E-6,2.4000000000000003E-7,6.4E-7,M1,1.611E-5,9.25E-7,2.4000000000000003E-7,6.4E-7,M1,1.31E-5,4.7300000000000005E-6,2.4000000000000003E-7,6.4E-7,M1,2.622E-5,1.805E-6,5.14E-6,1.6E-7,M1,3.116E-5,9.65E-7,2.4000000000000003E-7,1.04E-6,M1,3.036E-5,1.765E-6,1.04E-6,2.4000000000000003E-7,M1,3.116E-5,1.32E-6,2.4000000000000003E-7,6.4E-7,M1,1.138E-5,4.68E-6,1.6E-7,2.5E-7,M1,1.138E-5,4.77E-6,1.9200000000000003E-6,1.6E-7,M2,2.34E-5,2.33E-6,6.0E-7,2.0E-7,M2,2.34E-5,2.33E-6,2.0E-7,1.39E-6,M2,1.2845E-5,3.52E-6,1.0755E-5,2.0E-7,M2,1.2645E-5,3.52E-6,6.0E-7,2.0E-7,M2,1.296E-5,1.8435E-5,2.0E-7,6.0E-7,M2,1.296E-5,1.343E-5,2.0E-7,5.605E-6,M2,1.29E-5,1.337E-5,3.2E-7,1.12E-6,M2,1.29E-5,1.337E-5,1.12E-6,3.2E-7,M2,1.324E-5,1.297E-5,3.2E-7,7.2E-7,M2,1.344E-5,1.145E-5,6.0E-7,2.0E-7,M2,1.384E-5,1.145E-5,3.86E-6,2.0E-7,M2,1.7500000000000002E-5,9.03E-6,2.0E-7,2.62E-6,M2,1.7500000000000002E-5,8.63E-6,2.0E-7,6.0E-7,M2,1.3565E-5,1.407E-5,7.2E-7,3.2E-7,M2,1.304E-5,1.5675E-5,7.2E-7,3.2E-7,M2,4.6E-7,1.6875E-5,2.0E-7,6.0E-7,M2,4.6E-7,1.3315E-5,2.0E-7,3.76E-6,M2,2.0E-7,1.3315E-5,4.6E-7,2.0E-7,M2,2.0E-7,1.2915000000000001E-5,2.0E-7,6.0E-7,M2,3.044E-5,1.297E-5,3.2E-7,7.2E-7,M2,3.078E-5,1.8375E-5,3.2E-7,7.2E-7,M2,1.994E-5,2.27E-6,7.2E-7,3.2E-7,M2,3.0695000000000003E-5,3.46E-6,7.2E-7,3.2E-7,M2,3.0955E-5,3.52E-6,2.205E-6,2.0E-7,M2,3.296E-5,3.52E-6,6.0E-7,2.0E-7,M2,4.354E-5,1.2855E-5,3.2E-7,7.2E-7,M2,4.328E-5,1.6815E-5,3.2E-7,7.2E-7,M2,3.068E-5,4.75E-6,2.0E-7,6.0E-7,M2,2.767E-5,4.75E-6,3.21E-6,2.0E-7,M2,2.767E-5,1.345E-6,2.0E-7,3.6050000000000002E-6,M2,2.767E-5,9.450000000000001E-7,2.0E-7,6.0E-7,M2,2.996E-5,1.145E-5,6.0E-7,2.0E-7,M2,2.63E-5,1.145E-5,3.86E-6,2.0E-7,M2,2.63E-5,9.03E-6,2.0E-7,2.62E-6,M2,2.63E-5,8.63E-6,2.0E-7,6.0E-7,M2,1.262E-5,1.34E-6,2.0E-7,6.0E-7,M2,1.262E-5,1.74E-6,2.0E-7,2.45E-7,M2,1.262E-5,1.785E-6,5.18E-6,2.0E-7,M2,1.76E-5,1.385E-6,2.0E-7,6.0E-7,M2,1.607E-5,8.85E-7,3.2E-7,7.2E-7,M2,1.607E-5,3.89E-6,3.2E-7,1.12E-6,M2,1.527E-5,4.69E-6,1.12E-6,3.2E-7,M2,1.312E-5,4.75E-6,3.21E-6,2.0E-7,M2,1.312E-5,4.75E-6,2.0E-7,6.0E-7,M2,3.118E-5,9.85E-7,2.0E-7,1.0E-6,M2,3.038E-5,1.785E-6,1.0E-6,2.0E-7,M2,3.118E-5,1.74E-6,2.0E-7,2.45E-7,M2,3.118E-5,1.34E-6,2.0E-7,6.0E-7,M3,1.296E-5,1.343E-5,2.0E-7,1.0E-6,M3,1.296E-5,1.343E-5,1.0E-6,2.0E-7,M3,1.296E-5,1.343E-5,5.4E-7,2.0E-7,M3,1.33E-5,1.303E-5,2.0E-7,6.0E-7,M3,1.3625E-5,1.413E-5,6.0E-7,2.0E-7,M3,1.3825E-5,1.413E-5,2.0E-7,1.805E-6,M3,1.35E-5,1.5735E-5,5.250000000000001E-7,2.0E-7,M3,1.31E-5,1.5735E-5,6.0E-7,2.0E-7,M3,3.044E-5,1.297E-5,3.2E-7,7.2E-7,M3,3.078E-5,1.8375E-5,3.2E-7,7.2E-7,M3,2.0E-5,2.33E-6,6.0E-7,2.0E-7,M3,2.04E-5,2.33E-6,2.0E-7,1.39E-6,M3,2.04E-5,3.52E-6,1.0755E-5,2.0E-7,M3,3.0755E-5,3.52E-6,6.0E-7,2.0E-7,M3,4.36E-5,1.2915000000000001E-5,2.0E-7,6.0E-7,M3,4.334E-5,1.3315E-5,4.6E-7,2.0E-7,M3,4.334E-5,1.3315E-5,2.0E-7,3.76E-6,M3,4.334E-5,1.6875E-5,2.0E-7,6.0E-7,M3,1.607E-5,8.85E-7,3.2E-7,7.2E-7,M3,1.607E-5,3.89E-6,3.2E-7,1.12E-6,M3,1.527E-5,4.69E-6,1.12E-6,3.2E-7,M4,3.05E-5,1.303E-5,2.0E-7,6.0E-7,M4,3.05E-5,1.343E-5,5.4E-7,2.0E-7,M4,3.084E-5,1.343E-5,2.0E-7,5.605E-6,M4,3.084E-5,1.8435E-5,2.0E-7,6.0E-7,M4,1.613E-5,9.450000000000001E-7,2.0E-7,6.0E-7,M4,1.613E-5,1.345E-6,2.0E-7,3.6050000000000002E-6,M4,1.613E-5,3.95E-6,2.0E-7,1.0E-6,M4,1.533E-5,4.75E-6,1.0E-6,2.0E-7,
M1,5.21E-6,7.2E-7,2.4000000000000003E-7,6.4E-7,M1,5.57E-6,1.99E-5,2.4000000000000003E-7,6.4E-7,M1,1.798E-5,1.045E-6,1.9200000000000003E-6,1.6E-7,M1,1.266E-5,1.7125E-5,6.4E-7,2.4000000000000003E-7,M1,1.2565E-5,1.92E-5,6.4E-7,2.4000000000000003E-7,M1,2.387E-5,1.4565E-5,6.4E-7,2.4000000000000003E-7,M1,2.238E-5,1.1745E-5,2.4000000000000003E-7,6.4E-7,M1,2.304E-5,1.365E-6,2.4000000000000003E-7,6.4E-7,M1,2.766E-5,2.58E-6,2.4000000000000003E-7,6.4E-7,M1,2.877E-5,1.792E-5,6.4E-7,2.4000000000000003E-7,M1,1.452E-5,1.3285E-5,6.4E-7,2.4000000000000003E-7,M1,3.72E-5,2.0340000000000002E-5,2.4000000000000003E-7,6.4E-7,M1,3.7460000000000004E-5,1.638E-5,2.4000000000000003E-7,6.4E-7,M1,1.119E-5,4.695E-6,1.6E-7,1.605E-6,M1,1.115E-5,4.455E-6,2.4000000000000003E-7,6.4E-7,M1,1.3170000000000001E-5,9.25E-7,2.4000000000000003E-7,6.4E-7,M1,3.207E-5,1.99E-5,2.4000000000000003E-7,6.4E-7,M1,3.243E-5,7.2E-7,2.4000000000000003E-7,6.4E-7,M1,4.4E-7,2.0340000000000002E-5,2.4000000000000003E-7,6.4E-7,M1,1.8E-7,1.638E-5,2.4000000000000003E-7,6.4E-7,M1,1.452E-5,2.2325E-5,8.84E-6,1.6E-7,M1,9.980000000000001E-6,2.58E-6,2.4000000000000003E-7,6.4E-7,M1,1.46E-5,1.365E-6,2.4000000000000003E-7,6.4E-7,M1,1.0520000000000001E-5,2.1885E-5,2.4000000000000003E-7,6.4E-7,M1,1.133E-5,1.6045E-5,2.4000000000000003E-7,6.4E-7,M1,1.337E-5,1.4565E-5,6.4E-7,2.4000000000000003E-7,M1,1.526E-5,1.1745E-5,2.4000000000000003E-7,6.4E-7,M1,8.91E-6,1.796E-5,1.401E-5,1.6E-7,M1,2.276E-5,1.3325E-5,1.6E-7,4.795E-6,M1,1.127E-5,3.72E-6,1.534E-5,1.6E-7,M1,9.43E-6,6.1400000000000005E-6,1.9200000000000003E-6,1.6E-7,M1,2.712E-5,2.1885E-5,2.4000000000000003E-7,6.4E-7,M1,2.631E-5,1.6045E-5,2.4000000000000003E-7,6.4E-7,M1,1.465E-5,2.31E-6,6.4E-7,2.4000000000000003E-7,M1,1.485E-5,4.96E-6,1.04E-6,2.4000000000000003E-7,M1,1.485E-5,4.16E-6,2.4000000000000003E-7,1.04E-6,M1,1.489E-5,5.0E-6,2.3E-7,1.6E-7,M1,2.482E-5,1.924E-5,2.55E-7,1.6E-7,M1,2.482E-5,1.7165E-5,1.6E-7,2.235E-6,M1,2.6530000000000002E-5,4.695E-6,1.6E-7,1.605E-6,M1,2.6490000000000002E-5,4.455E-6,2.4000000000000003E-7,6.4E-7,M1,2.447E-5,9.25E-7,2.4000000000000003E-7,6.4E-7,M1,2.5125E-5,1.4605E-5,2.05E-7,1.6E-7,M1,2.517E-5,1.4605E-5,1.6E-7,8.4E-7,M1,2.6530000000000002E-5,6.1400000000000005E-6,1.9200000000000003E-6,1.6E-7,M1,1.255E-5,1.4605E-5,2.05E-7,1.6E-7,M1,1.255E-5,1.4605E-5,1.6E-7,8.4E-7,M1,2.259E-5,2.31E-6,6.4E-7,2.4000000000000003E-7,M1,2.279E-5,4.16E-6,2.4000000000000003E-7,1.04E-6,M1,2.199E-5,4.96E-6,1.04E-6,2.4000000000000003E-7,M1,2.276E-5,5.0E-6,2.3E-7,1.6E-7,M2,5.1700000000000005E-6,6.800000000000001E-7,3.2E-7,7.2E-7,M2,5.1700000000000005E-6,1.986E-5,1.12E-6,3.2E-7,M2,5.1700000000000005E-6,1.906E-5,3.2E-7,1.12E-6,M2,5.23E-6,1.992E-5,5.6E-7,2.0E-7,M2,5.59E-6,1.992E-5,2.0E-7,6.0E-7,M2,1.262E-5,1.7085E-5,7.2E-7,3.2E-7,M2,1.2820000000000001E-5,1.836E-5,3.2E-7,1.12E-6,M2,1.202E-5,1.916E-5,1.12E-6,3.2E-7,M2,1.2785E-5,1.922E-5,2.95E-7,2.0E-7,M2,1.2585E-5,1.922E-5,6.0E-7,2.0E-7,M2,2.389E-5,1.4585E-5,6.0E-7,2.0E-7,M2,2.389E-5,1.2165E-5,2.0E-7,2.62E-6,M2,2.24E-5,1.2165E-5,1.6900000000000001E-6,2.0E-7,M2,2.24E-5,1.1765E-5,2.0E-7,6.0E-7,M2,2.3E-5,1.325E-6,3.2E-7,7.2E-7,M2,2.762E-5,2.5400000000000002E-6,3.2E-7,7.2E-7,M2,2.879E-5,1.794E-5,6.0E-7,2.0E-7,M2,1.4940000000000001E-5,1.794E-5,1.4050000000000001E-5,2.0E-7,M2,1.4940000000000001E-5,1.3305E-5,2.0E-7,4.835E-6,M2,1.454E-5,1.3305E-5,6.0E-7,2.0E-7,M2,3.722E-5,2.036E-5,2.0E-7,6.0E-7,M2,3.722E-5,1.6800000000000002E-5,2.0E-7,3.76E-6,M2,3.722E-5,1.6800000000000002E-5,4.6E-7,2.0E-7,M2,3.748E-5,1.64E-5,2.0E-7,6.0E-7,M2,1.117E-5,4.475E-6,2.0E-7,6.0E-7,M2,1.117E-5,1.345E-6,2.0E-7,3.53E-6,M2,1.117E-5,1.345E-6,2.22E-6,2.0E-7,M2,1.319E-5,9.450000000000001E-7,2.0E-7,6.0E-7,M2,3.203E-5,1.986E-5,3.2E-7,7.2E-7,M2,3.239E-5,6.800000000000001E-7,3.2E-7,7.2E-7,M2,4.6E-7,2.036E-5,2.0E-7,6.0E-7,M2,4.6E-7,1.6800000000000002E-5,2.0E-7,3.76E-6,M2,2.0E-7,1.6800000000000002E-5,4.6E-7,2.0E-7,M2,2.0E-7,1.64E-5,2.0E-7,6.0E-7,M2,9.94E-6,2.5400000000000002E-6,3.2E-7,7.2E-7,M2,1.456E-5,1.325E-6,3.2E-7,7.2E-7,M2,1.048E-5,2.1845000000000002E-5,3.2E-7,7.2E-7,M2,1.048E-5,1.6405E-5,3.2E-7,1.12E-6,M2,1.048E-5,1.6405E-5,1.12E-6,3.2E-7,M2,1.054E-5,1.6465E-5,1.01E-6,2.0E-7,M2,1.135E-5,1.6065E-5,2.0E-7,6.0E-7,M2,1.339E-5,1.4585E-5,6.0E-7,2.0E-7,M2,1.379E-5,1.2165E-5,2.0E-7,2.62E-6,M2,1.379E-5,1.2165E-5,1.6900000000000001E-6,2.0E-7,M2,1.528E-5,1.1765E-5,2.0E-7,6.0E-7,M2,2.708E-5,2.1845000000000002E-5,3.2E-7,7.2E-7,M2,2.628E-5,1.6405E-5,1.12E-6,3.2E-7,M2,2.708E-5,1.6405E-5,3.2E-7,1.12E-6,M2,2.633E-5,1.6465E-5,1.01E-6,2.0E-7,M2,2.633E-5,1.6065E-5,2.0E-7,6.0E-7,M2,1.467E-5,2.33E-6,6.0E-7,2.0E-7,M2,1.487E-5,2.33E-6,2.0E-7,2.8500000000000002E-6,M2,1.487E-5,4.98E-6,1.0E-6,2.0E-7,M2,1.487E-5,4.18E-6,2.0E-7,1.0E-6,M2,2.6510000000000002E-5,4.475E-6,2.0E-7,6.0E-7,M2,2.6510000000000002E-5,1.345E-6,2.0E-7,3.53E-6,M2,2.449E-5,1.345E-6,2.22E-6,2.0E-7,M2,2.449E-5,9.450000000000001E-7,2.0E-7,6.0E-7,M2,2.2610000000000002E-5,2.33E-6,6.0E-7,2.0E-7,M2,2.281E-5,2.33E-6,2.0E-7,2.8500000000000002E-6,M2,2.281E-5,4.18E-6,2.0E-7,1.0E-6,M2,2.201E-5,4.98E-6,1.0E-6,2.0E-7,M3,5.1700000000000005E-6,6.800000000000001E-7,3.2E-7,7.2E-7,M3,5.1700000000000005E-6,1.986E-5,1.12E-6,3.2E-7,M3,5.1700000000000005E-6,1.906E-5,3.2E-7,1.12E-6,M3,1.268E-5,1.7145E-5,6.0E-7,2.0E-7,M3,1.288E-5,1.7145E-5,2.0E-7,2.2750000000000002E-6,M3,1.288E-5,1.842E-5,2.0E-7,1.0E-6,M3,1.208E-5,1.922E-5,1.0E-6,2.0E-7,M3,2.306E-5,1.385E-6,2.0E-7,6.0E-7,M3,2.306E-5,1.785E-6,2.0E-7,1.415E-6,M3,2.306E-5,3.0E-6,4.8200000000000004E-6,2.0E-7,M3,2.768E-5,2.6E-6,2.0E-7,6.0E-7,M3,3.209E-5,1.992E-5,2.0E-7,6.0E-7,M3,3.209E-5,1.992E-5,5.6E-7,2.0E-7,M3,3.245E-5,7.4E-7,2.0E-7,1.938E-5,M3,3.245E-5,7.4E-7,2.0E-7,6.0E-7,M3,1.0E-5,2.6E-6,2.0E-7,6.0E-7,M3,1.0E-5,3.0E-6,4.8200000000000004E-6,2.0E-7,M3,1.462E-5,1.785E-6,2.0E-7,1.415E-6,M3,1.462E-5,1.385E-6,2.0E-7,6.0E-7,M3,1.054E-5,2.1905E-5,2.0E-7,6.0E-7,M3,1.054E-5,1.6465E-5,2.0E-7,6.04E-6,M3,1.054E-5,1.6465E-5,2.0E-7,1.0E-6,M3,1.054E-5,1.6465E-5,1.0E-6,2.0E-7,M3,2.714E-5,2.1905E-5,2.0E-7,6.0E-7,M3,2.714E-5,1.6465E-5,2.0E-7,6.04E-6,M3,2.6340000000000002E-5,1.6465E-5,1.0E-6,2.0E-7,M3,2.714E-5,1.6465E-5,2.0E-7,1.0E-6,M4,5.23E-6,7.4E-7,2.0E-7,6.0E-7,M4,5.23E-6,7.4E-7,2.0E-7,1.938E-5,M4,5.23E-6,1.992E-5,1.0E-6,2.0E-7,M4,5.23E-6,1.912E-5,2.0E-7,1.0E-6,
M1,1.359E-5,1.805E-6,7.34E-6,1.6E-7,M1,2.7380000000000002E-5,2.9E-6,6.4E-7,2.4000000000000003E-7,M1,6.5000000000000004E-6,2.9E-6,6.4E-7,2.4000000000000003E-7,M1,2.84E-5,1.8000000000000001E-6,2.4000000000000003E-7,6.4E-7,M1,2.4030000000000002E-5,1.365E-6,2.4000000000000003E-7,6.4E-7,M1,2.17E-5,5.36E-6,1.9200000000000003E-6,1.6E-7,M1,1.8E-7,1.6655E-5,2.4000000000000003E-7,6.4E-7,M1,4.4E-7,2.0615E-5,2.4000000000000003E-7,6.4E-7,M1,3.384E-5,2.0615E-5,2.4000000000000003E-7,6.4E-7,M1,3.41E-5,1.6655E-5,2.4000000000000003E-7,6.4E-7,M1,2.567E-5,1.9475E-5,6.4E-7,2.4000000000000003E-7,M1,2.905E-5,1.9475E-5,6.4E-7,2.4000000000000003E-7,M1,1.297E-5,2.35E-6,1.6E-7,2.03E-6,M1,1.297E-5,4.22E-6,3.7E-7,1.6E-7,M1,8.855E-6,1.9515000000000002E-5,1.6E-7,7.55E-7,M1,8.81E-6,2.011E-5,2.05E-7,1.6E-7,M1,2.673E-5,2.5115E-5,3.17E-6,1.6E-7,M1,2.673E-5,2.131E-5,1.6E-7,3.965E-6,M1,1.262E-5,5.32E-6,2.4000000000000003E-7,6.4E-7,M1,1.1760000000000001E-5,7.350000000000001E-7,2.4000000000000003E-7,6.4E-7,M1,1.18E-5,6.05E-7,1.6E-7,5.3E-7,M1,8.505E-6,4.18E-6,6.4E-7,2.4000000000000003E-7,M1,1.999E-5,1.067E-5,6.4E-7,2.4000000000000003E-7,M1,2.139E-5,2.35E-6,1.6E-7,2.03E-6,M1,2.118E-5,4.22E-6,3.7E-7,1.6E-7,M1,1.0365E-5,4.92E-6,3.815E-6,1.6E-7,M1,1.0125E-5,4.88E-6,6.4E-7,2.4000000000000003E-7,M1,9.630000000000001E-6,1.9475E-5,6.4E-7,2.4000000000000003E-7,M1,3.248E-5,7.2E-7,2.4000000000000003E-7,6.4E-7,M1,3.2670000000000004E-5,2.0175E-5,2.4000000000000003E-7,6.4E-7,M1,1.09E-5,5.36E-6,1.9200000000000003E-6,1.6E-7,M1,1.8000000000000001E-6,7.2E-7,2.4000000000000003E-7,6.4E-7,M1,1.61E-6,2.0175E-5,2.4000000000000003E-7,6.4E-7,M1,4.83E-6,1.9475E-5,6.4E-7,2.4000000000000003E-7,M1,8.210000000000001E-6,1.9475E-5,6.4E-7,2.4000000000000003E-7,M1,2.5375E-5,4.18E-6,6.4E-7,2.4000000000000003E-7,M1,1.389E-5,1.067E-5,6.4E-7,2.4000000000000003E-7,M1,7.63E-6,2.131E-5,1.6E-7,3.965E-6,M1,7.59E-6,2.4275E-5,2.4000000000000003E-7,1.04E-6,M1,6.79E-6,2.5075E-5,1.04E-6,2.4000000000000003E-7,M1,4.58E-6,2.4675E-5,2.4000000000000003E-7,6.4E-7,M1,2.166E-5,5.32E-6,2.4000000000000003E-7,6.4E-7,M1,2.252E-5,7.350000000000001E-7,2.4000000000000003E-7,6.4E-7,M1,2.256E-5,6.05E-7,1.6E-7,5.3E-7,M1,9.71E-6,2.131E-5,1.5100000000000001E-5,1.6E-7,M1,2.555E-5,1.9515000000000002E-5,1.6E-7,7.55E-7,M1,2.5505E-5,1.9515000000000002E-5,2.05E-7,1.6E-7,M1,2.425E-5,1.9475E-5,6.4E-7,2.4000000000000003E-7,M1,2.3755000000000002E-5,4.88E-6,6.4E-7,2.4000000000000003E-7,M1,2.0340000000000002E-5,4.92E-6,3.815E-6,1.6E-7,M1,1.025E-5,1.365E-6,2.4000000000000003E-7,6.4E-7,M1,5.8800000000000005E-6,1.8000000000000001E-6,2.4000000000000003E-7,6.4E-7,M2,2.734E-5,2.86E-6,7.2E-7,3.2E-7,M2,6.46E-6,2.86E-6,7.2E-7,3.2E-7,M2,2.836E-5,1.76E-6,3.2E-7,7.2E-7,M2,2.399E-5,1.325E-6,3.2E-7,7.2E-7,M2,1.4E-7,1.6615E-5,3.2E-7,7.2E-7,M2,4.0E-7,2.0575000000000002E-5,3.2E-7,7.2E-7,M2,3.38E-5,2.0575000000000002E-5,3.2E-7,7.2E-7,M2,3.406E-5,1.6615E-5,3.2E-7,7.2E-7,M2,2.569E-5,1.9495E-5,6.0E-7,2.0E-7,M2,2.609E-5,1.9495E-5,3.18E-6,2.0E-7,M2,2.907E-5,1.9495E-5,6.0E-7,2.0E-7,M2,1.2640000000000001E-5,5.34E-6,2.0E-7,6.0E-7,M2,1.178E-5,5.34E-6,1.06E-6,2.0E-7,M2,1.178E-5,9.55E-7,2.0E-7,4.585E-6,M2,1.178E-5,7.55E-7,2.0E-7,6.0E-7,M2,8.465E-6,4.14E-6,7.2E-7,3.2E-7,M2,1.995E-5,1.063E-5,7.2E-7,3.2E-7,M2,1.0085000000000001E-5,4.84E-6,7.2E-7,3.2E-7,M2,9.59E-6,1.9435E-5,7.2E-7,3.2E-7,M2,3.2500000000000004E-5,7.4E-7,2.0E-7,6.0E-7,M2,3.2500000000000004E-5,7.4E-7,2.0E-7,1.9655E-5,M2,3.2500000000000004E-5,2.0195E-5,3.9E-7,2.0E-7,M2,3.269E-5,2.0195E-5,2.0E-7,6.0E-7,M2,1.82E-6,7.4E-7,2.0E-7,6.0E-7,M2,1.82E-6,7.4E-7,2.0E-7,1.9655E-5,M2,1.63E-6,2.0195E-5,3.9E-7,2.0E-7,M2,1.63E-6,2.0195E-5,2.0E-7,6.0E-7,M2,4.85E-6,1.9495E-5,6.0E-7,2.0E-7,M2,5.25E-6,1.9495E-5,3.18E-6,2.0E-7,M2,8.23E-6,1.9495E-5,6.0E-7,2.0E-7,M2,2.5335E-5,4.14E-6,7.2E-7,3.2E-7,M2,1.385E-5,1.063E-5,7.2E-7,3.2E-7,M2,7.61E-6,2.4295E-5,2.0E-7,1.0E-6,M2,6.81E-6,2.5095E-5,1.0E-6,2.0E-7,M2,4.6E-6,2.5095E-5,3.21E-6,2.0E-7,M2,4.6E-6,2.4695E-5,2.0E-7,6.0E-7,M2,2.168E-5,5.34E-6,2.0E-7,6.0E-7,M2,2.168E-5,5.34E-6,1.06E-6,2.0E-7,M2,2.254E-5,9.55E-7,2.0E-7,4.585E-6,M2,2.254E-5,7.55E-7,2.0E-7,6.0E-7,M2,2.427E-5,1.9495E-5,6.0E-7,2.0E-7,M2,2.427E-5,4.9000000000000005E-6,2.0E-7,1.4795E-5,M2,2.341E-5,4.84E-6,1.12E-6,3.2E-7,M2,2.421E-5,4.84E-6,3.2E-7,1.12E-6,M2,2.3715E-5,4.84E-6,7.2E-7,3.2E-7,M2,1.021E-5,1.325E-6,3.2E-7,7.2E-7,M2,5.84E-6,1.76E-6,3.2E-7,7.2E-7,M3,2.7400000000000002E-5,2.92E-6,6.0E-7,2.0E-7,M3,6.92E-6,2.92E-6,2.0680000000000002E-5,2.0E-7,M3,6.52E-6,2.92E-6,6.0E-7,2.0E-7,M3,2.842E-5,1.82E-6,2.0E-7,6.0E-7,M3,2.4050000000000002E-5,2.22E-6,4.57E-6,2.0E-7,M3,2.4050000000000002E-5,1.785E-6,2.0E-7,6.350000000000001E-7,M3,2.4050000000000002E-5,1.385E-6,2.0E-7,6.0E-7,M3,2.0E-7,1.6675E-5,2.0E-7,6.0E-7,M3,2.0E-7,1.7075E-5,2.0E-7,3.76E-6,M3,2.0E-7,2.0635E-5,4.6E-7,2.0E-7,M3,4.6E-7,2.0635E-5,2.0E-7,6.0E-7,M3,3.386E-5,2.0635E-5,2.0E-7,6.0E-7,M3,3.386E-5,1.7075E-5,2.0E-7,3.76E-6,M3,3.386E-5,1.7075E-5,4.6E-7,2.0E-7,M3,3.412E-5,1.6675E-5,2.0E-7,6.0E-7,M3,8.525E-6,4.2000000000000004E-6,6.0E-7,2.0E-7,M3,8.725E-6,4.2000000000000004E-6,1.1685E-5,2.0E-7,M3,2.021E-5,4.2000000000000004E-6,2.0E-7,6.69E-6,M3,2.001E-5,1.0690000000000001E-5,6.0E-7,2.0E-7,M3,1.0085000000000001E-5,4.84E-6,7.2E-7,3.2E-7,M3,9.59E-6,1.9435E-5,7.2E-7,3.2E-7,M3,2.5335E-5,4.14E-6,7.2E-7,3.2E-7,M3,1.385E-5,1.063E-5,7.2E-7,3.2E-7,M3,2.347E-5,4.9000000000000005E-6,1.0E-6,2.0E-7,M3,2.427E-5,4.9000000000000005E-6,2.0E-7,1.0E-6,M3,2.3975E-5,4.9000000000000005E-6,4.95E-7,2.0E-7,M3,2.3775000000000002E-5,4.9000000000000005E-6,6.0E-7,2.0E-7,M3,1.027E-5,1.385E-6,2.0E-7,6.0E-7,M3,1.027E-5,1.785E-6,2.0E-7,6.350000000000001E-7,M3,5.9E-6,2.22E-6,4.57E-6,2.0E-7,M3,5.9E-6,1.82E-6,2.0E-7,6.0E-7,M4,1.0145E-5,4.9000000000000005E-6,6.0E-7,2.0E-7,M4,1.005E-5,4.9000000000000005E-6,4.95E-7,2.0E-7,M4,1.005E-5,4.9000000000000005E-6,2.0E-7,1.4795E-5,M4,9.65E-6,1.9495E-5,6.0E-7,2.0E-7,M4,2.5395E-5,4.2000000000000004E-6,6.0E-7,2.0E-7,M4,1.411E-5,4.2000000000000004E-6,1.1685E-5,2.0E-7,M4,1.411E-5,4.2000000000000004E-6,2.0E-7,6.69E-6,M4,1.391E-5,1.0690000000000001E-5,6.0E-7,2.0E-7,
M1,3.09E-5,1.004E-5,6.4E-7,2.4000000000000003E-7,M1,3.091E-5,4.9000000000000005E-6,2.4000000000000003E-7,6.4E-7,M1,1.948E-5,1.004E-5,6.4E-7,2.4000000000000003E-7,M1,1.987E-5,4.9000000000000005E-6,2.4000000000000003E-7,6.4E-7,M1,3.231E-5,5.38E-6,1.9200000000000003E-6,1.6E-7,M1,3.978E-5,1.82E-6,2.4000000000000003E-7,6.4E-7,M1,3.419E-5,1.365E-6,2.4000000000000003E-7,6.4E-7,M1,3.4620000000000004E-5,1.623E-5,2.4000000000000003E-7,6.4E-7,M1,3.209E-5,1.1565E-5,2.4000000000000003E-7,6.4E-7,M1,5.034E-5,1.623E-5,2.4000000000000003E-7,6.4E-7,M1,5.0600000000000003E-5,1.227E-5,2.4000000000000003E-7,6.4E-7,M1,1.3340000000000001E-5,2.96E-6,2.434E-5,1.6E-7,M1,3.135E-5,4.2000000000000004E-6,6.4E-7,2.4000000000000003E-7,M1,3.2005E-5,2.0E-8,6.4E-7,2.4000000000000003E-7,M1,4.4E-7,1.623E-5,2.4000000000000003E-7,6.4E-7,M1,1.8E-7,1.227E-5,2.4000000000000003E-7,6.4E-7,M1,3.714E-5,1.3800000000000001E-6,2.4000000000000003E-7,6.4E-7,M1,3.768E-5,1.579E-5,2.4000000000000003E-7,6.4E-7,M1,1.804E-5,5.65E-7,2.4000000000000003E-7,6.4E-7,M1,1.851E-5,5.34E-6,2.4000000000000003E-7,6.4E-7,M1,3.1140000000000003E-5,1.008E-5,1.6E-7,8.6E-7,M1,3.1140000000000003E-5,1.078E-5,2.7E-7,1.6E-7,M1,3.455E-5,4.2000000000000004E-6,6.4E-7,2.4000000000000003E-7,M1,2.385E-5,8.76E-6,6.4E-7,2.4000000000000003E-7,M1,1.616E-5,1.623E-5,2.4000000000000003E-7,6.4E-7,M1,1.869E-5,1.1565E-5,2.4000000000000003E-7,6.4E-7,M1,2.031E-5,1.2005E-5,1.04E-5,1.6E-7,M1,1.972E-5,1.008E-5,1.6E-7,8.6E-7,M1,1.961E-5,1.078E-5,2.7E-7,1.6E-7,M1,1.679E-5,5.38E-6,1.9200000000000003E-6,1.6E-7,M1,1.659E-5,1.365E-6,2.4000000000000003E-7,6.4E-7,M1,1.1E-5,1.82E-6,2.4000000000000003E-7,6.4E-7,M1,1.364E-5,1.3800000000000001E-6,2.4000000000000003E-7,6.4E-7,M1,1.31E-5,1.579E-5,2.4000000000000003E-7,6.4E-7,M1,1.8615E-5,6.000000000000001E-8,6.15E-7,1.6E-7,M1,1.823E-5,2.0E-8,1.04E-6,2.4000000000000003E-7,M1,1.903E-5,2.0E-8,2.4000000000000003E-7,1.04E-6,M1,1.903E-5,4.2000000000000004E-6,6.4E-7,2.4000000000000003E-7,M1,1.925E-5,1.2705E-5,1.6E-7,2.5850000000000002E-6,M1,1.568E-5,1.513E-5,3.7300000000000003E-6,1.6E-7,M1,3.274E-5,5.65E-7,2.4000000000000003E-7,6.4E-7,M1,3.227E-5,5.34E-6,2.4000000000000003E-7,6.4E-7,M1,1.9810000000000002E-5,1.805E-6,1.1400000000000001E-5,1.6E-7,M1,3.1610000000000004E-5,1.2705E-5,1.6E-7,2.5850000000000002E-6,M1,3.1610000000000004E-5,1.513E-5,3.7300000000000003E-6,1.6E-7,M1,2.6530000000000002E-5,8.76E-6,6.4E-7,2.4000000000000003E-7,M1,1.583E-5,4.2000000000000004E-6,6.4E-7,2.4000000000000003E-7,M2,3.092E-5,1.006E-5,6.0E-7,2.0E-7,M2,3.112E-5,4.92E-6,2.0E-7,5.34E-6,M2,3.0930000000000004E-5,4.92E-6,3.9E-7,2.0E-7,M2,3.0930000000000004E-5,4.92E-6,2.0E-7,6.0E-7,M2,1.95E-5,1.006E-5,6.0E-7,2.0E-7,M2,1.97E-5,4.92E-6,2.0E-7,5.34E-6,M2,1.97E-5,4.92E-6,3.9E-7,2.0E-7,M2,1.989E-5,4.92E-6,2.0E-7,6.0E-7,M2,3.974E-5,1.7800000000000001E-6,3.2E-7,7.2E-7,M2,3.415E-5,1.325E-6,3.2E-7,7.2E-7,M2,3.464E-5,1.6250000000000002E-5,2.0E-7,6.0E-7,M2,3.211E-5,1.6250000000000002E-5,2.73E-6,2.0E-7,M2,3.211E-5,1.1985E-5,2.0E-7,4.4650000000000004E-6,M2,3.211E-5,1.1585E-5,2.0E-7,6.0E-7,M2,5.03E-5,1.619E-5,3.2E-7,7.2E-7,M2,5.0560000000000004E-5,1.223E-5,3.2E-7,7.2E-7,M2,3.137E-5,4.22E-6,6.0E-7,2.0E-7,M2,3.177E-5,4.0E-8,2.0E-7,4.38E-6,M2,3.171E-5,-2.0E-8,3.2E-7,1.12E-6,M2,3.171E-5,-2.0E-8,1.12E-6,3.2E-7,M2,3.1965E-5,-2.0E-8,7.2E-7,3.2E-7,M2,4.0E-7,1.619E-5,3.2E-7,7.2E-7,M2,1.4E-7,1.223E-5,3.2E-7,7.2E-7,M2,3.716E-5,1.4E-6,2.0E-7,6.0E-7,M2,3.716E-5,1.8000000000000001E-6,2.0E-7,1.421E-5,M2,3.716E-5,1.581E-5,7.4E-7,2.0E-7,M2,3.77E-5,1.581E-5,2.0E-7,6.0E-7,M2,1.806E-5,5.85E-7,2.0E-7,6.0E-7,M2,1.806E-5,5.85E-7,2.0E-7,4.975E-6,M2,1.806E-5,5.36E-6,6.7E-7,2.0E-7,M2,1.853E-5,5.36E-6,2.0E-7,6.0E-7,M2,3.451E-5,4.16E-6,7.2E-7,3.2E-7,M2,2.421E-5,4.16E-6,3.2E-7,1.12E-6,M2,2.421E-5,4.16E-6,1.12E-6,3.2E-7,M2,2.427E-5,4.22E-6,2.0E-7,4.76E-6,M2,2.387E-5,8.78E-6,6.0E-7,2.0E-7,M2,1.618E-5,1.6250000000000002E-5,2.0E-7,6.0E-7,M2,1.618E-5,1.6250000000000002E-5,2.73E-6,2.0E-7,M2,1.871E-5,1.1985E-5,2.0E-7,4.4650000000000004E-6,M2,1.871E-5,1.1585E-5,2.0E-7,6.0E-7,M2,1.655E-5,1.325E-6,3.2E-7,7.2E-7,M2,1.096E-5,1.7800000000000001E-6,3.2E-7,7.2E-7,M2,1.366E-5,1.4E-6,2.0E-7,6.0E-7,M2,1.366E-5,1.8000000000000001E-6,2.0E-7,1.421E-5,M2,1.312E-5,1.581E-5,7.4E-7,2.0E-7,M2,1.312E-5,1.581E-5,2.0E-7,6.0E-7,M2,1.825E-5,4.0E-8,1.0E-6,2.0E-7,M2,1.905E-5,4.0E-8,2.0E-7,1.0E-6,M2,1.905E-5,4.0E-8,2.0E-7,4.38E-6,M2,1.905E-5,4.22E-6,6.0E-7,2.0E-7,M2,3.276E-5,5.85E-7,2.0E-7,6.0E-7,M2,3.276E-5,5.85E-7,2.0E-7,4.975E-6,M2,3.229E-5,5.36E-6,6.7E-7,2.0E-7,M2,3.229E-5,5.36E-6,2.0E-7,6.0E-7,M2,2.6490000000000002E-5,8.72E-6,7.2E-7,3.2E-7,M2,1.579E-5,4.16E-6,7.2E-7,3.2E-7,M3,3.98E-5,1.84E-6,2.0E-7,6.0E-7,M3,3.98E-5,1.785E-6,2.0E-7,6.55E-7,M3,3.421E-5,1.785E-6,5.7900000000000005E-6,2.0E-7,M3,3.421E-5,1.385E-6,2.0E-7,6.0E-7,M3,5.036E-5,1.6250000000000002E-5,2.0E-7,6.0E-7,M3,5.036E-5,1.269E-5,2.0E-7,3.76E-6,M3,5.036E-5,1.269E-5,4.6E-7,2.0E-7,M3,5.062E-5,1.2290000000000001E-5,2.0E-7,6.0E-7,M3,3.171E-5,-2.0E-8,3.2E-7,1.12E-6,M3,3.171E-5,-2.0E-8,1.12E-6,3.2E-7,M3,3.1965E-5,-2.0E-8,7.2E-7,3.2E-7,M3,4.6E-7,1.6250000000000002E-5,2.0E-7,6.0E-7,M3,4.6E-7,1.269E-5,2.0E-7,3.76E-6,M3,2.0E-7,1.269E-5,4.6E-7,2.0E-7,M3,2.0E-7,1.2290000000000001E-5,2.0E-7,6.0E-7,M3,3.457E-5,4.22E-6,6.0E-7,2.0E-7,M3,2.427E-5,4.22E-6,1.05E-5,2.0E-7,M3,2.427E-5,4.22E-6,2.0E-7,1.0E-6,M3,2.427E-5,4.22E-6,1.0E-6,2.0E-7,M3,1.6610000000000002E-5,1.385E-6,2.0E-7,6.0E-7,M3,1.102E-5,1.785E-6,5.7900000000000005E-6,2.0E-7,M3,1.102E-5,1.785E-6,2.0E-7,6.55E-7,M3,1.102E-5,1.84E-6,2.0E-7,6.0E-7,M3,2.6490000000000002E-5,8.72E-6,7.2E-7,3.2E-7,M3,1.7955E-5,4.16E-6,7.2E-7,3.2E-7,M3,1.6250000000000002E-5,4.22E-6,2.165E-6,2.0E-7,M3,1.585E-5,4.22E-6,6.0E-7,2.0E-7,M4,3.177E-5,4.0E-8,2.0E-7,1.0E-6,M4,3.177E-5,4.0E-8,1.0E-6,2.0E-7,M4,3.177E-5,4.0E-8,6.55E-7,2.0E-7,M4,3.2025E-5,4.0E-8,6.0E-7,2.0E-7,M4,2.655E-5,8.78E-6,6.0E-7,2.0E-7,M4,2.655E-5,4.22E-6,2.0E-7,4.76E-6,M4,1.8215E-5,4.22E-6,8.535E-6,2.0E-7,M4,1.8015E-5,4.22E-6,6.0E-7,2.0E-7,
M1,1.821E-5,1.805E-6,1.9200000000000003E-6,1.6E-7,M1,8.66E-6,2.195E-5,6.4E-7,2.4000000000000003E-7,M1,9.22E-6,1.4185E-5,6.4E-7,2.4000000000000003E-7,M1,3.138E-5,4.65E-6,1.6E-7,2.8E-7,M1,2.962E-5,4.77E-6,1.9200000000000003E-6,1.6E-7,M1,1.8E-7,1.913E-5,2.4000000000000003E-7,6.4E-7,M1,4.4E-7,2.309E-5,2.4000000000000003E-7,6.4E-7,M1,1.4E-5,2.35E-6,1.6E-7,1.44E-6,M1,1.1940000000000001E-5,3.63E-6,2.22E-6,1.6E-7,M1,8.52E-6,4.7300000000000005E-6,2.4000000000000003E-7,6.4E-7,M1,1.3520000000000001E-5,9.25E-7,2.4000000000000003E-7,6.4E-7,M1,2.892E-5,1.4225E-5,1.6E-7,7.925E-6,M1,2.888E-5,2.195E-5,1.04E-6,2.4000000000000003E-7,M1,2.888E-5,2.115E-5,2.4000000000000003E-7,1.04E-6,M1,2.904E-5,2.195E-5,6.4E-7,2.4000000000000003E-7,M1,1.195E-5,2.265E-5,2.4000000000000003E-7,6.4E-7,M1,1.1920000000000001E-5,8.65E-7,2.4000000000000003E-7,6.4E-7,M1,2.418E-5,2.35E-6,1.6E-7,1.44E-6,M1,2.418E-5,3.63E-6,2.22E-6,1.6E-7,M1,2.845E-5,1.16E-5,1.6E-7,8.6E-7,M1,2.845E-5,1.23E-5,2.7E-7,1.6E-7,M1,2.7720000000000002E-5,1.305E-6,2.4000000000000003E-7,6.4E-7,M1,2.319E-5,1.365E-6,2.4000000000000003E-7,6.4E-7,M1,3.792E-5,1.913E-5,2.4000000000000003E-7,6.4E-7,M1,3.766E-5,2.309E-5,2.4000000000000003E-7,6.4E-7,M1,1.732E-5,2.5450000000000002E-5,3.7E-6,1.6E-7,M1,2.059E-5,2.35E-6,1.6E-7,1.852E-5,M1,6.28E-6,2.071E-5,1.447E-5,1.6E-7,M1,3.186E-5,2.067E-5,6.4E-7,2.4000000000000003E-7,M1,1.715E-5,2.31E-6,6.4E-7,2.4000000000000003E-7,M1,2.94E-5,1.27E-5,2.4000000000000003E-7,6.4E-7,M1,3.792E-5,1.187E-5,2.4000000000000003E-7,6.4E-7,M1,2.822E-5,4.2900000000000004E-6,2.4000000000000003E-7,6.4E-7,M1,2.797E-5,1.156E-5,6.4E-7,2.4000000000000003E-7,M1,1.491E-5,1.365E-6,2.4000000000000003E-7,6.4E-7,M1,1.038E-5,1.305E-6,2.4000000000000003E-7,6.4E-7,M1,1.108E-5,2.19E-6,6.4E-7,2.4000000000000003E-7,M1,2.662E-5,2.19E-6,6.4E-7,2.4000000000000003E-7,M1,9.62E-6,1.16E-5,1.6E-7,8.6E-7,M1,9.62E-6,1.16E-5,2.7E-7,1.6E-7,M1,9.88E-6,4.2900000000000004E-6,2.4000000000000003E-7,6.4E-7,M1,9.73E-6,1.156E-5,6.4E-7,2.4000000000000003E-7,M1,6.8E-6,4.65E-6,1.6E-7,2.8E-7,M1,6.8E-6,4.77E-6,1.9200000000000003E-6,1.6E-7,M1,2.958E-5,4.7300000000000005E-6,2.4000000000000003E-7,6.4E-7,M1,2.4580000000000002E-5,9.25E-7,2.4000000000000003E-7,6.4E-7,M1,1.8E-7,1.187E-5,2.4000000000000003E-7,6.4E-7,M1,8.7E-6,1.27E-5,2.4000000000000003E-7,6.4E-7,M1,2.6150000000000002E-5,2.265E-5,2.4000000000000003E-7,6.4E-7,M1,2.618E-5,8.65E-7,2.4000000000000003E-7,6.4E-7,M2,8.62E-6,2.1910000000000002E-5,7.2E-7,3.2E-7,M2,9.18E-6,2.111E-5,3.2E-7,1.12E-6,M2,8.38E-6,2.1910000000000002E-5,1.12E-6,3.2E-7,M2,9.24E-6,1.4205E-5,2.0E-7,7.965E-6,M2,9.24E-6,1.4205E-5,6.0E-7,2.0E-7,M2,1.4E-7,1.9090000000000002E-5,3.2E-7,7.2E-7,M2,4.0E-7,2.305E-5,3.2E-7,7.2E-7,M2,8.48E-6,4.69E-6,3.2E-7,7.2E-7,M2,1.348E-5,3.89E-6,3.2E-7,1.12E-6,M2,1.268E-5,4.69E-6,1.12E-6,3.2E-7,M2,1.354E-5,1.345E-6,2.0E-7,3.6050000000000002E-6,M2,1.354E-5,9.450000000000001E-7,2.0E-7,6.0E-7,M2,2.89E-5,2.197E-5,1.0E-6,2.0E-7,M2,2.89E-5,2.117E-5,2.0E-7,1.0E-6,M2,2.89E-5,2.197E-5,5.6E-7,2.0E-7,M2,2.906E-5,2.197E-5,6.0E-7,2.0E-7,M2,1.197E-5,2.267E-5,2.0E-7,6.0E-7,M2,1.197E-5,1.285E-6,2.0E-7,2.1585E-5,M2,1.1940000000000001E-5,1.285E-6,2.3E-7,2.0E-7,M2,1.1940000000000001E-5,8.85E-7,2.0E-7,6.0E-7,M2,2.768E-5,1.265E-6,3.2E-7,7.2E-7,M2,2.315E-5,1.325E-6,3.2E-7,7.2E-7,M2,3.788E-5,1.9090000000000002E-5,3.2E-7,7.2E-7,M2,3.762E-5,2.305E-5,3.2E-7,7.2E-7,M2,3.1820000000000004E-5,2.063E-5,7.2E-7,3.2E-7,M2,1.751E-5,2.063E-5,1.12E-6,3.2E-7,M2,1.751E-5,1.983E-5,3.2E-7,1.12E-6,M2,1.757E-5,2.33E-6,2.0E-7,1.8560000000000002E-5,M2,1.717E-5,2.33E-6,6.0E-7,2.0E-7,M2,2.942E-5,1.272E-5,2.0E-7,6.0E-7,M2,2.942E-5,1.209E-5,2.0E-7,8.3E-7,M2,2.942E-5,1.209E-5,8.72E-6,2.0E-7,M2,3.794E-5,1.189E-5,2.0E-7,6.0E-7,M2,2.824E-5,4.31E-6,2.0E-7,6.0E-7,M2,2.819E-5,4.31E-6,2.5E-7,2.0E-7,M2,2.819E-5,4.31E-6,2.0E-7,7.4700000000000005E-6,M2,2.799E-5,1.1580000000000001E-5,6.0E-7,2.0E-7,M2,1.487E-5,1.325E-6,3.2E-7,7.2E-7,M2,1.0340000000000001E-5,1.265E-6,3.2E-7,7.2E-7,M2,1.1040000000000001E-5,2.15E-6,7.2E-7,3.2E-7,M2,2.658E-5,2.15E-6,7.2E-7,3.2E-7,M2,9.9E-6,4.31E-6,2.0E-7,6.0E-7,M2,9.9E-6,4.31E-6,2.5E-7,2.0E-7,M2,9.95E-6,4.31E-6,2.0E-7,7.4700000000000005E-6,M2,9.75E-6,1.1580000000000001E-5,6.0E-7,2.0E-7,M2,2.9540000000000002E-5,4.69E-6,3.2E-7,7.2E-7,M2,2.454E-5,4.69E-6,1.12E-6,3.2E-7,M2,2.454E-5,3.89E-6,3.2E-7,1.12E-6,M2,2.46E-5,1.345E-6,2.0E-7,3.6050000000000002E-6,M2,2.46E-5,9.450000000000001E-7,2.0E-7,6.0E-7,M2,1.4E-7,1.183E-5,3.2E-7,7.2E-7,M2,8.66E-6,1.266E-5,3.2E-7,7.2E-7,M2,2.6170000000000002E-5,2.267E-5,2.0E-7,6.0E-7,M2,2.6170000000000002E-5,1.285E-6,2.0E-7,2.1585E-5,M2,2.6170000000000002E-5,1.285E-6,2.3E-7,2.0E-7,M2,2.62E-5,8.85E-7,2.0E-7,6.0E-7,M3,8.62E-6,2.1910000000000002E-5,7.2E-7,3.2E-7,M3,9.18E-6,2.111E-5,3.2E-7,1.12E-6,M3,8.38E-6,2.1910000000000002E-5,1.12E-6,3.2E-7,M3,2.0E-7,1.915E-5,2.0E-7,6.0E-7,M3,2.0E-7,1.955E-5,4.6E-7,2.0E-7,M3,4.6E-7,1.955E-5,2.0E-7,3.76E-6,M3,4.6E-7,2.311E-5,2.0E-7,6.0E-7,M3,8.54E-6,4.75E-6,2.0E-7,6.0E-7,M3,8.54E-6,4.75E-6,5.2E-6,2.0E-7,M3,1.354E-5,3.95E-6,2.0E-7,1.0E-6,M3,1.274E-5,4.75E-6,1.0E-6,2.0E-7,M3,2.7740000000000002E-5,1.325E-6,2.0E-7,6.0E-7,M3,2.321E-5,1.725E-6,4.7300000000000005E-6,2.0E-7,M3,2.321E-5,1.725E-6,2.0E-7,2.6E-7,M3,2.321E-5,1.385E-6,2.0E-7,6.0E-7,M3,3.794E-5,1.915E-5,2.0E-7,6.0E-7,M3,3.768E-5,1.955E-5,4.6E-7,2.0E-7,M3,3.768E-5,1.955E-5,2.0E-7,3.76E-6,M3,3.768E-5,2.311E-5,2.0E-7,6.0E-7,M3,3.1820000000000004E-5,2.063E-5,7.2E-7,3.2E-7,M3,1.751E-5,2.063E-5,1.12E-6,3.2E-7,M3,1.751E-5,1.983E-5,3.2E-7,1.12E-6,M3,1.4930000000000001E-5,1.385E-6,2.0E-7,6.0E-7,M3,1.4930000000000001E-5,1.725E-6,2.0E-7,2.6E-7,M3,1.04E-5,1.725E-6,4.7300000000000005E-6,2.0E-7,M3,1.04E-5,1.325E-6,2.0E-7,6.0E-7,M3,1.11E-5,2.21E-6,6.0E-7,2.0E-7,M3,1.15E-5,2.21E-6,1.534E-5,2.0E-7,M3,2.664E-5,2.21E-6,6.0E-7,2.0E-7,M3,2.96E-5,4.75E-6,2.0E-7,6.0E-7,M3,2.46E-5,4.75E-6,5.2E-6,2.0E-7,M3,2.46E-5,4.75E-6,1.0E-6,2.0E-7,M3,2.46E-5,3.95E-6,2.0E-7,1.0E-6,M3,2.0E-7,1.189E-5,2.0E-7,6.0E-7,M3,2.0E-7,1.209E-5,8.72E-6,2.0E-7,M3,8.72E-6,1.209E-5,2.0E-7,8.3E-7,M3,8.72E-6,1.272E-5,2.0E-7,6.0E-7,M4,8.68E-6,2.197E-5,6.0E-7,2.0E-7,M4,8.88E-6,2.197E-5,5.6E-7,2.0E-7,M4,9.24E-6,2.117E-5,2.0E-7,1.0E-6,M4,8.44E-6,2.197E-5,1.0E-6,2.0E-7,M4,3.1820000000000004E-5,2.063E-5,7.2E-7,3.2E-7,M4,1.751E-5,2.063E-5,1.12E-6,3.2E-7,M4,1.751E-5,1.983E-5,3.2E-7,1.12E-6,M5,3.1820000000000004E-5,2.063E-5,7.2E-7,3.2E-7,M5,1.751E-5,2.063E-5,1.12E-6,3.2E-7,M5,1.751E-5,1.983E-5,3.2E-7,1.12E-6,M6,3.188E-5,2.069E-5,6.0E-7,2.0E-7,M6,1.757E-5,2.069E-5,1.451E-5,2.0E-7,M6,1.757E-5,2.069E-5,1.0E-6,2.0E-7,M6,1.757E-5,1.989E-5,2.0E-7,1.0E-6,
M1,3.9450000000000003E-5,6.3E-7,2.4000000000000003E-7,6.4E-7,M1,4.291E-5,1.8545E-5,2.4000000000000003E-7,6.4E-7,M1,3.365E-5,1.3E-6,1.6E-7,3.76E-6,M1,3.358E-5,4.9000000000000005E-6,2.3E-7,1.6E-7,M1,4.61E-5,1.7795E-5,1.6E-7,1.39E-6,M1,4.606E-5,1.7555E-5,2.4000000000000003E-7,6.4E-7,M1,4.6320000000000004E-5,1.5025000000000001E-5,2.4000000000000003E-7,6.4E-7,M1,2.843E-5,1.7885E-5,3.14E-6,1.6E-7,M1,3.728E-5,1.43E-6,2.4000000000000003E-7,6.4E-7,M1,3.185E-5,1.3E-6,2.4000000000000003E-7,6.4E-7,M1,2.7555E-5,1.2045E-5,6.4E-7,2.4000000000000003E-7,M1,2.7355E-5,2.18E-6,6.4E-7,2.4000000000000003E-7,M1,4.800000000000001E-7,1.7795E-5,1.6E-7,1.39E-6,M1,4.4E-7,1.7555E-5,2.4000000000000003E-7,6.4E-7,M1,1.8E-7,1.5025000000000001E-5,2.4000000000000003E-7,6.4E-7,M1,3.202E-5,2.0595000000000002E-5,2.4000000000000003E-7,6.4E-7,M1,2.9010000000000002E-5,1.929E-5,2.4000000000000003E-7,6.4E-7,M1,1.961E-5,1.973E-5,7.52E-6,1.6E-7,M1,1.983E-5,1.0945E-5,3.0E-7,1.6E-7,M1,1.997E-5,1.0945E-5,1.6E-7,7.1E-6,M1,1.749E-5,1.929E-5,2.4000000000000003E-7,6.4E-7,M1,1.448E-5,2.0595000000000002E-5,2.4000000000000003E-7,6.4E-7,M1,3.59E-6,1.8545E-5,2.4000000000000003E-7,6.4E-7,M1,7.05E-6,6.3E-7,2.4000000000000003E-7,6.4E-7,M1,2.661E-5,1.0945E-5,3.0E-7,1.6E-7,M1,2.661E-5,1.0945E-5,1.6E-7,7.1E-6,M1,1.871E-5,1.853E-5,2.05E-7,1.6E-7,M1,1.8755E-5,1.7885E-5,1.6E-7,8.05E-7,M1,1.465E-5,1.3E-6,2.4000000000000003E-7,6.4E-7,M1,9.22E-6,1.43E-6,2.4000000000000003E-7,6.4E-7,M1,1.293E-5,4.9000000000000005E-6,2.3E-7,1.6E-7,M1,1.293E-5,1.3E-6,1.6E-7,3.76E-6,M1,1.3000000000000001E-5,4.9000000000000005E-6,1.9200000000000003E-6,1.6E-7,M1,2.7825000000000002E-5,1.853E-5,2.05E-7,1.6E-7,M1,2.7825000000000002E-5,1.7885E-5,1.6E-7,8.05E-7,M1,1.517E-5,1.7885E-5,3.14E-6,1.6E-7,M1,2.135E-5,2.18E-6,6.4E-7,2.4000000000000003E-7,M1,3.406E-5,3.72E-6,6.4E-7,2.4000000000000003E-7,M1,3.565E-5,2.0E-8,6.4E-7,2.4000000000000003E-7,M1,1.045E-5,2.0E-8,6.4E-7,2.4000000000000003E-7,M1,1.8745E-5,2.18E-6,6.4E-7,2.4000000000000003E-7,M1,1.8545E-5,1.2045E-5,6.4E-7,2.4000000000000003E-7,M1,1.204E-5,3.72E-6,6.4E-7,2.4000000000000003E-7,M1,2.4750000000000002E-5,2.18E-6,6.4E-7,2.4000000000000003E-7,M1,3.1820000000000004E-5,4.9000000000000005E-6,1.9200000000000003E-6,1.6E-7,M1,2.241E-5,1.74E-6,1.9200000000000003E-6,1.6E-7,M2,3.9410000000000004E-5,5.9E-7,3.2E-7,7.2E-7,M2,3.9410000000000004E-5,1.8505E-5,1.12E-6,3.2E-7,M2,3.9410000000000004E-5,1.7705E-5,3.2E-7,1.12E-6,M2,3.947E-5,1.8565E-5,3.66E-6,2.0E-7,M2,4.2930000000000004E-5,1.8565E-5,2.0E-7,6.0E-7,M2,4.608E-5,1.7575E-5,2.0E-7,6.0E-7,M2,4.608E-5,1.5445E-5,2.0E-7,2.53E-6,M2,4.608E-5,1.5445E-5,4.6E-7,2.0E-7,M2,4.634E-5,1.5045E-5,2.0E-7,6.0E-7,M2,3.724E-5,1.39E-6,3.2E-7,7.2E-7,M2,3.181E-5,1.26E-6,3.2E-7,7.2E-7,M2,2.7575E-5,1.2065E-5,6.0E-7,2.0E-7,M2,2.7575E-5,1.2065E-5,4.0E-7,2.0E-7,M2,2.7575E-5,2.2E-6,2.0E-7,1.0065000000000001E-5,M2,2.7375E-5,2.2E-6,6.0E-7,2.0E-7,M2,4.6E-7,1.7575E-5,2.0E-7,6.0E-7,M2,4.6E-7,1.5445E-5,2.0E-7,2.53E-6,M2,2.0E-7,1.5445E-5,4.6E-7,2.0E-7,M2,2.0E-7,1.5045E-5,2.0E-7,6.0E-7,M2,3.198E-5,2.0555E-5,3.2E-7,7.2E-7,M2,2.8970000000000002E-5,1.925E-5,3.2E-7,7.2E-7,M2,1.745E-5,1.925E-5,3.2E-7,7.2E-7,M2,1.444E-5,2.0555E-5,3.2E-7,7.2E-7,M2,3.55E-6,1.8505E-5,3.2E-7,7.2E-7,M2,3.55E-6,5.9E-7,3.2E-7,1.12E-6,M2,3.55E-6,5.9E-7,1.12E-6,3.2E-7,M2,3.61E-6,6.5E-7,3.66E-6,2.0E-7,M2,7.07E-6,6.5E-7,2.0E-7,6.0E-7,M2,1.461E-5,1.26E-6,3.2E-7,7.2E-7,M2,9.18E-6,1.39E-6,3.2E-7,7.2E-7,M2,2.131E-5,2.14E-6,7.2E-7,3.2E-7,M2,3.402E-5,3.68E-6,7.2E-7,3.2E-7,M2,3.567E-5,4.0E-8,6.0E-7,2.0E-7,M2,1.0870000000000001E-5,4.0E-8,2.5E-5,2.0E-7,M2,1.047E-5,4.0E-8,6.0E-7,2.0E-7,M2,1.8705E-5,2.14E-6,7.2E-7,3.2E-7,M2,1.8905E-5,1.1205E-5,3.2E-7,1.12E-6,M2,1.8105E-5,1.2005E-5,1.12E-6,3.2E-7,M2,1.8765E-5,1.2065E-5,4.0E-7,2.0E-7,M2,1.8565E-5,1.2065E-5,6.0E-7,2.0E-7,M2,1.206E-5,3.74E-6,6.0E-7,2.0E-7,M2,1.2460000000000001E-5,3.74E-6,1.251E-5,2.0E-7,M2,2.4770000000000002E-5,2.2E-6,2.0E-7,1.74E-6,M2,2.4770000000000002E-5,2.2E-6,6.0E-7,2.0E-7,M3,3.947E-5,6.5E-7,2.0E-7,6.0E-7,M3,3.947E-5,6.5E-7,2.0E-7,1.8115000000000002E-5,M3,3.947E-5,1.8565E-5,1.0E-6,2.0E-7,M3,3.947E-5,1.7765E-5,2.0E-7,1.0E-6,M3,3.73E-5,1.45E-6,2.0E-7,6.0E-7,M3,3.73E-5,1.72E-6,2.0E-7,3.3E-7,M3,3.187E-5,1.72E-6,5.63E-6,2.0E-7,M3,3.187E-5,1.32E-6,2.0E-7,6.0E-7,M3,3.204E-5,2.0615E-5,2.0E-7,6.0E-7,M3,2.903E-5,2.1015E-5,3.21E-6,2.0E-7,M3,2.903E-5,1.971E-5,2.0E-7,1.505E-6,M3,2.903E-5,1.931E-5,2.0E-7,6.0E-7,M3,1.751E-5,1.931E-5,2.0E-7,6.0E-7,M3,1.751E-5,1.971E-5,2.0E-7,1.505E-6,M3,1.45E-5,2.1015E-5,3.21E-6,2.0E-7,M3,1.45E-5,2.0615E-5,2.0E-7,6.0E-7,M3,3.61E-6,1.8565E-5,2.0E-7,6.0E-7,M3,3.61E-6,6.5E-7,2.0E-7,1.8115000000000002E-5,M3,3.61E-6,6.5E-7,2.0E-7,1.0E-6,M3,3.61E-6,6.5E-7,1.0E-6,2.0E-7,M3,1.467E-5,1.32E-6,2.0E-7,6.0E-7,M3,1.467E-5,1.72E-6,2.0E-7,3.3E-7,M3,9.24E-6,1.85E-6,5.63E-6,2.0E-7,M3,9.24E-6,1.45E-6,2.0E-7,6.0E-7,M3,2.137E-5,2.2E-6,6.0E-7,2.0E-7,M3,2.177E-5,2.2E-6,2.0E-7,1.74E-6,M3,2.177E-5,3.74E-6,1.251E-5,2.0E-7,M3,3.408E-5,3.74E-6,6.0E-7,2.0E-7,M3,1.8765E-5,2.2E-6,6.0E-7,2.0E-7,M3,1.8965E-5,2.2E-6,2.0E-7,1.0065000000000001E-5,M3,1.8965E-5,1.1265E-5,2.0E-7,1.0E-6,M3,1.8165E-5,1.2065E-5,1.0E-6,2.0E-7,
M1,2.3350000000000002E-5,1.805E-6,1.9200000000000003E-6,1.6E-7,M1,3.179E-5,2.0E-8,6.4E-7,2.4000000000000003E-7,M1,1.619E-5,2.0E-8,6.4E-7,2.4000000000000003E-7,M1,3.142E-5,1.898E-5,2.4000000000000003E-7,6.4E-7,M1,2.93E-5,1.8540000000000002E-5,2.4000000000000003E-7,6.4E-7,M1,3.139E-5,5.800000000000001E-7,1.6E-7,1.816E-5,M1,3.139E-5,1.858E-5,1.42E-6,1.6E-7,M1,1.707E-5,5.800000000000001E-7,1.6E-7,1.816E-5,M1,1.581E-5,1.858E-5,1.42E-6,1.6E-7,M1,1.908E-5,1.9620000000000002E-5,2.4000000000000003E-7,6.4E-7,M1,2.93E-5,1.9620000000000002E-5,2.4000000000000003E-7,6.4E-7,M1,4.794E-5,1.898E-5,2.4000000000000003E-7,6.4E-7,M1,4.82E-5,1.502E-5,2.4000000000000003E-7,6.4E-7,M1,3.198E-5,1.0815E-5,1.6E-7,7.225E-6,M1,3.198E-5,1.0815E-5,1.4E-6,1.6E-7,M1,4.4E-7,1.898E-5,2.4000000000000003E-7,6.4E-7,M1,1.8E-7,1.502E-5,2.4000000000000003E-7,6.4E-7,M1,3.723E-5,4.7300000000000005E-6,2.4000000000000003E-7,6.4E-7,M1,2.975E-5,4.7300000000000005E-6,1.04E-6,2.4000000000000003E-7,M1,2.975E-5,3.9300000000000005E-6,2.4000000000000003E-7,1.04E-6,M1,2.979E-5,1.365E-6,1.6E-7,3.565E-6,M1,1.9070000000000002E-5,2.31E-6,6.4E-7,2.4000000000000003E-7,M1,1.446E-5,3.59E-6,6.4E-7,2.4000000000000003E-7,M1,3.352E-5,3.59E-6,6.4E-7,2.4000000000000003E-7,M1,2.891E-5,2.31E-6,6.4E-7,2.4000000000000003E-7,M1,2.2290000000000002E-5,2.31E-6,6.4E-7,2.4000000000000003E-7,M1,3.951E-5,1.656E-5,6.4E-7,2.4000000000000003E-7,M1,1.941E-5,1.7840000000000002E-5,6.4E-7,2.4000000000000003E-7,M1,1.604E-5,1.7840000000000002E-5,6.4E-7,2.4000000000000003E-7,M1,1.52E-5,1.0375E-5,2.4000000000000003E-7,6.4E-7,M1,1.604E-5,1.7840000000000002E-5,6.4E-7,2.4000000000000003E-7,M1,3.899E-5,4.685E-6,2.4000000000000003E-7,6.4E-7,M1,3.899E-5,3.9300000000000005E-6,2.4000000000000003E-7,1.04E-6,M1,3.819E-5,4.7300000000000005E-6,1.04E-6,2.4000000000000003E-7,M1,3.727E-5,4.77E-6,1.9200000000000003E-6,1.6E-7,M1,1.115E-5,4.7300000000000005E-6,2.4000000000000003E-7,6.4E-7,M1,1.0350000000000001E-5,4.685E-6,1.04E-6,2.4000000000000003E-7,M1,1.115E-5,4.685E-6,2.4000000000000003E-7,1.04E-6,M1,9.43E-6,4.7250000000000005E-6,1.9200000000000003E-6,1.6E-7,M1,2.8460000000000002E-5,2.006E-5,1.6E-7,8.6E-7,M1,2.8460000000000002E-5,2.076E-5,5.1E-7,1.6E-7,M1,3.194E-5,1.7840000000000002E-5,6.4E-7,2.4000000000000003E-7,M1,2.857E-5,1.7840000000000002E-5,6.4E-7,2.4000000000000003E-7,M1,1.912E-5,1.858E-5,1.6E-7,6.0E-7,M1,1.7E-5,1.902E-5,2.28E-6,1.6E-7,M1,2.003E-5,1.365E-6,2.4000000000000003E-7,6.4E-7,M1,1.6255E-5,1.745E-6,6.4E-7,2.4000000000000003E-7,M1,1.48E-5,1.785E-6,1.855E-6,1.6E-7,M1,2.569E-5,2.31E-6,6.4E-7,2.4000000000000003E-7,M1,8.47E-6,1.656E-5,6.4E-7,2.4000000000000003E-7,M1,1.115E-5,4.7300000000000005E-6,2.4000000000000003E-7,6.4E-7,M1,1.863E-5,3.9300000000000005E-6,2.4000000000000003E-7,1.04E-6,M1,1.783E-5,4.7300000000000005E-6,1.04E-6,2.4000000000000003E-7,M1,1.867E-5,1.365E-6,1.6E-7,3.565E-6,M1,2.0E-5,2.006E-5,1.6E-7,8.6E-7,M1,1.965E-5,2.076E-5,5.1E-7,1.6E-7,M1,2.835E-5,1.365E-6,2.4000000000000003E-7,6.4E-7,M1,3.1725E-5,1.745E-6,6.4E-7,2.4000000000000003E-7,M1,3.1965E-5,1.785E-6,1.855E-6,1.6E-7,M2,3.181E-5,4.0E-8,6.0E-7,2.0E-7,M2,1.6610000000000002E-5,4.0E-8,1.54E-5,2.0E-7,M2,1.621E-5,4.0E-8,6.0E-7,2.0E-7,M2,3.1440000000000004E-5,1.9E-5,2.0E-7,6.0E-7,M2,2.932E-5,1.9E-5,2.3200000000000002E-6,2.0E-7,M2,2.932E-5,1.8560000000000002E-5,2.0E-7,6.4E-7,M2,2.932E-5,1.8560000000000002E-5,2.0E-7,6.0E-7,M2,1.91E-5,1.9640000000000002E-5,2.0E-7,6.0E-7,M2,1.91E-5,2.004E-5,1.042E-5,2.0E-7,M2,2.932E-5,1.9640000000000002E-5,2.0E-7,6.0E-7,M2,4.79E-5,1.894E-5,3.2E-7,7.2E-7,M2,4.816E-5,1.498E-5,3.2E-7,7.2E-7,M2,4.0E-7,1.894E-5,3.2E-7,7.2E-7,M2,1.4E-7,1.498E-5,3.2E-7,7.2E-7,M2,3.725E-5,4.75E-6,2.0E-7,6.0E-7,M2,2.977E-5,4.75E-6,7.680000000000001E-6,2.0E-7,M2,2.977E-5,4.75E-6,1.0E-6,2.0E-7,M2,2.977E-5,3.95E-6,2.0E-7,1.0E-6,M2,1.903E-5,2.27E-6,7.2E-7,3.2E-7,M2,1.4420000000000001E-5,3.55E-6,7.2E-7,3.2E-7,M2,3.354E-5,3.61E-6,6.0E-7,2.0E-7,M2,3.354E-5,3.34E-6,2.0E-7,4.7E-7,M2,3.348E-5,3.08E-6,3.2E-7,7.2E-7,M2,2.887E-5,2.27E-6,7.2E-7,3.2E-7,M2,2.2250000000000002E-5,2.27E-6,7.2E-7,3.2E-7,M2,3.947E-5,1.652E-5,7.2E-7,3.2E-7,M2,1.9430000000000002E-5,1.7860000000000002E-5,6.0E-7,2.0E-7,M2,1.646E-5,1.7860000000000002E-5,3.37E-6,2.0E-7,M2,1.606E-5,1.7860000000000002E-5,6.0E-7,2.0E-7,M2,1.516E-5,1.0335E-5,3.2E-7,7.2E-7,M2,1.6E-5,1.78E-5,7.2E-7,3.2E-7,M2,3.901E-5,4.705E-6,2.0E-7,6.0E-7,M2,3.901E-5,4.705E-6,2.0E-7,2.45E-7,M2,3.901E-5,3.95E-6,2.0E-7,1.0E-6,M2,3.821E-5,4.75E-6,1.0E-6,2.0E-7,M2,1.117E-5,4.75E-6,2.0E-7,6.0E-7,M2,1.117E-5,4.705E-6,2.0E-7,2.45E-7,M2,1.037E-5,4.705E-6,1.0E-6,2.0E-7,M2,1.117E-5,4.705E-6,2.0E-7,1.0E-6,M2,3.196E-5,1.7860000000000002E-5,6.0E-7,2.0E-7,M2,2.879E-5,1.7860000000000002E-5,3.37E-6,2.0E-7,M2,2.859E-5,1.7860000000000002E-5,6.0E-7,2.0E-7,M2,1.999E-5,1.325E-6,3.2E-7,7.2E-7,M2,1.919E-5,1.705E-6,1.12E-6,3.2E-7,M2,1.999E-5,1.705E-6,3.2E-7,1.12E-6,M2,1.6475E-5,1.765E-6,3.7750000000000003E-6,2.0E-7,M2,1.6275E-5,1.765E-6,6.0E-7,2.0E-7,M2,2.571E-5,2.33E-6,6.0E-7,2.0E-7,M2,2.571E-5,2.33E-6,2.0E-7,1.445E-5,M2,8.89E-6,1.658E-5,1.702E-5,2.0E-7,M2,8.49E-6,1.658E-5,6.0E-7,2.0E-7,M2,1.117E-5,4.75E-6,2.0E-7,6.0E-7,M2,1.117E-5,4.75E-6,7.680000000000001E-6,2.0E-7,M2,1.865E-5,3.95E-6,2.0E-7,1.0E-6,M2,1.785E-5,4.75E-6,1.0E-6,2.0E-7,M2,2.8310000000000002E-5,1.325E-6,3.2E-7,7.2E-7,M2,2.8310000000000002E-5,1.705E-6,3.2E-7,1.12E-6,M2,2.8310000000000002E-5,1.705E-6,1.12E-6,3.2E-7,M2,2.837E-5,1.765E-6,3.7750000000000003E-6,2.0E-7,M2,3.1745E-5,1.765E-6,6.0E-7,2.0E-7,M3,4.796E-5,1.9E-5,2.0E-7,6.0E-7,M3,4.796E-5,1.9E-5,4.6E-7,2.0E-7,M3,4.822E-5,1.544E-5,2.0E-7,3.76E-6,M3,4.822E-5,1.504E-5,2.0E-7,6.0E-7,M3,4.6E-7,1.9E-5,2.0E-7,6.0E-7,M3,2.0E-7,1.9E-5,4.6E-7,2.0E-7,M3,2.0E-7,1.544E-5,2.0E-7,3.76E-6,M3,2.0E-7,1.504E-5,2.0E-7,6.0E-7,M3,1.9090000000000002E-5,2.33E-6,6.0E-7,2.0E-7,M3,1.9090000000000002E-5,2.33E-6,2.0E-7,1.21E-6,M3,1.9090000000000002E-5,3.34E-6,2.0E-7,4.7E-7,M3,1.488E-5,3.61E-6,4.41E-6,2.0E-7,M3,1.448E-5,3.61E-6,6.0E-7,2.0E-7,M3,3.354E-5,3.14E-6,2.0E-7,6.0E-7,M3,3.354E-5,2.33E-6,2.0E-7,1.21E-6,M3,2.9330000000000002E-5,2.33E-6,4.41E-6,2.0E-7,M3,2.893E-5,2.33E-6,6.0E-7,2.0E-7,M3,2.231E-5,2.33E-6,6.0E-7,2.0E-7,M3,2.271E-5,2.33E-6,2.0E-7,1.445E-5,M3,2.271E-5,1.658E-5,1.702E-5,2.0E-7,M3,3.953E-5,1.658E-5,6.0E-7,2.0E-7,M3,1.522E-5,1.0395E-5,2.0E-7,6.0E-7,M3,1.522E-5,1.0795E-5,1.44E-6,2.0E-7,M3,1.646E-5,1.0795E-5,2.0E-7,7.265E-6,M3,1.606E-5,1.7860000000000002E-5,6.0E-7,2.0E-7,M3,2.005E-5,1.385E-6,2.0E-7,6.0E-7,M3,2.005E-5,1.765E-6,2.0E-7,2.2E-7,M3,1.925E-5,1.765E-6,1.0E-6,2.0E-7,M3,2.005E-5,1.765E-6,2.0E-7,1.0E-6,M3,2.837E-5,1.385E-6,2.0E-7,6.0E-7,M3,2.837E-5,1.765E-6,2.0E-7,2.2E-7,M3,2.837E-5,1.765E-6,2.0E-7,1.0E-6,M3,2.837E-5,1.765E-6,1.0E-6,2.0E-7,
M1,3.073E-5,2.35E-6,1.6E-7,1.44E-6,M1,3.071E-5,2.35E-6,1.8E-7,1.6E-7,M1,2.647E-5,2.35E-6,1.8E-7,1.6E-7,M1,2.647E-5,2.35E-6,1.6E-7,1.44E-6,M1,3.9960000000000004E-5,2.5E-6,2.4000000000000003E-7,6.4E-7,M1,3.276E-5,1.365E-6,2.4000000000000003E-7,6.4E-7,M1,3.069E-5,9.65E-6,6.4E-7,2.4000000000000003E-7,M1,1.132E-5,1.558E-5,6.4E-7,2.4000000000000003E-7,M1,1.0520000000000001E-5,1.756E-5,2.4000000000000003E-7,6.4E-7,M1,1.0520000000000001E-5,7.2E-7,2.4000000000000003E-7,1.04E-6,M1,1.0520000000000001E-5,7.2E-7,1.04E-6,2.4000000000000003E-7,M1,1.056E-5,7.6E-7,2.62E-6,1.6E-7,M1,3.929E-5,2.0E-8,6.4E-7,2.4000000000000003E-7,M1,1.743E-5,2.0E-8,6.4E-7,2.4000000000000003E-7,M1,4.4E-7,1.8E-5,2.4000000000000003E-7,6.4E-7,M1,1.8E-7,1.4040000000000001E-5,2.4000000000000003E-7,6.4E-7,M1,1.54E-5,1.097E-5,1.6E-7,8.55E-7,M1,1.54E-5,1.097E-5,2.05E-7,1.6E-7,M1,1.472E-5,1.69E-5,2.8E-7,1.6E-7,M1,1.484E-5,1.356E-5,1.6E-7,3.5E-6,M1,1.63E-5,1.2865E-5,2.476E-5,1.6E-7,M1,3.418E-5,9.25E-7,2.4000000000000003E-7,6.4E-7,M1,3.41E-5,4.7300000000000005E-6,2.4000000000000003E-7,6.4E-7,M1,5.694E-5,1.4040000000000001E-5,2.4000000000000003E-7,6.4E-7,M1,5.668E-5,1.8E-5,2.4000000000000003E-7,6.4E-7,M1,1.2280000000000001E-5,4.77E-6,1.094E-5,1.6E-7,M1,1.2280000000000001E-5,4.77E-6,1.6E-7,1.45E-6,M1,4.05E-5,1.093E-5,6.4E-7,2.4000000000000003E-7,M1,3.97E-5,9.305E-6,1.04E-6,2.4000000000000003E-7,M1,4.05E-5,9.305E-6,2.4000000000000003E-7,1.04E-6,M1,3.6020000000000004E-5,9.345E-6,4.68E-6,1.6E-7,M1,3.578E-5,9.305E-6,6.4E-7,2.4000000000000003E-7,M1,3.273E-5,4.2900000000000004E-6,2.4000000000000003E-7,6.4E-7,M1,2.436E-5,1.365E-6,2.4000000000000003E-7,6.4E-7,M1,1.7160000000000002E-5,2.5E-6,2.4000000000000003E-7,6.4E-7,M1,2.302E-5,4.7300000000000005E-6,2.4000000000000003E-7,6.4E-7,M1,2.294E-5,9.25E-7,2.4000000000000003E-7,6.4E-7,M1,4.54E-5,1.558E-5,6.4E-7,2.4000000000000003E-7,M1,2.603E-5,9.65E-6,6.4E-7,2.4000000000000003E-7,M1,1.52E-5,1.8E-5,2.4000000000000003E-7,6.4E-7,M1,1.418E-5,1.2425E-5,2.4000000000000003E-7,6.4E-7,M1,2.4390000000000002E-5,4.2900000000000004E-6,2.4000000000000003E-7,6.4E-7,M1,1.622E-5,1.093E-5,6.4E-7,2.4000000000000003E-7,M1,4.1755E-5,1.097E-5,1.6E-7,8.55E-7,M1,4.1755E-5,1.1665000000000001E-5,2.05E-7,1.6E-7,M1,4.236E-5,1.69E-5,2.8E-7,1.6E-7,M1,4.236E-5,1.356E-5,1.6E-7,3.5E-6,M1,4.414E-5,7.2E-7,2.4000000000000003E-7,6.4E-7,M1,4.66E-5,1.756E-5,2.4000000000000003E-7,6.4E-7,M1,4.294E-5,1.2425E-5,2.4000000000000003E-7,6.4E-7,M1,4.192E-5,1.8E-5,2.4000000000000003E-7,6.4E-7,M1,2.7720000000000002E-5,1.805E-6,1.9200000000000003E-6,1.6E-7,M1,3.414E-5,4.77E-6,1.094E-5,1.6E-7,M1,4.4920000000000004E-5,4.77E-6,1.6E-7,1.45E-6,M2,3.9920000000000004E-5,2.46E-6,3.2E-7,7.2E-7,M2,3.272E-5,1.325E-6,3.2E-7,7.2E-7,M2,3.065E-5,9.61E-6,7.2E-7,3.2E-7,M2,1.4945E-5,1.554E-5,7.2E-7,3.2E-7,M2,1.174E-5,1.56E-5,3.665E-6,2.0E-7,M2,1.134E-5,1.56E-5,6.0E-7,2.0E-7,M2,1.048E-5,1.752E-5,3.2E-7,7.2E-7,M2,1.048E-5,6.800000000000001E-7,3.2E-7,1.12E-6,M2,1.048E-5,6.800000000000001E-7,1.12E-6,3.2E-7,M2,3.931E-5,4.0E-8,6.0E-7,2.0E-7,M2,1.765E-5,4.0E-8,2.206E-5,2.0E-7,M2,1.745E-5,4.0E-8,6.0E-7,2.0E-7,M2,4.0E-7,1.796E-5,3.2E-7,7.2E-7,M2,1.4E-7,1.4E-5,3.2E-7,7.2E-7,M2,3.414E-5,8.85E-7,3.2E-7,7.2E-7,M2,3.406E-5,4.69E-6,3.2E-7,7.2E-7,M2,5.69E-5,1.4E-5,3.2E-7,7.2E-7,M2,5.664E-5,1.796E-5,3.2E-7,7.2E-7,M2,4.052E-5,1.095E-5,6.0E-7,2.0E-7,M2,4.052E-5,9.325E-6,2.0E-7,1.825E-6,M2,3.972E-5,9.325E-6,1.0E-6,2.0E-7,M2,4.052E-5,9.325E-6,2.0E-7,1.0E-6,M2,3.574E-5,9.265E-6,7.2E-7,3.2E-7,M2,3.269E-5,4.25E-6,3.2E-7,7.2E-7,M2,2.438E-5,1.385E-6,2.0E-7,6.0E-7,M2,2.438E-5,1.785E-6,2.0E-7,1.335E-6,M2,1.718E-5,2.92E-6,7.4E-6,2.0E-7,M2,1.718E-5,2.52E-6,2.0E-7,6.0E-7,M2,2.298E-5,4.69E-6,3.2E-7,7.2E-7,M2,2.29E-5,8.85E-7,3.2E-7,7.2E-7,M2,4.536E-5,1.554E-5,7.2E-7,3.2E-7,M2,2.639E-5,1.554E-5,1.12E-6,3.2E-7,M2,2.639E-5,1.474E-5,3.2E-7,1.12E-6,M2,2.645E-5,9.67E-6,2.0E-7,6.13E-6,M2,2.605E-5,9.67E-6,6.0E-7,2.0E-7,M2,1.516E-5,1.796E-5,3.2E-7,7.2E-7,M2,1.414E-5,1.2385000000000001E-5,3.2E-7,7.2E-7,M2,2.435E-5,4.25E-6,3.2E-7,7.2E-7,M2,2.09E-5,9.265E-6,7.2E-7,3.2E-7,M2,1.664E-5,9.325E-6,4.72E-6,2.0E-7,M2,1.664E-5,9.325E-6,2.0E-7,1.825E-6,M2,1.624E-5,1.095E-5,6.0E-7,2.0E-7,M2,4.4160000000000004E-5,7.4E-7,2.0E-7,6.0E-7,M2,4.4160000000000004E-5,7.4E-7,2.66E-6,2.0E-7,M2,4.6620000000000004E-5,7.4E-7,2.0E-7,1.704E-5,M2,4.6620000000000004E-5,1.758E-5,2.0E-7,6.0E-7,M2,4.29E-5,1.2385000000000001E-5,3.2E-7,7.2E-7,M2,4.188E-5,1.796E-5,3.2E-7,7.2E-7,M3,3.998E-5,2.52E-6,2.0E-7,6.0E-7,M3,3.278E-5,2.92E-6,7.4E-6,2.0E-7,M3,3.278E-5,1.785E-6,2.0E-7,1.335E-6,M3,3.278E-5,1.385E-6,2.0E-7,6.0E-7,M3,3.065E-5,9.61E-6,7.2E-7,3.2E-7,M3,1.4945E-5,1.554E-5,7.2E-7,3.2E-7,M3,1.054E-5,1.758E-5,2.0E-7,6.0E-7,M3,1.054E-5,7.4E-7,2.0E-7,1.704E-5,M3,1.054E-5,7.4E-7,2.0E-7,1.0E-6,M3,1.054E-5,7.4E-7,1.0E-6,2.0E-7,M3,4.6E-7,1.802E-5,2.0E-7,6.0E-7,M3,4.6E-7,1.446E-5,2.0E-7,3.76E-6,M3,2.0E-7,1.446E-5,4.6E-7,2.0E-7,M3,2.0E-7,1.4060000000000001E-5,2.0E-7,6.0E-7,M3,3.414E-5,8.85E-7,3.2E-7,7.2E-7,M3,3.406E-5,4.69E-6,3.2E-7,7.2E-7,M3,5.6960000000000004E-5,1.4060000000000001E-5,2.0E-7,6.0E-7,M3,5.67E-5,1.446E-5,4.6E-7,2.0E-7,M3,5.67E-5,1.446E-5,2.0E-7,3.76E-6,M3,5.67E-5,1.802E-5,2.0E-7,6.0E-7,M3,3.58E-5,9.325E-6,6.0E-7,2.0E-7,M3,3.275E-5,9.325E-6,3.45E-6,2.0E-7,M3,3.275E-5,4.31E-6,2.0E-7,5.215E-6,M3,3.275E-5,4.31E-6,2.0E-7,6.0E-7,M3,2.304E-5,4.75E-6,2.0E-7,6.0E-7,M3,2.304E-5,1.345E-6,2.0E-7,3.6050000000000002E-6,M3,2.218E-5,1.285E-6,1.12E-6,3.2E-7,M3,2.298E-5,1.285E-6,3.2E-7,1.12E-6,M3,2.29E-5,8.85E-7,3.2E-7,7.2E-7,M3,4.536E-5,1.554E-5,7.2E-7,3.2E-7,M3,4.1695E-5,1.554E-5,7.2E-7,3.2E-7,M3,2.645E-5,1.56E-5,1.5705E-5,2.0E-7,M3,2.645E-5,1.56E-5,1.0E-6,2.0E-7,M3,2.645E-5,1.48E-5,2.0E-7,1.0E-6,M3,1.522E-5,1.802E-5,2.0E-7,6.0E-7,M3,1.42E-5,1.802E-5,1.22E-6,2.0E-7,M3,1.42E-5,1.2845E-5,2.0E-7,5.375E-6,M3,1.42E-5,1.2445E-5,2.0E-7,6.0E-7,M3,2.4410000000000002E-5,4.31E-6,2.0E-7,6.0E-7,M3,2.4410000000000002E-5,4.31E-6,2.0E-7,5.215E-6,M3,2.116E-5,9.325E-6,3.45E-6,2.0E-7,M3,2.096E-5,9.325E-6,6.0E-7,2.0E-7,M3,4.296E-5,1.2445E-5,2.0E-7,6.0E-7,M3,4.296E-5,1.2845E-5,2.0E-7,5.375E-6,M3,4.194E-5,1.802E-5,1.22E-6,2.0E-7,M3,4.194E-5,1.802E-5,2.0E-7,6.0E-7,M4,3.065E-5,9.61E-6,7.2E-7,3.2E-7,M4,1.4945E-5,1.554E-5,7.2E-7,3.2E-7,M4,3.414E-5,8.85E-7,3.2E-7,7.2E-7,M4,3.406E-5,4.69E-6,3.2E-7,7.2E-7,M4,2.224E-5,1.345E-6,1.0E-6,2.0E-7,M4,2.304E-5,1.345E-6,2.0E-7,1.0E-6,M4,2.296E-5,1.345E-6,2.8E-7,2.0E-7,M4,2.296E-5,9.450000000000001E-7,2.0E-7,6.0E-7,M4,4.536E-5,1.554E-5,7.2E-7,3.2E-7,M4,4.1695E-5,1.554E-5,7.2E-7,3.2E-7,M5,3.071E-5,9.67E-6,6.0E-7,2.0E-7,M5,3.071E-5,9.67E-6,2.0E-7,6.13E-6,M5,1.5205000000000001E-5,1.56E-5,1.5705E-5,2.0E-7,M5,1.5005E-5,1.56E-5,6.0E-7,2.0E-7,M5,3.414E-5,8.85E-7,3.2E-7,7.2E-7,M5,3.406E-5,4.69E-6,3.2E-7,7.2E-7,M5,4.536E-5,1.554E-5,7.2E-7,3.2E-7,M5,4.1695E-5,1.554E-5,7.2E-7,3.2E-7,M6,3.42E-5,9.450000000000001E-7,2.0E-7,6.0E-7,M6,3.412E-5,1.345E-6,2.8E-7,2.0E-7,M6,3.412E-5,1.345E-6,2.0E-7,3.6050000000000002E-6,M6,3.412E-5,4.75E-6,2.0E-7,6.0E-7,M6,4.542E-5,1.56E-5,6.0E-7,2.0E-7,M6,4.1955E-5,1.56E-5,3.665E-6,2.0E-7,M6,4.1755E-5,1.56E-5,6.0E-7,2.0E-7,
M1,2.345E-5,2.0E-8,6.4E-7,2.4000000000000003E-7,M1,3.923E-5,2.0E-8,6.4E-7,2.4000000000000003E-7,M1,1.882E-5,1.4940000000000001E-5,2.4000000000000003E-7,6.4E-7,M1,1.518E-5,1.4845000000000001E-5,6.4E-7,2.4000000000000003E-7,M1,1.49E-5,1.7675E-5,2.4000000000000003E-7,6.4E-7,M1,1.794E-5,1.4940000000000001E-5,2.4000000000000003E-7,6.4E-7,M1,2.732E-5,1.365E-6,2.4000000000000003E-7,6.4E-7,M1,2.1740000000000002E-5,1.32E-6,2.4000000000000003E-7,6.4E-7,M1,1.8E-7,1.2025000000000001E-5,2.4000000000000003E-7,6.4E-7,M1,4.4E-7,1.5985E-5,2.4000000000000003E-7,6.4E-7,M1,4.134E-5,1.32E-6,2.4000000000000003E-7,6.4E-7,M1,3.576E-5,1.365E-6,2.4000000000000003E-7,6.4E-7,M1,1.794E-5,1.396E-5,2.4000000000000003E-7,6.4E-7,M1,4.514E-5,1.396E-5,2.4000000000000003E-7,6.4E-7,M1,7.76E-6,1.5545E-5,2.4000000000000003E-7,6.4E-7,M1,8.49E-6,5.2E-7,2.4000000000000003E-7,6.4E-7,M1,2.092E-5,1.044E-5,2.4000000000000003E-7,6.4E-7,M1,1.8265E-5,1.326E-5,6.4E-7,2.4000000000000003E-7,M1,4.216E-5,1.044E-5,2.4000000000000003E-7,6.4E-7,M1,4.4415E-5,1.326E-5,6.4E-7,2.4000000000000003E-7,M1,3.723E-5,1.365E-6,1.6E-7,1.0115E-5,M1,3.723E-5,1.132E-5,6.46E-6,1.6E-7,M1,6.29E-5,1.2025000000000001E-5,2.4000000000000003E-7,6.4E-7,M1,6.264E-5,1.5985E-5,2.4000000000000003E-7,6.4E-7,M1,4.75E-5,1.4845000000000001E-5,6.4E-7,2.4000000000000003E-7,M1,4.426E-5,1.4940000000000001E-5,2.4000000000000003E-7,6.4E-7,M1,1.407E-5,3.5E-6,6.4E-7,2.4000000000000003E-7,M1,3.304E-5,2.31E-6,6.4E-7,2.4000000000000003E-7,M1,2.593E-5,1.365E-6,1.6E-7,1.0115E-5,M1,1.963E-5,1.132E-5,6.46E-6,1.6E-7,M1,4.43E-5,1.33E-5,1.6E-7,8.6E-7,M1,4.43E-5,1.33E-5,5.2E-7,1.6E-7,M1,3.635E-5,2.31E-6,6.4E-7,2.4000000000000003E-7,M1,4.25E-5,1.198E-5,6.4E-7,2.4000000000000003E-7,M1,4.8610000000000004E-5,3.5E-6,6.4E-7,2.4000000000000003E-7,M1,2.964E-5,2.31E-6,6.4E-7,2.4000000000000003E-7,M1,2.018E-5,1.198E-5,6.4E-7,2.4000000000000003E-7,M1,2.633E-5,2.31E-6,6.4E-7,2.4000000000000003E-7,M1,4.514E-5,1.4940000000000001E-5,2.4000000000000003E-7,6.4E-7,M1,4.818E-5,1.7675E-5,2.4000000000000003E-7,6.4E-7,M1,5.4590000000000004E-5,5.2E-7,2.4000000000000003E-7,6.4E-7,M1,5.532E-5,1.5545E-5,2.4000000000000003E-7,6.4E-7,M1,3.07E-5,1.805E-6,1.9200000000000003E-6,1.6E-7,M1,1.503E-5,4.68E-6,1.6E-7,2.5E-7,M1,1.503E-5,4.77E-6,1.9200000000000003E-6,1.6E-7,M1,4.637E-5,4.68E-6,1.6E-7,2.5E-7,M1,4.637E-5,4.68E-6,1.9200000000000003E-6,1.6E-7,M1,1.886E-5,1.33E-5,1.6E-7,8.6E-7,M1,1.85E-5,1.33E-5,5.2E-7,1.6E-7,M2,2.347E-5,4.0E-8,6.0E-7,2.0E-7,M2,2.387E-5,4.0E-8,1.558E-5,2.0E-7,M2,3.925E-5,4.0E-8,6.0E-7,2.0E-7,M2,1.878E-5,1.49E-5,3.2E-7,7.2E-7,M2,1.514E-5,1.4805E-5,7.2E-7,3.2E-7,M2,1.486E-5,1.7635E-5,3.2E-7,7.2E-7,M2,1.79E-5,1.49E-5,3.2E-7,7.2E-7,M2,2.734E-5,1.385E-6,2.0E-7,6.0E-7,M2,2.734E-5,1.74E-6,2.0E-7,2.45E-7,M2,2.1760000000000002E-5,1.74E-6,5.78E-6,2.0E-7,M2,2.1760000000000002E-5,1.34E-6,2.0E-7,6.0E-7,M2,2.0E-7,1.2045E-5,2.0E-7,6.0E-7,M2,2.0E-7,1.2445E-5,4.6E-7,2.0E-7,M2,4.6E-7,1.2445E-5,2.0E-7,3.76E-6,M2,4.6E-7,1.6005E-5,2.0E-7,6.0E-7,M2,4.13E-5,1.28E-6,3.2E-7,7.2E-7,M2,3.5720000000000004E-5,1.325E-6,3.2E-7,7.2E-7,M2,1.796E-5,1.398E-5,2.0E-7,6.0E-7,M2,1.796E-5,1.398E-5,2.7400000000000002E-5,2.0E-7,M2,4.516E-5,1.398E-5,2.0E-7,6.0E-7,M2,7.78E-6,1.5565E-5,2.0E-7,6.0E-7,M2,7.78E-6,5.4E-7,2.0E-7,1.5225E-5,M2,7.72E-6,4.800000000000001E-7,3.2E-7,1.12E-6,M2,7.72E-6,4.800000000000001E-7,1.12E-6,3.2E-7,M2,8.45E-6,4.800000000000001E-7,3.2E-7,7.2E-7,M2,2.094E-5,1.046E-5,2.0E-7,6.0E-7,M2,1.8485E-5,1.0860000000000001E-5,2.655E-6,2.0E-7,M2,1.8485E-5,1.0860000000000001E-5,2.0E-7,2.62E-6,M2,1.8285000000000002E-5,1.328E-5,6.0E-7,2.0E-7,M2,4.218E-5,1.046E-5,2.0E-7,6.0E-7,M2,4.218E-5,1.0860000000000001E-5,2.655E-6,2.0E-7,M2,4.4635E-5,1.0860000000000001E-5,2.0E-7,2.62E-6,M2,4.4435000000000004E-5,1.328E-5,6.0E-7,2.0E-7,M2,6.292E-5,1.2045E-5,2.0E-7,6.0E-7,M2,6.266E-5,1.2445E-5,4.6E-7,2.0E-7,M2,6.266E-5,1.2445E-5,2.0E-7,3.76E-6,M2,6.266E-5,1.6005E-5,2.0E-7,6.0E-7,M2,4.746E-5,1.4805E-5,7.2E-7,3.2E-7,M2,4.422E-5,1.49E-5,3.2E-7,7.2E-7,M2,1.409E-5,3.52E-6,6.0E-7,2.0E-7,M2,1.449E-5,3.52E-6,1.877E-5,2.0E-7,M2,3.306E-5,2.33E-6,2.0E-7,1.39E-6,M2,3.306E-5,2.33E-6,6.0E-7,2.0E-7,M2,3.637E-5,2.33E-6,6.0E-7,2.0E-7,M2,3.677E-5,2.33E-6,2.0E-7,9.87E-6,M2,3.677E-5,1.2E-5,5.95E-6,2.0E-7,M2,4.252E-5,1.2E-5,6.0E-7,2.0E-7,M2,4.8570000000000004E-5,3.46E-6,7.2E-7,3.2E-7,M2,2.96E-5,2.27E-6,7.2E-7,3.2E-7,M2,2.014E-5,1.1940000000000001E-5,7.2E-7,3.2E-7,M2,2.629E-5,2.27E-6,7.2E-7,3.2E-7,M2,4.51E-5,1.49E-5,3.2E-7,7.2E-7,M2,4.814E-5,1.7635E-5,3.2E-7,7.2E-7,M2,5.461E-5,5.4E-7,2.0E-7,6.0E-7,M2,5.461E-5,5.4E-7,2.0E-7,1.5225E-5,M2,5.455E-5,1.5505E-5,1.12E-6,3.2E-7,M2,5.455E-5,1.4705E-5,3.2E-7,1.12E-6,M2,5.528E-5,1.5505E-5,3.2E-7,7.2E-7,M3,1.878E-5,1.49E-5,3.2E-7,7.2E-7,M3,1.514E-5,1.4805E-5,7.2E-7,3.2E-7,M3,1.4920000000000001E-5,1.7695E-5,2.0E-7,6.0E-7,M3,1.4920000000000001E-5,1.8095E-5,3.24E-6,2.0E-7,M3,1.796E-5,1.5360000000000002E-5,2.0E-7,2.935E-6,M3,1.796E-5,1.496E-5,2.0E-7,6.0E-7,M3,4.1360000000000004E-5,1.34E-6,2.0E-7,6.0E-7,M3,3.578E-5,1.74E-6,5.78E-6,2.0E-7,M3,3.578E-5,1.74E-6,2.0E-7,2.45E-7,M3,3.578E-5,1.385E-6,2.0E-7,6.0E-7,M3,7.78E-6,5.4E-7,2.0E-7,1.0E-6,M3,7.78E-6,5.4E-7,1.0E-6,2.0E-7,M3,7.78E-6,5.4E-7,9.3E-7,2.0E-7,M3,8.51E-6,5.4E-7,2.0E-7,6.0E-7,M3,4.746E-5,1.4805E-5,7.2E-7,3.2E-7,M3,4.422E-5,1.49E-5,3.2E-7,7.2E-7,M3,4.863E-5,3.52E-6,6.0E-7,2.0E-7,M3,3.006E-5,3.52E-6,1.877E-5,2.0E-7,M3,3.006E-5,2.33E-6,2.0E-7,1.39E-6,M3,2.966E-5,2.33E-6,6.0E-7,2.0E-7,M3,2.014E-5,1.1940000000000001E-5,7.2E-7,3.2E-7,M3,2.629E-5,1.114E-5,3.2E-7,1.12E-6,M3,2.549E-5,1.1940000000000001E-5,1.12E-6,3.2E-7,M3,2.635E-5,2.33E-6,2.0E-7,9.87E-6,M3,2.635E-5,2.33E-6,6.0E-7,2.0E-7,M3,4.516E-5,1.496E-5,2.0E-7,6.0E-7,M3,4.516E-5,1.5360000000000002E-5,2.0E-7,2.935E-6,M3,4.516E-5,1.8095E-5,3.24E-6,2.0E-7,M3,4.82E-5,1.7695E-5,2.0E-7,6.0E-7,M3,5.461E-5,1.5565E-5,1.0E-6,2.0E-7,M3,5.461E-5,1.4765E-5,2.0E-7,1.0E-6,M3,5.461E-5,1.5565E-5,9.3E-7,2.0E-7,M3,5.534E-5,1.5565E-5,2.0E-7,6.0E-7,M4,1.884E-5,1.496E-5,2.0E-7,6.0E-7,M4,1.884E-5,1.4865E-5,2.0E-7,6.95E-7,M4,1.56E-5,1.4865E-5,3.44E-6,2.0E-7,M4,1.52E-5,1.4865E-5,6.0E-7,2.0E-7,M4,4.752E-5,1.4865E-5,6.0E-7,2.0E-7,M4,4.752E-5,1.4865E-5,2.0E-7,6.95E-7,M4,4.428E-5,1.5360000000000002E-5,3.44E-6,2.0E-7,M4,4.428E-5,1.496E-5,2.0E-7,6.0E-7,M4,2.02E-5,1.2E-5,6.0E-7,2.0E-7,M4,2.06E-5,1.2E-5,5.95E-6,2.0E-7,M4,2.635E-5,1.12E-5,2.0E-7,1.0E-6,M4,2.555E-5,1.2E-5,1.0E-6,2.0E-7,
M1,3.31E-6,6.6E-7,2.4000000000000003E-7,6.4E-7,M1,3.53E-6,1.5555E-5,2.4000000000000003E-7,6.4E-7,M1,4.636E-5,1.6035E-5,2.28E-6,1.6E-7,M1,4.584E-5,1.4895E-5,3.32E-6,1.6E-7,M1,1.636E-5,1.6035E-5,2.28E-6,1.6E-7,M1,4.629E-5,4.96E-6,3.4500000000000003E-7,1.6E-7,M1,4.6475E-5,4.96E-6,1.7350000000000001E-6,1.6E-7,M1,6.432000000000001E-5,1.5995000000000002E-5,2.4000000000000003E-7,6.4E-7,M1,6.458E-5,1.2035E-5,2.4000000000000003E-7,6.4E-7,M1,4.853E-5,1.3575E-5,6.4E-7,2.4000000000000003E-7,M1,3.048E-5,2.0E-8,6.4E-7,2.4000000000000003E-7,M1,3.388E-5,2.0E-8,6.4E-7,2.4000000000000003E-7,M1,1.583E-5,1.3575E-5,6.4E-7,2.4000000000000003E-7,M1,4.4E-7,1.5995000000000002E-5,2.4000000000000003E-7,6.4E-7,M1,1.8E-7,1.2035E-5,2.4000000000000003E-7,6.4E-7,M1,1.679E-5,4.96E-6,1.7350000000000001E-6,1.6E-7,M1,1.8365E-5,4.96E-6,3.4500000000000003E-7,1.6E-7,M1,3.779E-5,9.25E-7,2.4000000000000003E-7,6.4E-7,M1,3.989E-5,6.51E-6,2.4000000000000003E-7,6.4E-7,M1,3.648E-5,1.9E-6,5.78E-6,1.6E-7,M1,3.648E-5,1.805E-6,1.6E-7,2.55E-7,M1,4.537E-5,1.4895E-5,1.6E-7,8.6E-7,M1,4.537E-5,1.5595E-5,2.7E-7,1.6E-7,M1,3.9240000000000004E-5,2.35E-6,1.6E-7,1.63E-6,M1,3.739E-5,2.35E-6,2.0100000000000002E-6,1.6E-7,M1,2.006E-5,1.682E-5,2.488E-5,1.6E-7,M1,2.487E-5,6.51E-6,2.4000000000000003E-7,6.4E-7,M1,2.697E-5,9.25E-7,2.4000000000000003E-7,6.4E-7,M1,2.832E-5,1.365E-6,2.4000000000000003E-7,6.4E-7,M1,2.832E-5,1.06E-6,2.4000000000000003E-7,1.04E-6,M1,2.752E-5,1.86E-6,1.04E-6,2.4000000000000003E-7,M1,2.274E-5,1.9E-6,5.78E-6,1.6E-7,M1,2.56E-5,2.35E-6,1.6E-7,1.63E-6,M1,2.56E-5,2.35E-6,2.0100000000000002E-6,1.6E-7,M1,1.936E-5,1.4895E-5,1.6E-7,8.6E-7,M1,1.936E-5,1.4895E-5,2.7E-7,1.6E-7,M1,1.947E-5,1.4855000000000001E-5,6.4E-7,2.4000000000000003E-7,M1,1.972E-5,4.48E-6,2.4000000000000003E-7,6.4E-7,M1,1.584E-5,1.4895E-5,3.32E-6,1.6E-7,M1,4.489E-5,1.4855000000000001E-5,6.4E-7,2.4000000000000003E-7,M1,4.504E-5,4.48E-6,2.4000000000000003E-7,6.4E-7,M1,6.145E-5,6.6E-7,2.4000000000000003E-7,6.4E-7,M1,6.123E-5,1.5555E-5,2.4000000000000003E-7,6.4E-7,M1,3.154E-5,1.805E-6,1.9200000000000003E-6,1.6E-7,M1,2.453E-5,2.5E-6,6.4E-7,2.4000000000000003E-7,M1,3.983E-5,2.5E-6,6.4E-7,2.4000000000000003E-7,M2,3.33E-6,6.800000000000001E-7,2.0E-7,6.0E-7,M2,3.33E-6,6.800000000000001E-7,2.0E-7,1.5095E-5,M2,3.33E-6,1.5575E-5,4.2E-7,2.0E-7,M2,3.55E-6,1.5575E-5,2.0E-7,6.0E-7,M2,6.434E-5,1.6015E-5,2.0E-7,6.0E-7,M2,6.434E-5,1.2455E-5,2.0E-7,3.76E-6,M2,6.434E-5,1.2455E-5,4.6E-7,2.0E-7,M2,6.46E-5,1.2055E-5,2.0E-7,6.0E-7,M2,4.849E-5,1.3535E-5,7.2E-7,3.2E-7,M2,3.044E-5,-2.0E-8,7.2E-7,3.2E-7,M2,3.384E-5,-2.0E-8,7.2E-7,3.2E-7,M2,1.579E-5,1.3535E-5,7.2E-7,3.2E-7,M2,4.6E-7,1.6015E-5,2.0E-7,6.0E-7,M2,4.6E-7,1.2455E-5,2.0E-7,3.76E-6,M2,2.0E-7,1.2455E-5,4.6E-7,2.0E-7,M2,2.0E-7,1.2055E-5,2.0E-7,6.0E-7,M2,3.775E-5,8.85E-7,3.2E-7,7.2E-7,M2,3.985E-5,6.47E-6,3.2E-7,7.2E-7,M2,2.483E-5,6.47E-6,3.2E-7,7.2E-7,M2,2.693E-5,8.85E-7,3.2E-7,7.2E-7,M2,2.834E-5,1.385E-6,2.0E-7,6.0E-7,M2,2.834E-5,1.785E-6,2.0E-7,2.95E-7,M2,2.834E-5,1.08E-6,2.0E-7,1.0E-6,M2,2.754E-5,1.88E-6,1.0E-6,2.0E-7,M2,1.949E-5,1.4875E-5,6.0E-7,2.0E-7,M2,1.969E-5,4.5E-6,2.0E-7,1.0575E-5,M2,1.969E-5,4.5E-6,2.5E-7,2.0E-7,M2,1.974E-5,4.5E-6,2.0E-7,6.0E-7,M2,4.491E-5,1.4875E-5,6.0E-7,2.0E-7,M2,4.511E-5,4.5E-6,2.0E-7,1.0575E-5,M2,4.506E-5,4.5E-6,2.5E-7,2.0E-7,M2,4.506E-5,4.5E-6,2.0E-7,6.0E-7,M2,6.147E-5,6.800000000000001E-7,2.0E-7,6.0E-7,M2,6.147E-5,6.800000000000001E-7,2.0E-7,1.5095E-5,M2,6.125E-5,1.5575E-5,4.2E-7,2.0E-7,M2,6.125E-5,1.5575E-5,2.0E-7,6.0E-7,M2,2.455E-5,2.52E-6,6.0E-7,2.0E-7,M2,2.495E-5,2.52E-6,1.5100000000000001E-5,2.0E-7,M2,3.985E-5,2.52E-6,6.0E-7,2.0E-7,M3,4.855E-5,1.3595000000000001E-5,6.0E-7,2.0E-7,M3,3.09E-5,1.3595000000000001E-5,1.785E-5,2.0E-7,M3,3.09E-5,4.0E-8,2.0E-7,1.3755E-5,M3,3.05E-5,4.0E-8,6.0E-7,2.0E-7,M3,3.384E-5,-2.0E-8,7.2E-7,3.2E-7,M3,1.579E-5,1.3535E-5,7.2E-7,3.2E-7,M3,3.775E-5,8.85E-7,3.2E-7,7.2E-7,M3,3.985E-5,6.47E-6,3.2E-7,7.2E-7,M3,2.483E-5,6.47E-6,3.2E-7,7.2E-7,M3,2.693E-5,8.85E-7,3.2E-7,7.2E-7,M4,3.3900000000000004E-5,4.0E-8,6.0E-7,2.0E-7,M4,3.3900000000000004E-5,4.0E-8,2.0E-7,1.3755E-5,M4,3.384E-5,1.2735000000000001E-5,3.2E-7,1.12E-6,M4,3.304E-5,1.3535E-5,1.12E-6,3.2E-7,M4,1.579E-5,1.3535E-5,7.2E-7,3.2E-7,M4,3.781E-5,9.450000000000001E-7,2.0E-7,6.0E-7,M4,3.781E-5,1.345E-6,2.3E-6,2.0E-7,M4,3.991E-5,1.345E-6,2.0E-7,5.7850000000000005E-6,M4,3.991E-5,6.53E-6,2.0E-7,6.0E-7,M4,2.483E-5,6.47E-6,3.2E-7,7.2E-7,M4,2.693E-5,8.85E-7,3.2E-7,7.2E-7,M5,3.3900000000000004E-5,1.2795E-5,2.0E-7,1.0E-6,M5,3.31E-5,1.3595000000000001E-5,1.0E-6,2.0E-7,M5,1.6250000000000002E-5,1.3595000000000001E-5,1.785E-5,2.0E-7,M5,1.585E-5,1.3595000000000001E-5,6.0E-7,2.0E-7,M5,2.489E-5,6.53E-6,2.0E-7,6.0E-7,M5,2.489E-5,1.345E-6,2.0E-7,5.7850000000000005E-6,M5,2.489E-5,1.345E-6,2.3E-6,2.0E-7,M5,2.699E-5,9.450000000000001E-7,2.0E-7,6.0E-7,
